,fold,sampler,pvalue,loss
0,ind,ClusterSampler,1.9782574303683305e-12,"[    0.19124           1           1     0.34832      0.4468     0.27416           1           1     0.18707     0.21695    0.087839    0.047133    0.083118     0.10948     0.57606     0.14728     0.15358     0.10989     0.11323     0.12848    0.051964     0.27561     0.12214     0.11389     0.19044    0.074842
    0.084558    0.024489    0.068993    0.093205     0.11544     0.12667     0.11162      0.9977     0.71763     0.04978    0.016108    0.043468    0.014413    0.039234    0.038811     0.16631    0.012995     0.20112    0.020274    0.070036    0.028256    0.026279    0.027974    0.029552]"
0,ind,ClusterSampler,7.527005327674752e-06,"[   0.022528    0.025959     0.03031     0.64128    0.086731     0.18887      0.2362           1           1     0.66925     0.10242     0.13964    0.097206           1     0.15078     0.10883    0.081644     0.12907     0.29459     0.36437     0.22925     0.22827     0.27242     0.14238      0.1218     0.11748
    0.065925    0.092642     0.21878     0.22113     0.31326    0.092439     0.10963    0.064424     0.10931    0.096347    0.073236     0.05322    0.083888     0.19493     0.41607     0.22207     0.31532     0.55524     0.52172     0.21081    0.068611    0.095952     0.37993     0.40753]"
0,ind,ClusterSampler,0.008674643734299154,"[   0.049277     0.35512      0.2023     0.59842    0.016031    0.055048      0.7851    0.060976     0.19214     0.76949     0.59056     0.54616     0.44769     0.55234     0.18005     0.22019    0.071921      0.1348     0.10753     0.10287     0.10597    0.086238    0.080886    0.077948     0.11565     0.53427
           1     0.13222    0.036069    0.067523    0.065913    0.037661    0.043665     0.05287     0.72288     0.72046     0.67048     0.62529     0.01529    0.012313   0.0098245    0.018342    0.033018    0.028525    0.032861    0.081057    0.080265    0.059111    0.067914     0.12143]"
0,ind,ClusterSampler,0.00024016885633722725,"[   0.068438    0.060247    0.061147    0.097555    0.063406    0.079321       0.107     0.18123    0.059184    0.080227     0.10003     0.14177    0.083186    0.058422     0.11206     0.45359     0.43565    0.061083     0.33527     0.17266      0.3732     0.13793    0.058101     0.72289    0.066687    0.080084
    0.037661     0.37179     0.82256    0.038619    0.018941    0.097536     0.25042    0.074305     0.49141     0.62156    0.060058    0.051362           1    0.081162    0.088871     0.08139     0.17127       0.129    0.086673    0.089865    0.071441    0.066953    0.062801    0.078312]"
0,ind,ClusterSampler,0.00019131863736034733,"[    0.34157     0.16013    0.098046    0.082142     0.12207     0.16721     0.13711     0.11567    0.092895     0.08034     0.09541     0.67186     0.71955     0.69948     0.55728     0.53325     0.64114           1    0.011139     0.91607    0.071155    0.034537    0.074373    0.067085     0.51043     0.12433
     0.03029     0.14394     0.18438     0.10931     0.10728     0.29316    0.046392     0.13504    0.014879    0.096406     0.43481     0.60971      0.1142     0.16354     0.53426     0.57591     0.54515    0.072991    0.086531     0.14686     0.21372      0.3911     0.37176     0.06723]"
0,ind,ClusterSampler,1.7813235335321902e-33,"[     0.0629    0.017133    0.023305    0.024233    0.019018    0.018032    0.021972    0.034868    0.014028    0.020812    0.023418    0.016798    0.015849    0.014615     0.01397    0.014206    0.013162    0.015291    0.011708    0.018187    0.016154    0.015012     0.01407    0.013806     0.02089    0.036873
    0.021796    0.015262    0.043724     0.31389     0.33999     0.59505     0.16134     0.18136     0.47746     0.31641     0.37073     0.47058     0.60776     0.47131     0.43966     0.25759    0.078926    0.048099    0.048455    0.050621    0.044777    0.040149      0.0412    0.037793]"
0,ind,ClusterSampler,2.2305576203473523e-13,"[   0.027496    0.037294    0.028677    0.031318     0.04223    0.045909    0.047112     0.03455    0.029981    0.055485    0.053945     0.23301       0.173     0.33728     0.37621     0.24047      0.2148    0.046328     0.20817     0.62075     0.17973     0.20066     0.05719     0.17456     0.57591       0.156
     0.14686     0.59989     0.06723    0.093114    0.045479      0.2578      0.7294     0.11866     0.19843     0.12387    0.036873    0.043505     0.16069     0.21813     0.14363     0.48706     0.10844    0.021838    0.012853    0.012403     0.23999     0.10358    0.083447     0.12921]"
0,ind,ClusterSampler,8.774780477141702e-15,"[   0.057792     0.10491     0.06543     0.15646    0.051956    0.074878    0.036854     0.61449     0.71646     0.70849     0.73911     0.60127      0.6515     0.38373     0.45698     0.60318     0.36369     0.53187     0.37934     0.32082     0.82274     0.26289     0.43148     0.62545     0.13044           1
     0.42594      0.7849     0.62043           1     0.99908     0.99227     0.77709    0.057355     0.19921     0.11283     0.67351     0.88898           1           1     0.82051           1    0.096462     0.92481    0.068365    0.068747     0.15749    0.083337     0.09886     0.21514]"
0,ind,ClusterSampler,0.0004666141462373024,"[   0.051309     0.15168     0.12023     0.13476    0.088418    0.095625     0.10276     0.10084    0.050231     0.11017     0.66279     0.74333     0.94166    0.013189           1     0.54062    0.090025       0.123    0.097728    0.023957     0.88391    0.027349     0.04922    0.094982    0.035721    0.027372
    0.036069    0.025316    0.021614    0.040135     0.02975    0.031225     0.10407    0.029825    0.099263    0.079787    0.020599     0.11884    0.052603    0.049059     0.22017     0.18245    0.032484    0.030593    0.029829     0.03374    0.030554     0.03029    0.018289      0.0207]"
0,ind,ClusterSampler,1.5838677128261433e-11,"[   0.021988    0.042964    0.035249    0.025413     0.12926     0.10823    0.072986    0.062409     0.31057     0.24945     0.33326     0.18311     0.27997     0.12973    0.091928     0.15712     0.16708     0.47537      0.4974     0.48302     0.52448     0.50933      0.3684     0.50581     0.10343     0.11931
     0.06232     0.11816     0.17113     0.10363    0.060467    0.051478     0.24521     0.36751     0.37961     0.65435     0.39236     0.42635     0.33854     0.23617       0.205    0.059717     0.10219    0.087921     0.34777     0.39754           1     0.83996     0.41488     0.14728]"
0,ind,ClusterSampler,6.457541418962002e-09,"[    0.18528     0.21666     0.05835    0.040009     0.23769      0.2115     0.13274     0.29542     0.35117     0.24721     0.42996     0.48849      0.6766     0.44535     0.32928     0.49827     0.93837       0.701     0.57931      0.5696      0.7302     0.38206     0.27969     0.11657    0.087574     0.83745
     0.99098     0.10844     0.21364     0.41311     0.11875     0.12279    0.074606     0.27446    0.012635    0.029404      0.1316     0.23754    0.084251    0.065971     0.41865     0.41783     0.62049     0.67939     0.78035     0.59504     0.40035     0.59428     0.36485     0.13922]"
0,ind,ClusterSampler,1.0367072483612138e-23,"[    0.10393     0.12664     0.23691     0.18528     0.34326     0.21587     0.31314     0.47157    0.013189    0.036291    0.038155    0.037178    0.034768    0.035517    0.043913    0.032825    0.025016    0.015862    0.015811    0.030511    0.040639    0.068008    0.029021     0.04345     0.04391    0.062105
      0.0195    0.020591    0.024608    0.024634    0.026072    0.017899    0.022432    0.020351    0.026783    0.033522    0.012747    0.016702    0.017518    0.034906    0.060976    0.052141    0.057692    0.045494    0.043989     0.05634    0.046612    0.055055    0.077934    0.050508]"
0,ind,ClusterSampler,3.4903254030863154e-08,"[   0.072498    0.031478     0.03926    0.043786    0.045321    0.042214    0.032612    0.031497    0.031539    0.030551    0.024176     0.05826    0.016521    0.019422    0.016944    0.017815    0.017199    0.018682    0.019651    0.018749    0.024022     0.16537    0.059865    0.043202    0.074377    0.087482
     0.88063     0.98433     0.93853     0.36016     0.52375     0.61073    0.084251     0.63646     0.19968     0.15694     0.30208     0.67765     0.11958    0.068041       0.242    0.083954     0.06587    0.057692    0.042214     0.71736     0.21227     0.23263     0.26529     0.22689]"
0,ind,ClusterSampler,2.971475086888001e-32,"[    0.49008     0.62432     0.99402     0.21913     0.22055     0.17643     0.24341    0.074131     0.52685     0.28043     0.27837      0.2985     0.42455     0.15027     0.22098     0.33731    0.054944     0.31229     0.29916     0.53683     0.63556     0.46437     0.48926     0.74296     0.39386     0.16087
    0.095005    0.064339    0.044935     0.05191    0.041814    0.063325    0.063692    0.052723    0.046781    0.040947    0.039696    0.037786    0.032465    0.052499    0.092223    0.045294    0.034682    0.042436     0.04348    0.036907    0.047174    0.084128    0.070048     0.12678]"
0,ind,ClusterSampler,5.845868735265489e-17,"[    0.42188     0.54388     0.63911     0.40317     0.29018     0.26556     0.13616     0.13947      0.7416     0.19945     0.27025     0.15569     0.25213     0.23252     0.23233    0.087904    0.057999    0.075399    0.071005    0.045452      0.1269    0.040836     0.24077    0.032287     0.42437      0.1738
     0.43481      0.1142           1     0.54879    0.017133    0.018032    0.020812     0.21749     0.56595    0.015012     0.19949    0.088347     0.15577     0.12803     0.10755     0.36626     0.19553     0.07821     0.14262    0.082675    0.031822     0.05503    0.094767     0.13783]"
0,ind,ClusterSampler,1.8825563196120358e-06,"[   0.094887    0.073461    0.066476     0.02373    0.018008    0.023184    0.031658    0.020145    0.026045    0.027292    0.023276    0.024643    0.025264    0.053631    0.019912    0.020476    0.021227     0.02336    0.024475    0.028209    0.026605    0.028897    0.018941    0.023066    0.027268    0.067016
     0.14526     0.10074    0.031825     0.13033    0.037644    0.051015     0.61213     0.60335       0.594     0.25764     0.53691      0.1196     0.53055     0.31862     0.81435     0.82459    0.049874    0.066531    0.067742    0.092169     0.15417     0.19565    0.024128     0.11553]"
0,ind,ClusterSampler,7.884225602644668e-07,"[   0.074342     0.38639      0.4139     0.16477     0.21734     0.08499     0.11788     0.10925     0.10081     0.10433     0.10449     0.11435     0.11311     0.12815    0.079222    0.095804    0.073077     0.09801    0.091724     0.03374     0.33575    0.075946    0.030917     0.19675    0.071017    0.054405
    0.053882    0.078649    0.096347     0.10082    0.074796    0.058149    0.094853    0.052991      0.0799    0.033575     0.44494     0.66574     0.48744     0.16171     0.34276     0.87761     0.15537     0.24534           1     0.33908     0.21943     0.57836     0.44089     0.52611]"
0,ind,ClusterSampler,4.840465693451923e-08,"[     0.4438     0.11058    0.094322     0.10489    0.077976    0.095952     0.13013    0.023603    0.011151    0.014988    0.019376    0.013855    0.033043    0.038874    0.051761    0.024295    0.019635    0.041969     0.04038    0.020373    0.019464    0.018235    0.018075    0.018557    0.014296    0.014879
    0.016079    0.020499    0.016358    0.016571     0.11989     0.14991    0.083091     0.14245     0.27677     0.16255     0.21091     0.18595     0.93087     0.10584    0.065501     0.10423    0.088457    0.062226     0.06595     0.14338     0.10451     0.10345      0.1353    0.087658]"
0,ind,ClusterSampler,0.0035218399057343214,"[    0.27144     0.10769     0.09071     0.55656     0.10619     0.11848     0.39122    0.076855     0.12748    0.086163    0.053296    0.072039    0.083481    0.058024    0.090194    0.052472      0.1297      0.4787      0.8447     0.30754     0.57189     0.41838     0.13013    0.013209     0.82566    0.019376
     0.11359     0.49317    0.097274     0.09956    0.080001    0.092765    0.014296     0.10061    0.067711    0.040404     0.01962      0.0223    0.041022    0.068639    0.042348    0.028313    0.067811     0.16736     0.11133     0.20482    0.065162     0.16934     0.14747     0.17569]"
0,ind,ClusterSampler,2.7797480290361256e-05,"[    0.31826     0.73185    0.048747    0.041693    0.043791    0.032236    0.033851    0.091592     0.87648           1     0.47622      0.4451     0.99743     0.66513     0.25981     0.13432     0.11044    0.057609     0.17427    0.077879     0.35765     0.44736     0.19499     0.10744     0.13631     0.12707
    0.081613    0.093244     0.07814    0.069346           1     0.40917     0.28002     0.99999     0.29035     0.11314     0.22854     0.35096     0.32495     0.16787     0.26166     0.08939     0.14564      0.2588     0.14259     0.13957     0.13059     0.10012           1    0.061043]"
0,ind,ClusterSampler,2.5080883551614425e-08,"[   0.054875           1    0.011975    0.012916      0.7226     0.48201     0.25541     0.01962     0.26596    0.033655     0.39483     0.30466     0.16243    0.012867     0.59534     0.57338      0.1963      0.4026     0.30043      0.2675      0.4711     0.35728     0.36227     0.31438    0.033838     0.32606
     0.70269     0.36316     0.48635    0.037914    0.045423    0.062174     0.22954    0.068639    0.071011     0.25583     0.13815    0.033035    0.072567     0.12162     0.99975    0.082249     0.09614    0.058744     0.48826    0.029805    0.029471    0.027677    0.027589    0.025167]"
0,ind,ClusterSampler,5.722879584784426e-14,"[   0.016986    0.012554    0.011243    0.015318    0.014056    0.014523    0.011975    0.013104    0.013005    0.019699    0.022345    0.026201    0.043866    0.037914    0.016183    0.024464    0.019426    0.021278     0.01743    0.021882    0.011037    0.011082    0.019343    0.020668    0.035859    0.021238
    0.016259    0.012262    0.040017    0.026543    0.021243    0.031407    0.038332    0.021958     0.02331    0.019383    0.018029     0.02113    0.024599    0.023628    0.030131    0.023269    0.016468    0.015406    0.022245    0.015925    0.016668      0.0932     0.24256     0.17765]"
0,ind,ClusterSampler,1.057244330296412e-06,"[    0.13464     0.15651     0.11208     0.11534     0.09967     0.10872     0.10916      0.1259      0.0342    0.065851           1     0.69085      0.4159     0.56404     0.18645     0.54352     0.66173     0.80294     0.48316    0.069133     0.12398     0.12552    0.089477     0.46109     0.48863     0.48824
           1     0.15529     0.12322     0.11549    0.097706     0.22077    0.027366    0.057514     0.47113     0.21726     0.25647     0.47632     0.14612     0.13949     0.79651     0.25412    0.082849    0.098923     0.07212    0.064764    0.097563    0.039543     0.39173      0.2884]"
0,ind,ClusterSampler,0.016945555236092667,"[    0.16621     0.18149     0.17929     0.14344     0.13047     0.15903    0.058396     0.09149     0.13001      0.1805     0.99999      0.4438      0.3736     0.15141     0.13019    0.025167    0.021838     0.21663     0.95211     0.08222     0.12474    0.064587    0.088579    0.014523     0.24194    0.032336
    0.024464    0.011082     0.35364    0.016259      0.7066     0.12304    0.086162    0.025959     0.10133     0.14898     0.17923    0.057881    0.071155    0.053882    0.034537    0.022575    0.023332    0.029825    0.031822    0.030313    0.033948    0.032502    0.023984    0.020599]"
0,ind,ClusterSampler,9.836382105864013e-06,"[    0.10991     0.10069    0.067534    0.072637     0.13053     0.09634     0.11916     0.14673    0.077577      0.3736    0.026862    0.051639    0.038619    0.026468     0.04459      0.1598     0.06227     0.38474       0.261     0.31414     0.19258     0.20274     0.22013     0.67087    0.079269     0.04087
    0.046731     0.53831     0.53643     0.99908           1     0.19235    0.023252     0.18175    0.068132    0.085832     0.17211     0.17676     0.05559     0.27159     0.46859     0.23074     0.22956     0.31034     0.20845     0.37006      0.3843     0.13049     0.67573     0.22067]"
0,ind,ClusterSampler,3.5760558971456005e-05,"[    0.10575    0.079471    0.073136     0.11454     0.11191    0.081345     0.19619     0.22238     0.39712     0.35216     0.15189     0.13647    0.088339     0.12044     0.11056     0.12966     0.14216    0.070665      0.2013     0.13763     0.14313     0.10879     0.11349     0.10864     0.13408    0.068265
     0.05287    0.029805     0.24096     0.19741      0.7079     0.82794    0.026862    0.087782     0.10909    0.080864     0.24277     0.29469     0.11885      0.1939    0.056186      0.1817    0.079044     0.53549     0.41832     0.11643     0.10894     0.05714     0.02113     0.47944]"
0,ind,ClusterSampler,6.689820660678862e-08,"[   0.075759    0.077212     0.84386     0.42349     0.17488    0.097957     0.16636     0.06615    0.051493     0.64017     0.53961     0.60818     0.61017     0.13716      0.6584     0.55863     0.12725     0.15969     0.11831     0.27941    0.059817    0.062265    0.048396      0.3759     0.44037     0.84416
     0.45695     0.45576     0.30791     0.24272     0.18991     0.11952     0.97803     0.47515    0.078742    0.065815     0.25785     0.32587     0.25918     0.62869     0.36618     0.46894       0.341     0.39705     0.34283     0.58287     0.39374     0.61687     0.52827     0.47933]"
0,ind,ClusterSampler,3.20774254441553e-09,"[    0.27213     0.11524     0.30936     0.16553     0.33513     0.19724    0.083847     0.50646     0.65814     0.13924    0.013344    0.094468     0.23563     0.11832     0.95183       0.998     0.93371     0.36487     0.50764     0.36463     0.17043     0.21028     0.17898    0.053918     0.18859     0.18665
    0.042777     0.26432     0.92452     0.28312     0.23457     0.14703    0.080813     0.11861     0.90056    0.069007     0.11061     0.78381     0.67303     0.49008     0.33585     0.53426           1    0.066287      0.2219     0.64259     0.21372     0.48374           1     0.05121]"
0,ind,ClusterSampler,3.6041233703317315e-10,"[   0.045631     0.05294    0.090921     0.12015    0.023326     0.22743    0.078851     0.20225    0.092832     0.03078    0.031077     0.01295    0.086455    0.065386    0.021988     0.10876     0.21969    0.024228     0.46944      0.1069     0.13857    0.024049    0.024445    0.020274    0.023751    0.017027
    0.038908           1    0.068857    0.068916    0.054616     0.09584    0.085149    0.086294     0.11599    0.071715     0.12996    0.074285    0.051369    0.027148     0.20109     0.32872     0.29268     0.17272     0.34902     0.32375     0.18617       0.407     0.78333     0.92394]"
0,ind,ClusterSampler,0.002915486165864586,"[   0.079844    0.096294    0.093369    0.055165    0.045328    0.079597     0.21144     0.55203     0.86643     0.12873     0.24528      0.5748     0.73598    0.061765    0.046702    0.079692    0.066684     0.11095    0.035431    0.065971     0.18562      0.2715    0.065968    0.022345    0.051761           1
     0.04038    0.019426     0.11473    0.020668      0.9999    0.026279     0.10898     0.12211     0.19977      0.1299     0.12666    0.039375    0.032509    0.034529      0.0374    0.040434    0.026145    0.066972     0.15775     0.14768     0.66231     0.69945     0.64122     0.71948]"
0,ind,ClusterSampler,2.2801926776157624e-18,"[    0.17213     0.64779     0.60659     0.50855     0.60145     0.34763     0.45879     0.14817     0.07259     0.15471     0.13036    0.076132     0.11957     0.13429     0.10568      0.1069     0.10988     0.22036     0.11847    0.049479    0.068629     0.18289    0.091825    0.056697    0.068637    0.088869
    0.075737     0.12045     0.35571     0.64159     0.25397     0.75463     0.62262     0.34142     0.24023     0.16013     0.16077     0.30068     0.23159     0.23892     0.14521    0.051882     0.15405     0.62049     0.71115     0.68456     0.15128    0.034768    0.043913     0.19222]"
0,ind,ClusterSampler,3.544466644028273e-26,"[   0.030511    0.046233    0.030855    0.031539     0.37059     0.22911    0.019651    0.024022      0.6892      0.3366     0.42464    0.041437    0.021863    0.016859    0.020991    0.015932     0.01518    0.014865    0.012347    0.012706    0.011152    0.014295    0.014413    0.016176    0.018838    0.021234
    0.058365    0.018651    0.014924    0.012995    0.011742    0.014936    0.016031    0.021625    0.023174    0.040533    0.020404     0.33169     0.72332     0.79263    0.099713     0.18132     0.17558     0.32431     0.23267     0.22032     0.23943    0.083206     0.14041    0.054753]"
0,ind,ClusterSampler,2.260935825510805e-14,"[    0.10555     0.11093     0.84641     0.11532     0.08826     0.24176    0.047349     0.12711    0.078526     0.70046     0.83544     0.85752           1     0.73457      0.7468      0.8527     0.67099     0.32385           1     0.44846     0.88997    0.014865    0.038469     0.40972    0.014936    0.057334
    0.058724     0.57348     0.59709     0.13136     0.75678     0.25374           1     0.16562     0.17553     0.14336      0.1321     0.16836     0.17621    0.083908    0.074904     0.15392     0.14688     0.13439     0.11054     0.24252     0.19384     0.10876       0.104      0.1152]"
0,ind,ClusterSampler,1.57066312186481e-09,"[    0.10762     0.10695    0.080567     0.27822     0.17287     0.05662    0.067953     0.16047    0.079376     0.07132     0.60106     0.20721      0.9956     0.16377     0.51338     0.98201     0.60375     0.32256     0.13089     0.17595     0.27602     0.28127     0.22938     0.13278    0.035517    0.069431
    0.056894    0.082244     0.05826    0.016604    0.023388    0.022551     0.01836    0.021594    0.032511    0.027706    0.027923    0.035829     0.02752    0.047933    0.038269    0.022724     0.10259     0.13828           1     0.19638     0.29061      0.2102     0.60157    0.095809]"
0,ind,ClusterSampler,5.407607497364001e-13,"[    0.17924     0.10305     0.14644      0.1592     0.23304     0.25972    0.072876    0.060984    0.058533     0.27719     0.10876     0.15307           1     0.26147     0.23955     0.26529     0.22991     0.28269     0.16646     0.18474     0.20482     0.15957      0.1693     0.10243     0.16909     0.26625
     0.23468           1     0.19818     0.12436     0.16393     0.23039     0.15824     0.13756     0.13747     0.24431     0.17631    0.091228     0.11248     0.51468    0.072758     0.10433     0.25786     0.14304     0.71984     0.16192    0.089507     0.12937     0.37779    0.053504]"
0,ind,ClusterSampler,1.281617613358335e-08,"[    0.38256     0.26596     0.11918    0.062771    0.065568    0.073991     0.10427    0.047252    0.040404     0.20677     0.86671     0.72628     0.99901    0.017789    0.018226    0.014709           1     0.29832     0.16621    0.028159     0.20918     0.30997    0.070204     0.02156     0.06716    0.069275
     0.14194     0.11162    0.061148     0.07084     0.14574     0.16941     0.22771    0.018673           1           1    0.038188    0.064529    0.036883    0.016108    0.037063    0.026805    0.027349    0.043338    0.029513    0.033538    0.026394     0.03078    0.026874    0.027161]"
0,ind,ClusterSampler,5.722879584784426e-14,"[   0.022095    0.011514    0.015791    0.031077    0.041662     0.01295    0.010336     0.01598     0.17791      0.2612      0.1442    0.058422     0.26856     0.28392     0.16455     0.17415     0.92496     0.64781           1     0.21451     0.49499     0.56443     0.72888     0.21913     0.86073     0.38493
     0.54515     0.98287     0.50726    0.080636     0.27303     0.17607     0.24893     0.14124     0.07482    0.023256     0.21653     0.26589    0.028263    0.072988     0.65881    0.083847     0.64015    0.015195    0.019248    0.011139     0.02665    0.031764    0.023957    0.030286]"
0,ind,ClusterSampler,1.2813707062952988e-05,"[    0.05415    0.031126    0.034213    0.031225    0.036866    0.031259    0.024406    0.035876    0.012413    0.016297    0.013097    0.012635    0.013344    0.020604    0.020629    0.016911    0.021567    0.029404    0.020688    0.020568    0.017753    0.018747    0.022725     0.10833     0.19774     0.15827
     0.20172     0.30717     0.10673     0.26972     0.16721     0.42393     0.19665     0.46853     0.23798     0.14958     0.11635     0.16219      0.6369     0.49463     0.13563      0.0629    0.031764     0.05415     0.10678    0.090196    0.076945    0.016911    0.097538     0.51551]"
0,ind,ClusterSampler,1.57066312186481e-09,"[    0.40191     0.85938     0.38439      0.5742      0.5888     0.32837     0.49139     0.79682     0.96303     0.15217     0.15931     0.18161      0.2336     0.10131     0.16759     0.22258     0.17257     0.21306     0.14706     0.23908     0.12769     0.10917    0.076563    0.076515     0.16805     0.11476
     0.22488    0.095797     0.22093     0.51464      0.6892     0.21943     0.57348    0.094322     0.16388    0.016859     0.01518     0.12953     0.20594    0.032825    0.089226    0.080423           1     0.44201     0.28975     0.51434     0.58826     0.44313     0.28327    0.070934]"
0,ind,ClusterSampler,1.281617613358335e-08,"[   0.049631     0.91464     0.63849     0.41315    0.032612    0.019422    0.016944     0.24203    0.059473     0.94495     0.23303     0.30667    0.032836    0.031947    0.032306    0.020215    0.021483    0.037586     0.01607    0.019411     0.02467    0.033035    0.023336    0.022925    0.048433    0.019814
     0.12602     0.14411     0.20703     0.07847     0.10968    0.070052    0.068151     0.11928    0.061413    0.043689    0.048015     0.64183           1     0.68286     0.55809     0.42162     0.98418     0.74966     0.70238     0.58929     0.16349     0.46558     0.44748     0.44175]"
0,ind,ClusterSampler,4.559422724053903e-09,"[   0.078248           1           1     0.21051      0.2276     0.35328     0.23607     0.35682     0.18771     0.15735     0.18827     0.15503     0.23046     0.12451     0.17206     0.16118      0.6783     0.13162           1     0.18151     0.16897     0.16122     0.20508     0.25178     0.15947    0.059215
      0.0526    0.097233    0.062865     0.07273     0.10064    0.047806     0.07074    0.065451    0.093347    0.065888    0.044197    0.089241     0.68157     0.17129    0.013104           1           1           1     0.18058     0.05828     0.13121    0.099706    0.099155     0.51725]"
0,ind,ClusterSampler,3.6050267977836376e-14,"[   0.028256     0.10561     0.11041    0.089296    0.021243     0.02331    0.097331     0.13617     0.63759    0.044289    0.023326    0.014639    0.020357    0.034873    0.024228     0.01237    0.020883    0.042861    0.031703    0.025276    0.023256    0.027015    0.021488    0.017758    0.026393    0.069787
      0.4138           1           1     0.17808           1     0.14964     0.11218     0.17707     0.17217    0.060809     0.51763     0.03064    0.045001     0.14432     0.17226    0.073211    0.067345    0.075946      0.1074     0.14423    0.099271      0.1628    0.063185     0.12977]"
0,ind,ClusterSampler,0.00012030770807633029,"[    0.12247     0.14186     0.17878     0.07476    0.092259           1    0.067472    0.025835    0.097521           1     0.48911     0.36831    0.040118    0.039811    0.018838    0.021234    0.023418     0.18999     0.15675    0.049974     0.32612    0.042861     0.10516    0.027015     0.94419    0.068265
    0.024128    0.031539    0.023048    0.021518    0.018248    0.017954    0.026576    0.025433    0.028652    0.024467     0.37487    0.077071     0.11366      0.1175     0.13603    0.074622    0.031281    0.040557     0.79637    0.052088    0.098461    0.036044     0.11728     0.15929]"
0,ind,ClusterSampler,0.008674643734299154,"[   0.068976     0.16819    0.054177    0.059669     0.09533     0.15054    0.072784      0.1236      0.1972     0.19135     0.30019    0.018248    0.017954      0.0827     0.19685    0.098395    0.027576     0.10532     0.05994    0.045716    0.029217     0.17641     0.12317    0.081608    0.088962     0.10544
    0.080339     0.10041     0.22373     0.14041     0.19046    0.082388      0.1008     0.02975   0.0090278    0.066287    0.062771    0.081761    0.063943    0.065568    0.032539    0.073991    0.048361    0.060365    0.047252    0.054875    0.052279    0.021484    0.012916    0.017126]"
0,ind,ClusterSampler,4.052932792527479e-20,"[   0.039547    0.033655    0.031449    0.013308    0.017789    0.018297    0.012867    0.018226    0.014709    0.021929    0.023113    0.026004    0.022814    0.026235    0.023472    0.027492    0.037921    0.023051    0.030263    0.038745    0.018204    0.021982    0.028094    0.026501    0.032912    0.031849
    0.038319    0.033838    0.037851    0.028159    0.033261    0.028432    0.029432    0.045423    0.030473    0.038607    0.023195    0.029867    0.030995    0.074973     0.12176     0.73317      0.3861    0.084777     0.11069     0.15753     0.29865    0.089357    0.095446      0.1152]"
0,ind,ClusterSampler,2.1540431996748815e-05,"[    0.13299     0.15009     0.12091     0.16033    0.068809     0.38417     0.69419     0.27308     0.39468     0.74547     0.12395    0.093843     0.66791     0.14838     0.12463           1    0.098099     0.92987           1     0.26802     0.18454     0.97485     0.12367    0.028432     0.87468        0.25
     0.10375     0.18523      0.1434    0.019411    0.061231     0.17246    0.025972     0.96426    0.013209    0.026117    0.021773    0.046392    0.038727     0.10511     0.69501     0.10755     0.58013     0.63009    0.057636    0.063211     0.18365     0.11837     0.11153     0.12493]"
0,ind,ClusterSampler,5.741556302555711e-06,"[    0.10641     0.12086     0.13926     0.21416     0.20209     0.19018      0.2065    0.085393    0.054294    0.061903     0.27476      0.2217     0.15738    0.036688    0.093731     0.16753     0.41865     0.41783      0.2637     0.19554     0.17702     0.36472       0.372     0.26767     0.09731    0.075765
    0.067521    0.058767    0.025316     0.58778     0.16204     0.28074    0.091946     0.16529     0.16189    0.055224    0.017027     0.41458     0.29216     0.34088     0.81982     0.92007     0.46759     0.81385    0.016571    0.095951    0.034717    0.028374    0.041628    0.034247]"
0,ind,ClusterSampler,1.663971868034067e-05,"[   0.029909    0.030855    0.061618     0.12036     0.11348    0.097725    0.049531    0.025972    0.070476    0.085689     0.12995     0.14504    0.099718           1           1    0.017985    0.036666    0.026859    0.020506    0.033324    0.030917    0.026741    0.070912    0.061854     0.29177     0.22109
     0.10313    0.036515    0.098323     0.10207    0.083494    0.077652      0.1164    0.095051     0.15547     0.12782    0.095951    0.024445    0.098633    0.023751    0.064858    0.015766     0.02574    0.062381    0.074207     0.19069     0.11228     0.17295     0.10644    0.044975]"
1,ind,SequentialSampler,7.884225602644668e-07,"[   0.028263     0.19675    0.071017    0.054405    0.053882    0.078649    0.096347     0.10082    0.074796    0.058149    0.094853    0.052991      0.0799    0.033575    0.077577    0.059473    0.058744    0.068265    0.064858    0.070036     0.12666     0.11884    0.094767     0.13783    0.094887    0.052603
    0.073461    0.067523    0.065913    0.049059    0.037661      0.1316     0.23754    0.072988    0.043665     0.05287    0.084251    0.066476    0.065971     0.41865     0.65881     0.41783     0.72288     0.72046     0.62049     0.67939     0.78035     0.44494     0.66574     0.48744]"
1,ind,SequentialSampler,1.6883897664446674e-10,"[   0.083847     0.67048     0.59504     0.62529     0.64015     0.40035     0.59428     0.16171     0.34276     0.87761     0.15537     0.24534     0.36485     0.13922     0.10393     0.12664     0.23691     0.18528     0.34326           1      0.6892     0.33908     0.21943     0.21587      0.3366     0.31314
     0.57836     0.44089     0.94495     0.48826     0.52611      0.4438     0.19124     0.84386     0.42349     0.96426           1           1     0.34832      0.4468     0.57348     0.59709     0.22689     0.49008     0.62432     0.99402     0.21913     0.22055     0.17643     0.24341]"
1,ind,SequentialSampler,0.0007157538630616762,"[    0.10844     0.13136     0.22017     0.11058    0.094322     0.42464     0.43481     0.60971     0.23303     0.18245      0.1142     0.10489    0.077976     0.47157     0.16354     0.63759     0.30667      0.3736     0.53426     0.57591    0.095952     0.13013     0.54515    0.029805    0.029471    0.027677
    0.027589    0.025167    0.015195    0.013189    0.023603    0.024128    0.018673    0.019248     0.01529    0.013209    0.012313   0.0098245    0.021838    0.012853    0.012403    0.016986    0.012554    0.011139    0.011151   0.0090278    0.011243    0.014988    0.071155    0.053882]"
1,ind,SequentialSampler,1.8825563196120358e-06,"[   0.032484    0.034537    0.017985     0.02373    0.018008    0.019376    0.032836    0.023184    0.030593    0.022575    0.031947    0.031658    0.023332    0.029825    0.029829    0.032306    0.020145     0.03374    0.026045    0.027292    0.025972    0.023276    0.035721           1           1    0.066287
    0.062771    0.081761    0.038188    0.064529    0.063943    0.065568    0.036883    0.032539    0.073991    0.048361    0.060365    0.047252    0.054875    0.040404    0.041437    0.044289    0.072991    0.086531     0.14686     0.21372      0.3911     0.37176     0.06723      0.0629]"
1,ind,SequentialSampler,0.002406525116404218,"[   0.052279    0.061231    0.036666    0.031822    0.030554    0.039375    0.030313    0.033948    0.036515    0.032502    0.024643    0.032509    0.025264    0.034529      0.0374    0.026859    0.040434     0.03029    0.023984    0.053631    0.019912    0.020476    0.021227     0.02336    0.024475    0.018289
    0.020215    0.017133    0.021484    0.015318    0.014056    0.016604    0.014523    0.011975    0.013104    0.013005    0.012916    0.023388    0.019699    0.022345    0.022551    0.026201     0.01836    0.021594    0.032511    0.027706    0.027923     0.01962    0.017126    0.023305]"
1,ind,SequentialSampler,5.407607497364001e-13,"[   0.024233    0.019018    0.018032    0.021972    0.021863    0.016859    0.020991    0.015932     0.01518    0.014865    0.012347    0.012706    0.011152    0.016108    0.013855    0.034868    0.014295    0.014413    0.016176    0.018838    0.021234    0.014028    0.020812    0.023418    0.018342    0.028209
    0.070476    0.043505    0.026862    0.020506    0.027372    0.051639    0.026605    0.036069    0.028897    0.025316    0.038619    0.018941    0.021614    0.040135    0.033324    0.030917     0.02975    0.026741    0.031225    0.023066    0.027268    0.015766    0.026145     0.02574]"
1,ind,SequentialSampler,5.429614328073338e-15,"[   0.095951    0.036291    0.038155    0.037178    0.034768    0.035517    0.043913    0.032825    0.025016    0.015862    0.015811    0.030511    0.040639    0.058365    0.068008    0.045716    0.029021    0.034717    0.028374    0.041628    0.034247    0.029909     0.02665    0.031764    0.023957    0.033043
    0.039547    0.043866     0.04345     0.04391    0.062105    0.067016      0.0195    0.020591    0.024608    0.024634    0.026072    0.017899    0.022432    0.020351    0.026783    0.030855    0.030286     0.05415    0.031126    0.034213    0.031225    0.038874    0.033522    0.051761]"
1,ind,SequentialSampler,7.413112689682162e-19,"[   0.033655    0.031449    0.013308    0.017789    0.018297    0.012867    0.018226    0.014709    0.021929    0.023113    0.026004    0.022814    0.026235    0.023472    0.027492    0.037921    0.023051    0.030263    0.038745    0.018204    0.021982    0.028094    0.026501    0.032912    0.031849    0.016798
    0.018651    0.014924    0.012747    0.012995    0.015849    0.014615     0.01397    0.014206    0.023326    0.024295    0.013162    0.015291    0.011708    0.018187    0.016154    0.019635    0.016702    0.011742    0.014936    0.016031    0.015012     0.01407    0.013806     0.02089]"
1,ind,SequentialSampler,2.471450505690998e-10,"[   0.038319    0.033838    0.037851    0.028159    0.037063    0.026805    0.035829     0.02752    0.033261    0.036866    0.031259    0.027349    0.043338    0.047933    0.038269    0.028432    0.029432    0.024406    0.037914    0.045423    0.029513    0.033538    0.026394     0.03078    0.026874    0.027161
    0.022724    0.022095    0.011514    0.015791    0.017518    0.031077    0.030473    0.041662    0.038607    0.023195    0.029867     0.01295    0.010336     0.01598    0.041969     0.04038    0.024049    0.024445    0.020274    0.021625    0.023174    0.029217    0.040533    0.035876]"
1,ind,SequentialSampler,3.480378247557708e-13,"[   0.030995    0.020599    0.020373    0.020404    0.019464    0.027576    0.023751      0.0207     0.02156    0.021988    0.017027    0.036873    0.038908    0.042964    0.021796      0.0223    0.014639    0.020357    0.034873    0.041022    0.024228     0.01237    0.020883    0.042861    0.068639    0.031703
    0.025276    0.023256    0.027015    0.021483    0.042348    0.037586    0.021488    0.017758    0.026393    0.069787    0.034906    0.060976    0.052141    0.057692    0.045494    0.043989     0.05634    0.046612    0.055055    0.077934    0.050508    0.072498    0.031478     0.03926]"
1,ind,SequentialSampler,9.496857280483418e-05,"[   0.043786    0.061618    0.045321    0.042214    0.032612    0.031497    0.012413    0.016297    0.013097    0.012635    0.013344    0.031539    0.016183    0.033018    0.028525    0.032861    0.024464    0.020604    0.020629    0.019426    0.016911    0.021567    0.023048    0.021278     0.01743    0.021518
    0.018248    0.017954    0.026576    0.021882    0.025433    0.011037    0.028652    0.029404    0.020688    0.026117    0.011082    0.019343    0.020668    0.021773    0.035859    0.020568    0.021238    0.016259    0.012262    0.017753    0.046392    0.040017    0.026543     0.01607]"
1,ind,SequentialSampler,1.2813707062952988e-05,"[   0.018747    0.028256    0.026279    0.028313    0.027974    0.029552    0.022528    0.025959    0.026468     0.03031    0.015262    0.019411     0.02467     0.04459    0.033035    0.035249    0.023336    0.025413    0.022925    0.048433    0.022725    0.021243    0.031407    0.038332    0.024467    0.021958
     0.02331    0.019383    0.018029     0.02113    0.024599    0.023628    0.030131    0.023269    0.016468    0.015406    0.022245    0.015925    0.016668    0.031539    0.030551    0.024176     0.05826    0.016521    0.019422    0.016944    0.017815    0.017199    0.018682    0.019651]"
1,ind,SequentialSampler,7.473758386244858e-05,"[   0.018749    0.018235    0.018075    0.018557    0.014296    0.014879    0.016079    0.020499    0.024022    0.016358    0.019814    0.016571    0.066972     0.12926     0.12602     0.14411     0.20703     0.07847     0.10968     0.10823    0.070052    0.068151     0.11928    0.061413    0.043689    0.048015
      0.0932    0.074973      0.1598    0.062381    0.081057     0.10833     0.19774     0.11989     0.14991     0.14526    0.083091     0.14245    0.080265     0.06227     0.10074    0.043724    0.031825     0.13033     0.15775     0.14768    0.037644    0.051015    0.072986    0.059111]"
1,ind,SequentialSampler,1.730256103399168e-07,"[   0.062409     0.66231     0.64128     0.61213     0.60335     0.69945     0.64122       0.594     0.71948     0.25764     0.53691      0.1196     0.17213     0.64779     0.60659     0.50855     0.60145     0.34763     0.45879     0.31057     0.24945     0.64183     0.33326     0.18311     0.27997     0.12973
    0.091928     0.15712     0.16708     0.47537      0.4974           1     0.68286     0.48302     0.52448     0.50933      0.3684     0.50581     0.55809     0.42162     0.98418     0.74966     0.70238     0.58929     0.11832     0.85938     0.38439     0.49141     0.95183       0.998]"
1,ind,SequentialSampler,2.499867876984005e-06,"[    0.93371     0.36487      0.5742      0.5888     0.32837     0.49139     0.79682     0.96303     0.15217     0.15931     0.18161      0.2336     0.10131     0.16759     0.27677     0.16255     0.10343     0.31389     0.33999     0.59505     0.21091     0.18595     0.16134     0.11931     0.06232     0.11816
     0.18136     0.17791     0.12176     0.24256     0.47746     0.31641     0.17113     0.16349     0.37073     0.38474       0.261     0.31414     0.19258     0.20274     0.14817     0.07259     0.46558     0.62156      0.4138     0.53055     0.31862    0.086731     0.37487     0.81435]"
1,ind,SequentialSampler,0.0003750703116485497,"[   0.060058    0.067811    0.051362     0.22013     0.67087     0.44748     0.82459     0.44175    0.079269     0.93087     0.17641     0.12317     0.10584     0.10991    0.072567    0.067914    0.065501    0.078248    0.081608     0.12143     0.10423     0.10069    0.088962    0.088457    0.067534    0.072637
     0.10544    0.062226     0.06595    0.080339    0.068438    0.060247     0.12162    0.061147     0.10041           1           1     0.17808           1     0.14964     0.11218     0.17707     0.18887     0.16736      0.2362     0.11133     0.20482    0.065162     0.16934     0.14747]"
1,ind,SequentialSampler,0.0004666141462373024,"[    0.17569     0.31826     0.17217      0.2612     0.33169     0.73317     0.47058     0.60776     0.47131     0.43966     0.72332     0.79263      0.3861     0.16069     0.22373     0.22019     0.10363     0.16537     0.14338     0.14041     0.10451     0.10345    0.097555    0.063406    0.079321      0.1353
     0.15827     0.19046       0.107    0.087658     0.27144     0.18123    0.049874    0.066531    0.067742     0.10769     0.09071    0.060467     0.55656     0.25759     0.73185    0.048747    0.041693    0.043791     0.04087    0.046731    0.032236    0.033851    0.091592     0.87648]"
1,ind,SequentialSampler,1.2891960149547697e-12,"[    0.53831     0.53643           1     0.99908     0.47622      0.4451     0.99743     0.66513     0.25981    0.084777     0.11069    0.078926    0.048099    0.048455    0.050621    0.044777    0.060809    0.040149      0.0412     0.51763    0.037793    0.027496    0.037294    0.028677     0.03064    0.045001
    0.051478    0.099713    0.031318     0.04223    0.045909    0.047112     0.03455    0.029981    0.055485    0.053945    0.059184    0.080227     0.99975     0.21813     0.10003    0.071921      0.1348     0.14177    0.083186     0.10753    0.058422     0.10287     0.11206    0.082388]"
1,ind,SequentialSampler,1.7960142281780547e-08,"[   0.082249     0.10597    0.086238    0.080886    0.077948     0.09614     0.11565     0.45359     0.43565    0.061083     0.33527     0.17266           1     0.15471     0.13036    0.076132     0.11957     0.13429     0.10568      0.1069     0.10988     0.22036     0.11847    0.049479    0.068629     0.24521
     0.18289     0.10532     0.06716    0.069275     0.14194     0.11162    0.061148     0.07084           1           1     0.66925           1           1           1     0.36751     0.37961     0.65435      0.3732     0.39236     0.42635     0.33854     0.23617       0.205    0.091825]"
1,ind,SequentialSampler,4.59480737053815e-16,"[    0.14574    0.056697    0.068637     0.16941    0.098323     0.10207    0.083494    0.077652     0.10242    0.059717     0.10219    0.087921     0.21051      0.2276     0.35328     0.23607     0.35682     0.18771     0.15735     0.18827     0.14432     0.15503     0.23046     0.12451     0.17206     0.16118
      0.6783     0.23301     0.13162     0.17226           1     0.18151     0.16897     0.16122     0.20508     0.25178     0.15947       0.173     0.34777     0.33728     0.39754     0.37621     0.24047      0.2148     0.18132     0.17558      0.1442           1     0.32431     0.23267]"
1,ind,SequentialSampler,3.6041233703317315e-10,"[   0.046328     0.20817     0.62075     0.83996     0.41488     0.14728     0.18528     0.21666     0.17973     0.20066     0.22032     0.23943     0.13432     0.11044    0.057609    0.073211    0.067345    0.075946     0.17427    0.077879     0.35765     0.13964    0.097206           1     0.15078     0.44736
     0.19499     0.10744     0.10883    0.081644     0.12907     0.13631      0.1074     0.14423    0.099271      0.1628    0.063185     0.12977     0.12707     0.12247     0.14186     0.17878    0.088869     0.07476    0.081613    0.092259           1    0.067472    0.093244    0.025835]"
1,ind,SequentialSampler,5.236322960823474e-10,"[   0.075737    0.097521    0.092169    0.059215    0.068857    0.068916    0.054616      0.0526     0.05835     0.13053      0.1164    0.095051     0.15547     0.09634    0.097233     0.09584    0.040009     0.05994    0.085149    0.059865    0.043202    0.074377    0.086294    0.083206     0.14041    0.087482
     0.05719     0.15753    0.058422    0.054753     0.26856     0.29865     0.10555     0.11093     0.84641     0.28392     0.10259    0.089357    0.095446     0.16455     0.17415     0.10619      0.1152     0.13299     0.11532     0.08826     0.24176     0.92496     0.23769      0.2115]"
1,ind,SequentialSampler,6.689820660678862e-08,"[    0.13274     0.29542     0.35117     0.24721     0.42996     0.48849      0.6766     0.44535     0.32928     0.49827     0.93837       0.701     0.57931     0.22771      0.5696      0.7302     0.38206     0.27969     0.29459     0.36437     0.22925     0.22827     0.27242     0.19235    0.023252     0.15417
     0.19565     0.14238     0.18175      0.1218     0.11748    0.068132    0.065925    0.092642    0.077071    0.074207    0.085832     0.17211     0.11366      0.1175     0.13603     0.17676     0.19069     0.05559     0.17765     0.21878     0.22113     0.50764     0.27159     0.46859]"
1,ind,SequentialSampler,0.0016253586231811982,"[    0.23074     0.22956     0.31034     0.20845     0.37006      0.3843     0.13049     0.31326           1     0.67573     0.22067     0.11848     0.12045     0.13464     0.15651     0.15009     0.11208     0.11534     0.09967     0.10872     0.10916      0.1259     0.17456     0.12091     0.16033     0.13793
     0.39122    0.076855    0.047349     0.12748     0.12711    0.086163     0.10575    0.079471    0.073136     0.11454     0.11228     0.11191    0.081345     0.19619     0.22238     0.39712     0.35216     0.15189     0.13647     0.07814    0.088339     0.12044     0.11056     0.12966]"
1,ind,SequentialSampler,2.471450505690998e-10,"[    0.14216     0.35571     0.64159     0.25397     0.75463     0.62262     0.34142     0.24023     0.16013     0.16077     0.30068     0.23159     0.23892    0.062865     0.07273     0.10064    0.047806     0.07074    0.065451    0.093347     0.14521    0.065888    0.044197     0.11657    0.038727     0.23999
     0.10358    0.083447     0.12921    0.057792    0.071715     0.10491    0.074131     0.06543     0.15646    0.051956    0.074878    0.036854    0.070665    0.069346      0.0342    0.058101     0.17295    0.081162    0.088871     0.12996     0.08139     0.17488     0.17127    0.074285]"
1,ind,SequentialSampler,6.457541418962002e-09,"[    0.10644    0.065851    0.074622    0.051369    0.027148    0.097957     0.16636     0.10511    0.031281    0.040557     0.06615    0.044975    0.051493     0.64017     0.69501     0.53961     0.61449     0.71646     0.60818     0.61017     0.75678     0.13716      0.6584     0.55863     0.10755     0.70849
     0.73911     0.58013     0.63009     0.60127      0.6515     0.38373     0.45698     0.60318     0.36369     0.53187     0.37934     0.32082     0.82274     0.26289     0.43148     0.62545     0.13044           1     0.52685     0.42594      0.7849     0.12725     0.28043     0.62043]"
1,ind,SequentialSampler,9.214159199916617e-08,"[          1     0.99908           1           1     0.99227     0.77709    0.078526     0.88063     0.98433     0.93853     0.64781           1     0.21451     0.49499     0.56443     0.36016     0.70046     0.83544     0.85752           1     0.73457      0.7468      0.8527     0.67099     0.52375     0.61073
     0.20109     0.32872     0.15969     0.27837      0.2985     0.42455     0.29268     0.17272     0.15027     0.34902     0.11831     0.27941     0.22098     0.36463     0.40917      0.2013     0.33731    0.054944     0.32375     0.18617     0.31229     0.69085      0.4159     0.56404]"
1,ind,SequentialSampler,4.586233552928817e-05,"[    0.18645     0.54352    0.057636    0.057355       0.407     0.72289     0.27416     0.19921     0.11283     0.20172     0.79637     0.78333    0.053296     0.30717     0.10673     0.66173     0.80294     0.67351     0.88898     0.48316     0.26972     0.92394     0.21734     0.12089       0.129    0.085689
     0.12995    0.079844     0.08499    0.082352     0.11788    0.096294     0.10925    0.092257    0.086673    0.089865    0.066081     0.07821     0.10081    0.071441    0.066953    0.093369    0.062801    0.078312     0.14504    0.056928    0.099718           1           1     0.13828]"
1,ind,SequentialSampler,0.00030058481881818926,"[          1     0.19638     0.18707     0.29061      0.2102     0.60157     0.21695    0.095809     0.17924     0.10305     0.14644      0.1592     0.23304     0.28002     0.25374     0.17043     0.29916     0.99999     0.53683     0.63556     0.46437     0.48926     0.74296     0.39386     0.29035     0.14363
     0.73639      0.1497    0.055165     0.34157     0.10433     0.10449     0.11435     0.11311     0.16013    0.098046    0.082142     0.12207     0.16721     0.12206     0.13711     0.11567     0.12815     0.20983    0.045328    0.059817    0.062265    0.092895    0.079597    0.048396]"
1,ind,SequentialSampler,1.4234785595806085e-13,"[    0.21144     0.16087     0.25972    0.069133     0.12398    0.068809     0.12552    0.089477    0.072876    0.060984    0.058533     0.38417     0.46109     0.48863     0.69419     0.48824     0.27308     0.39468     0.27719     0.10876     0.15307     0.11314     0.22854    0.095005    0.064339    0.044935
     0.05191    0.041814    0.063325    0.063692    0.052723    0.087839    0.046781    0.040947    0.039696    0.037786    0.032465    0.047133    0.052499    0.092223    0.045294    0.034682    0.042436     0.04348    0.036907    0.047174    0.084128    0.070048    0.052088     0.13849]"
1,ind,SequentialSampler,9.836382105864013e-06,"[          1     0.48706    0.077522     0.11017    0.048069     0.13924    0.055178     0.10407    0.079085     0.08034    0.099309     0.11129    0.079222    0.087358     0.10422    0.064985    0.070912    0.061854    0.064562     0.28316     0.46168    0.065973     0.32939     0.16145           1     0.16562
     0.17553     0.14336      0.1321     0.16836     0.17621    0.083908    0.074904     0.15392     0.14688     0.13439     0.11054     0.24252     0.19384     0.14262     0.10876       0.104      0.1152     0.10762     0.10695    0.080567           1           1     0.82051           1]"
1,ind,SequentialSampler,2.260935825510805e-14,"[          1           1      0.3759     0.44037     0.84416     0.55203     0.45695     0.45576     0.30791     0.24272     0.18991     0.27822     0.17287     0.05662    0.067953     0.16047    0.063211     0.18365     0.11837     0.11153     0.12493    0.096462    0.079376     0.11952     0.26147     0.23955
     0.26529     0.22991     0.28269     0.16646     0.18474     0.20482     0.15957      0.1693     0.10243     0.16909     0.26625     0.23468           1     0.19818     0.12436     0.16393     0.92481     0.23039     0.15824     0.13756     0.13747     0.24431     0.17631     0.12678]"
1,ind,SequentialSampler,8.774780477141702e-15,"[    0.42188     0.54388     0.63911     0.40317     0.29018     0.26556     0.22258     0.17257     0.21028     0.86643     0.21306     0.14706     0.13616     0.13947      0.7416     0.97803     0.47515     0.19945     0.27025     0.15569     0.25213     0.23252     0.23233     0.23908    0.091228     0.11248
     0.51468    0.072758    0.083118     0.10433     0.25786     0.14304     0.71984     0.10641     0.12086     0.10948     0.57606     0.74547     0.12395     0.16192    0.089507     0.14728     0.12937     0.37779     0.15358     0.10989     0.11323     0.12848    0.051964     0.27561]"
1,ind,SequentialSampler,2.5080883551614425e-08,"[   0.093843     0.12214     0.11389     0.19044     0.07132    0.074842    0.053504    0.084558     0.38256     0.26596     0.11918    0.024489    0.068993    0.093205     0.12873    0.068365    0.078742    0.087904    0.057999    0.068747    0.075399    0.095804     0.11544     0.12667     0.15749    0.073077
    0.083337    0.071005    0.045452    0.082675     0.12769     0.10917    0.076563    0.076515    0.065815      0.1269     0.16805     0.11476    0.040836     0.35096     0.17898    0.053918     0.18859     0.32495     0.18665    0.042777     0.26432     0.92452     0.16787     0.26166]"
1,ind,SequentialSampler,1.1490827088477167e-10,"[    0.08939     0.28312     0.23457     0.09541     0.14564      0.2588     0.14703    0.080813     0.11861     0.90056     0.25785     0.32587     0.25918     0.62869     0.36618     0.46894       0.341     0.39705     0.34283     0.58287     0.39374     0.61687     0.60106     0.52827     0.47933     0.27213
     0.11524     0.30936     0.16553     0.33513     0.13926     0.21416     0.20209     0.19018      0.2065    0.098461    0.036044     0.11728     0.09886     0.15929     0.15529    0.085393     0.12322     0.11549    0.054294    0.061903    0.068976     0.16721    0.097706     0.16819]"
1,ind,SequentialSampler,0.0004666141462373024,"[   0.054177    0.059669     0.09533     0.22077     0.15054    0.027366     0.14259     0.27476      0.2217     0.42393    0.057514     0.47113     0.21726     0.19665     0.25647     0.47632     0.46853     0.14612     0.13949     0.15738     0.23798     0.79651     0.25412     0.24528     0.21514     0.13763
     0.14313     0.13957     0.10879    0.092439     0.10963    0.064424     0.11349     0.10864     0.24077     0.13059     0.10012     0.13408      0.5748     0.22488    0.069007    0.095797     0.22093     0.73598    0.082849    0.098923     0.07212    0.064764    0.066687    0.097563]"
1,ind,SequentialSampler,1.281617613358335e-08,"[   0.039543     0.39173      0.2884     0.16621     0.18149     0.17929     0.14344     0.13047     0.15903    0.058396     0.09149     0.13001      0.1805     0.20721      0.9956     0.16377     0.51338     0.98201     0.60375     0.32256     0.13089     0.17595     0.27602     0.28127     0.22938    0.051309
     0.15168     0.12023     0.13476    0.088418    0.095625     0.10276     0.10084    0.061765    0.046702    0.079692    0.051882    0.099195    0.072039     0.06264    0.038809    0.066684    0.096347    0.098383    0.070135    0.069382    0.094853    0.052991      0.0799    0.048882]"
1,ind,SequentialSampler,0.027178678465182238,"[    0.10333     0.32011    0.035431    0.068265    0.066952    0.093731      0.1297     0.11061    0.094767      0.2413     0.08635    0.087574    0.073898     0.11017    0.065913    0.045928    0.032892     0.09882     0.21207      0.1066    0.035572    0.047831    0.084251    0.066476    0.065971     0.78347
      0.6369     0.41783     0.66611     0.67186     0.62049     0.67939     0.78035     0.44494     0.55728     0.71755     0.65321       0.696     0.74333     0.50646     0.65256     0.68456     0.64114     0.20288     0.34276     0.60071     0.30754     0.40635      0.3789     0.12024]"
1,ind,SequentialSampler,0.00019131863736034733,"[    0.17702     0.12664     0.23691     0.17817     0.15475           1     0.64125      0.1782     0.31306      0.3015     0.32385     0.53061     0.96724     0.44089           1     0.48826     0.99904      0.4438    0.058069     0.84386     0.78381     0.30208     0.48744           1     0.34832      0.4468
     0.51391     0.55633     0.69863     0.49008     0.91058      0.9066     0.21913     0.22055     0.86073     0.42545     0.10844     0.69345     0.22017     0.19646    0.076803     0.13709     0.19051     0.34391      0.2301     0.18245      0.1142    0.076856    0.077976    0.068611]"
1,ind,SequentialSampler,0.010299320265984563,"[    0.16354     0.99994     0.50639      0.3736     0.29941     0.57591    0.066441    0.091547     0.19714     0.67341    0.029471     0.68157     0.77784     0.67435     0.16388     0.24996     0.37993     0.72678    0.018673      0.8796     0.37179     0.25035     0.99037     0.40753      0.1807     0.66791
     0.63173     0.81933     0.71113    0.011139     0.74096      0.7285    0.011243     0.79547     0.22666     0.11916     0.41311    0.034537    0.017985     0.08222    0.075418    0.081914    0.032836      0.1153    0.030593     0.10529    0.031947     0.11553     0.08129    0.073532]"
1,ind,SequentialSampler,0.00030058481881818926,"[   0.064587    0.088579    0.020145    0.078072     0.10808    0.072784     0.15203    0.051241    0.065883           1           1     0.12381           1     0.36831       0.156     0.15622     0.17583     0.20513     0.33661    0.032539    0.073991    0.048361    0.060365     0.10949     0.11557    0.040404
     0.44846    0.044289     0.51123           1     0.54742     0.99957     0.56493           1      0.9309      0.0629     0.17751     0.16512     0.32311     0.35644    0.075563     0.31873    0.030313     0.13563    0.036515    0.098492    0.024643    0.032509    0.097728     0.12433]"
1,ind,SequentialSampler,0.0005787711409339811,"[     0.0629     0.87942     0.19866    0.098224     0.14394     0.21259    0.060091    0.067521    0.021227    0.066314    0.067941    0.049277     0.31665     0.57891     0.96071    0.015318     0.20985     0.17451     0.20343    0.011975    0.013104      0.1658    0.012916    0.023388     0.57478     0.80808
           1     0.99881      0.7226     0.63323     0.99953     0.74311     0.44941     0.22868    0.017126     0.08663    0.053304    0.045631     0.05534    0.046504    0.068811    0.048456     0.05062     0.85001    0.045343    0.014865    0.038511    0.012706    0.038469    0.016108]"
1,ind,SequentialSampler,0.00019131863736034733,"[   0.040957     0.38389    0.039647    0.014413    0.016176    0.018838    0.021234    0.044595    0.047973    0.063933    0.018342      0.1236           1    0.043505    0.064488    0.020506     0.13222    0.051639    0.051207    0.091531    0.076517     0.27316     0.23071    0.018941    0.068032    0.076638
    0.033324    0.030917    0.072926    0.026741    0.070723     0.20301    0.027268     0.10051     0.12194     0.17477           1     0.18505     0.20594     0.12337     0.11152     0.18839    0.043913    0.032825    0.096436     0.19222    0.015811     0.50297    0.040639     0.21674]"
1,ind,SequentialSampler,0.002406525116404218,"[    0.18485    0.069431    0.029021    0.034717     0.12036     0.11348    0.097725    0.087726     0.02665           1    0.023957    0.033043           1    0.043866      0.3554     0.45027    0.062105    0.067016      0.0195     0.28975    0.024608    0.024634     0.21744    0.091862     0.19157    0.055493
     0.06587      0.1754    0.030286     0.17893    0.031126     0.11501     0.12066    0.038874    0.084493     0.14626    0.033655     0.26634     0.30466     0.33825     0.16243     0.21209      0.2448     0.50409     0.12735    0.023113     0.13249    0.022814    0.026235    0.023472]"
1,ind,SequentialSampler,1.0531872043686928e-11,"[   0.027492      0.4711     0.29832     0.18589     0.99501    0.018204     0.89748     0.16621    0.026501     0.79196     0.29692    0.083056     0.38951     0.69494    0.012747      0.3693    0.015849     0.23175     0.01397     0.17607    0.023326    0.024295      0.2578     0.22743    0.078851     0.35685
     0.73517    0.019635    0.016702     0.16256     0.26616     0.17183     0.59246     0.01407     0.19949     0.20225     0.13781     0.10909     0.07263    0.073092    0.037063     0.05828     0.19888     0.70269     0.27276     0.16514     0.10429    0.027349     0.15577    0.047933]"
1,ind,SequentialSampler,1.8825563196120358e-06,"[    0.48635    0.028432    0.083018    0.099155     0.19627    0.045423     0.12803     0.34892     0.11016     0.03078     0.49051    0.027161     0.19843     0.16533     0.36626     0.19862    0.070934    0.087346    0.062174     0.74819           1     0.15551     0.10375    0.028236    0.074256    0.091974
    0.092465     0.06528    0.060941    0.059993     0.05691    0.058167    0.050967     0.11186     0.11336    0.035876     0.19665    0.020599    0.080988     0.07999    0.055224    0.065088     0.12341    0.074606    0.073487      0.1132    0.085344    0.078632     0.17841    0.042964]"
1,ind,SequentialSampler,9.496857280483418e-05,"[   0.021796     0.18523     0.53428     0.05017     0.99962      0.1402     0.24428     0.20448    0.020883     0.26591     0.15356      0.1689    0.025276           1           1    0.021483    0.042348     0.13815    0.021488     0.26589    0.026393     0.92247      0.7851    0.060976     0.89369      0.4296
     0.89556     0.91971     0.50315     0.76949     0.59056     0.47292     0.39108     0.81982     0.25468     0.91292     0.21696    0.061618     0.17463    0.042214     0.51628     0.30979    0.012413     0.29469     0.17655     0.25447    0.013344     0.11885    0.032336     0.16223]"
1,ind,SequentialSampler,0.023284310416977406,"[   0.028525      0.1939    0.024464    0.076945    0.078584    0.019426     0.18653    0.097538    0.064908    0.021278     0.12763     0.30019     0.16277     0.19281     0.28246    0.021882    0.095887    0.079044      0.1559     0.33654     0.58865    0.026117    0.011082     0.50007     0.29749      0.4285
    0.035859    0.020568     0.50196     0.28014    0.012262    0.017753           1     0.86254     0.31447     0.12304     0.13504     0.11296     0.13714      0.1434    0.027974    0.097752     0.11228    0.090038     0.10823     0.11445     0.30997    0.085016     0.12214      0.1836]"
2,ind,RandomSampler,0.0004666141462373024,"[    0.17929     0.58865    0.068809     0.13504     0.09533    0.068993    0.099271    0.043791    0.098046    0.067953     0.61449     0.13422     0.10619     0.38417    0.042964     0.73598    0.028094    0.065971     0.15503     0.50933    0.064587     0.27242    0.025959     0.64015    0.051956     0.18149
     0.14686    0.097521     0.15577     0.46109    0.051639    0.091939    0.012747     0.54879     0.21372    0.026004     0.23691     0.27308     0.62156           1     0.02113    0.016031    0.068916     0.21514     0.12848     0.15712      0.0932    0.040135    0.020499     0.19046]"
2,ind,RandomSampler,0.0013299072046171411,"[    0.42162     0.83996    0.076515     0.24047    0.060809     0.12398    0.044975    0.025413     0.39374     0.49499     0.37934     0.92394    0.072498    0.049631    0.059669    0.031449     0.85003     0.10977     0.98433    0.032539     0.17641     0.19638    0.042436    0.014879     0.96303     0.32872
     0.15054    0.058365     0.16819    0.011975    0.033838    0.023984     0.32256     0.10489     0.20508     0.47113     0.22689     0.15392    0.023252     0.07847     0.22925    0.072498    0.025167     0.10833    0.079342      0.1499     0.38493    0.020351    0.021227    0.063365]"
2,ind,RandomSampler,0.0035218399057343214,"[    0.27002     0.11788     0.84641     0.20066     0.10393    0.050021     0.11916    0.014028    0.095952      0.0374     0.17451     0.21144     0.16013     0.37782    0.063211    0.083056    0.030511     0.50196    0.021982    0.019018    0.037786    0.043786     0.12451    0.018838     0.10035     0.17206
    0.052991     0.14041    0.031407     0.50855    0.088418    0.040639     0.15547    0.025972    0.028209     0.17583     0.14747     0.22966     0.73457      0.2884     0.16455    0.065888    0.031497    0.044935    0.046731     0.29257     0.22854     0.12678    0.095804    0.079597]"
2,ind,RandomSampler,0.002406525116404218,"[    0.11557     0.12168    0.028525     0.21813      0.3366     0.46894     0.31034     0.11208     0.31389     0.10808    0.019422    0.016668     0.52234     0.35461    0.027015     0.74747    0.098323     0.10968    0.020373     0.18827     0.33169     0.53831     0.32461     0.47292     0.99402     0.10051
     0.26556     0.10753    0.036873    0.082675     0.27822     0.21726    0.041341     0.95183     0.42188    0.031849    0.045452     0.99975       0.104      0.1218     0.19069     0.10259    0.051493    0.051761     0.16526     0.13857     0.69085     0.47515    0.094672    0.033851]"
2,ind,RandomSampler,0.002406525116404218,"[   0.030551     0.30447     0.36463     0.50012    0.024233    0.080084     0.02574     0.11021           1     0.22067    0.057514    0.035517     0.10989     0.30208    0.028652     0.34142     0.52975    0.083337     0.38256     0.07814     0.16721     0.10963     0.17569     0.99998    0.074377    0.049974
     0.81435    0.023276    0.029867     0.99155     0.02373     0.21207     0.27719    0.034717    0.088457    0.098461     0.30043    0.033035    0.015849     0.35016    0.032836     0.60145    0.071017    0.064985    0.037811     0.18311     0.15217     0.49983     0.28392     0.14521]"
2,ind,RandomSampler,0.007285384085566508,"[    0.55809     0.14035     0.44583      0.0417    0.067472    0.083018     0.40635     0.22938    0.017133    0.041814    0.038319    0.051362    0.020145    0.057355     0.30361     0.55203    0.053863    0.064858     0.23955    0.097957     0.75678    0.028159      0.1348    0.033522    0.091724     0.19714
    0.024022     0.27997     0.10251     0.20817     0.11129    0.025972     0.24996     0.17266    0.068629    0.054875     0.67048    0.047112    0.067523           1    0.032306     0.04223    0.019699    0.071017    0.018651     0.13439     0.13631     0.72288     0.13603     0.14545]"
2,ind,RandomSampler,0.0007157538630616762,"[   0.022725    0.018235    0.070204      0.3732    0.032825     0.17595    0.021518    0.037851      0.1628     0.28127     0.16393     0.65074        0.25     0.28312    0.070563    0.027161    0.012413    0.019912     0.29018     0.35571     0.20172     0.07476     0.72628     0.07084    0.025433    0.068109
    0.027974     0.13711     0.10907    0.026501     0.20209    0.016468    0.018557     0.18474    0.098923    0.026805     0.08608      0.2217           1    0.012853     0.18123     0.13952     0.19945    0.074622    0.024228     0.14644     0.63911     0.13464      0.3911           1]"
2,ind,RandomSampler,0.0016253586231811982,"[    0.33731      0.6892     0.14768     0.13408    0.066531    0.069275    0.016798     0.13306     0.77958     0.60106    0.037586     0.08034    0.078926    0.020812     0.74062     0.24341    0.073461     0.44175     0.15735     0.26972       0.107           1     0.10345     0.09071     0.02752    0.029513
     0.02156     0.82459     0.27213    0.061765    0.074796     0.12322     0.60127    0.082249    0.023269    0.070665    0.062105    0.026543     0.21734     0.13053      0.0526     0.41865     0.16045     0.10883     0.46859     0.22827     0.21306    0.014413     0.15537     0.11957]"
2,ind,RandomSampler,0.0016253586231811982,"[    0.11283    0.019651     0.01836     0.13001    0.018289     0.33999     0.25647    0.065815    0.067914     0.19258     0.11928     0.82062     0.61073      0.0207     0.13059    0.052603     0.03029     0.24431    0.053296     0.85453     0.46944     0.19057     0.17707     0.52827    0.082142    0.061792
      0.8796    0.030286     0.03031      0.3826     0.28316     0.23267           1     0.36472    0.081162    0.016604     0.36487     0.42455     0.10041    0.023418     0.15569     0.13222    0.018682    0.061083    0.015406     0.15775     0.10991     0.34276     0.18595    0.030554]"
2,ind,RandomSampler,0.001980634470162494,"[      0.998     0.50581     0.47157    0.013189     0.12602    0.086235     0.10931     0.93087     0.18839     0.06543           1    0.032861           1    0.019018     0.17878    0.042214    0.028313      0.3843    0.016079      0.1782     0.10069     0.53691     0.41607     0.23468           1     0.10973
     0.71984     0.42594     0.60335    0.038908     0.14194    0.086163    0.077684           1    0.059774    0.056928     0.12045      0.7285    0.013162     0.19843     0.39468     0.09149    0.074305    0.058422     0.15931    0.062409     0.13616     0.13049     0.03926     0.79263]"
2,ind,RandomSampler,0.0008825360043522921,"[   0.085393     0.10876     0.17643    0.022551    0.018941    0.025016    0.029552     0.20703    0.026874     0.11847    0.036866     0.11093    0.013209     0.16537    0.079442    0.071262     0.32375      0.1598    0.026201    0.087574     0.16736     0.13007    0.022245     0.10678    0.026605     0.13957
     0.23999    0.014028    0.021483    0.015262    0.013104    0.016259     0.10422     0.17398     0.63009    0.053631     0.17806     0.07259    0.035876     0.48849     0.10575    0.052088    0.038219    0.093731     0.42464      0.1893     0.10876     0.78381    0.062381     0.16512]"
2,ind,RandomSampler,0.002406525116404218,"[   0.018029    0.035431     0.11831    0.077879     0.24945    0.043665     0.36369      0.1321    0.026393    0.033948     0.18136    0.072876     0.18665     0.17898    0.033043     0.66925    0.039696      0.0342    0.051309    0.023256     0.11323    0.048455     0.74547    0.020357      0.1297     0.16013
     0.80271    0.018297     0.54388     0.21451    0.059817     0.58826     0.35117    0.043689           1    0.057999    0.029805    0.023332      0.5742     0.29177     0.43966    0.074285     0.05287      0.1836      0.7468    0.034906     0.04087           1     0.73639     0.34832]"
2,ind,RandomSampler,0.007285384085566508,"[   0.034873     0.10429    0.074973    0.031825     0.18859     0.10916     0.30615     0.17456     0.27144     0.21943    0.014865     0.02331     0.13432     0.10148    0.040404     0.14316    0.041022    0.053945    0.028897    0.024295    0.023066     0.70238     0.42996     0.10074     0.53061    0.032336
     0.26166    0.031497     0.52611     0.64781     0.67048    0.036087     0.06595     0.11248     0.12395    0.038727    0.028525     0.25785    0.077071     0.01295     0.19124     0.10584     0.19565     0.09584     0.60818    0.017027     0.19281    0.089357     0.17043     0.34283]"
2,ind,RandomSampler,0.004241990803885136,"[   0.065162    0.011082    0.018749     0.10423     0.13044     0.11918    0.060984     0.13047     0.19874    0.020883     0.13714    0.015849     0.38847     0.23346    0.077417     0.01598    0.023388    0.032502     0.11524    0.068637    0.071921     0.12552     0.10268    0.020568     0.31326     0.11534
     0.22868    0.020591     0.16836     0.11544    0.033838     0.25374     0.18645     0.80294     0.78035    0.019426     0.11218     0.96426     0.81166    0.040557     0.14817     0.10081     0.10131    0.048361    0.021227    0.030131     0.14504     0.10917     0.12926     0.42349]"
2,ind,RandomSampler,0.0004666141462373024,"[          1    0.072567    0.030551     0.14304           1     0.39712    0.066946     0.18883     0.04391    0.043338     0.10597     0.10305    0.043913     0.26574     0.13073    0.017815     0.05835    0.017899           1           1    0.038511    0.051639    0.017133     0.36309           1    0.054616
    0.034868     0.16137    0.054405     0.27969      0.1817     0.78333     0.41783    0.062771     0.38665    0.082388     0.02752     0.13924    0.080339      0.1609    0.021238     0.29035    0.055178    0.064212    0.023603     0.05826    0.014988    0.028432     0.36618     0.57189]"
2,ind,RandomSampler,0.00030058481881818926,"[   0.097233      0.0223     0.26147    0.038745    0.052723     0.15712    0.078248     0.11058     0.12873     0.11884     0.07821    0.020599    0.028256    0.021988    0.026576     0.17272    0.074878     0.08139     0.32587     0.28269     0.95388    0.042777     0.11349     0.24361    0.086673    0.060976
    0.081989      0.0374    0.036044     0.15824      0.6146     0.79547    0.026468     0.57606    0.093843    0.034906    0.065925     0.17151     0.85001     0.48863    0.078742     0.07074    0.015862     0.04348     0.66231    0.021773     0.67351     0.17924    0.066476     0.17213]"
2,ind,RandomSampler,1.2813707062952988e-05,"[   0.016521     0.33728     0.53549     0.85752    0.038745     0.41838     0.42908    0.058422     0.36831     0.17091     0.15947     0.42635     0.10977    0.084558     0.53643     0.10287      0.2612    0.019651    0.081613     0.10491     0.53685    0.062865    0.068438      0.0195     0.57348     0.17621
     0.30997       0.173     0.14257    0.024445     0.11054     0.55847    0.059906   0.0090278     0.41315     0.62432    0.039375     0.14574    0.094767     0.54352     0.12267      0.1142    0.072637    0.013308      0.1152    0.033575     0.11741     0.67939    0.020604    0.023174]"
2,ind,RandomSampler,0.004241990803885136,"[    0.07999    0.080886    0.015925     0.19665    0.070723     0.74296     0.14238           1    0.087482     0.99908    0.018075     0.12664     0.34777     0.72289     0.38206     0.36323     0.12667     0.26789    0.076132    0.020991           1    0.038874    0.021625    0.030473     0.44769    0.012706
     0.68286    0.079321    0.016297     0.14728      0.7849    0.022575           1       0.407     0.11088    0.030855     0.24272    0.020274    0.031539    0.032509      0.5888     0.62545    0.023113    0.087658     0.32082    0.038188     0.05503    0.015291     0.62529    0.067742]"
2,ind,RandomSampler,0.002915486165864586,"[    0.17211     0.18896    0.064858     0.24176     0.88063    0.099718     0.61687     0.22019     0.11848     0.86643    0.092259     0.46558    0.038155     0.16787    0.046702     0.11728     0.11017    0.031225     0.13783    0.019376      0.5748     0.69324    0.095625     0.15537     0.12143    0.083908
    0.083091     0.18528     0.13647    0.027589     0.10219    0.085689    0.022724           1     0.29865     0.16636      0.4138     0.29749     0.12258     0.11191     0.15753     0.63759     0.03926           1      0.7493    0.075991    0.013855     0.12194     0.36751    0.075946]"
2,ind,RandomSampler,0.005094654101451861,"[    0.05714     0.37006    0.014206     0.23607    0.060058    0.030313    0.020629     0.17307     0.59965    0.020476    0.093858     0.15307           1    0.040009    0.012262     0.25412     0.05415    0.054944    0.038619     0.65819     0.10433     0.11228     0.20482     0.22991    0.055055    0.023336
    0.058533     0.88898     0.48706     0.59772    0.071005    0.058396    0.043202     0.16145    0.045259    0.068976    0.026235    0.061148     0.22098    0.068857    0.061903    0.027589     0.27837     0.33513     0.12387      0.0799      0.6783     0.29459     0.49398     0.46168]"
2,ind,RandomSampler,0.002915486165864586,"[    0.16708     0.61213    0.065971     0.33908    0.037793    0.083186    0.036873    0.046392     0.15163     0.40035    0.017126     0.04345    0.013308     0.35682     0.22013     0.99908    0.037661    0.040836           1     0.60659      0.0629    0.068639    0.045479    0.032912    0.028094    0.014523
    0.029867     0.23159     0.23943    0.023276    0.035721     0.10948    0.055485     0.15646    0.080636    0.012413    0.023388     0.43657      0.2148     0.69948    0.036291    0.091867     0.30791     0.14123    0.029825      0.4173     0.18771    0.085281     0.11069    0.021958]"
2,ind,RandomSampler,0.014394868112024752,"[   0.099713    0.015925    0.021882    0.083447     0.15437     0.02089    0.091228     0.34391     0.12439     0.51468    0.052254    0.087921    0.029471      0.3684    0.066341    0.040639     0.57591     0.21051    0.022345     0.66513     0.22689     0.58778     0.13308    0.078526    0.018342    0.078649
    0.015811    0.037063     0.52685     0.01962    0.021796    0.092439     0.17553    0.060247    0.044197     0.99227    0.066972    0.069133     0.79651     0.18991    0.031764     0.12212     0.18887    0.088339    0.053882    0.022551      0.3736           1     0.16553    0.095797]"
2,ind,RandomSampler,0.005094654101451861,"[   0.027148    0.011742     0.11067     0.24521    0.029217    0.042214     0.62432     0.72532     0.91971    0.057099    0.010336     0.19235     0.12881    0.018187    0.012853     0.14526      0.4159      0.2276    0.059215    0.014924           1    0.068151     0.10673     0.01836     0.15438    0.029909
     0.37176     0.14432     0.03078     0.57931     0.11044    0.038332    0.013005     0.15749     0.48744    0.086238    0.089507    0.047174     0.06716    0.011708     0.31852     0.01743     0.22954     0.13716     0.72046     0.11657    0.055352     0.50764    0.024634     0.39173]"
2,ind,RandomSampler,5.863623773692563e-05,"[    0.31314     0.11454     0.15027     0.15417     0.02665     0.08499    0.021972    0.047133    0.019343     0.49008    0.069787     0.13747     0.10511    0.045294     0.12763     0.20983    0.015012     0.60157     0.32527    0.015791     0.66574     0.35216    0.046612     0.17488     0.16934     0.40035
     0.24534    0.059993     0.13013    0.031539    0.034768    0.084493     0.10516    0.029981    0.047252     0.18132     0.22113     0.01518     0.28319    0.031764    0.038319     0.16354     0.10082    0.079376     0.10242     0.59428    0.073077    0.050508     0.10891     0.67427]"
2,ind,RandomSampler,0.002915486165864586,"[   0.032484      0.1316    0.023184      0.2102     0.23252     0.94419    0.016176     0.93371    0.019635     0.58287     0.16087     0.22055     0.45695     0.62049     0.59505     0.27799    0.027349    0.011139     0.12176     0.11178     0.10695    0.014295    0.072988     0.23175           1    0.024233
     0.64122      0.2362     0.04038    0.038619     0.28955     0.14363     0.10879    0.094853     0.29916     0.30717    0.023048     0.16134    0.017758      0.7976     0.56404      0.1152    0.047831     0.12803    0.034247     0.44022     0.15189     0.51338    0.022528     0.10433]"
2,ind,RandomSampler,0.001980634470162494,"[    0.22258     0.32495    0.027923      0.1471     0.25583      0.1196     0.28043    0.093369     0.28191     0.11133    0.059865     0.13947     0.71646    0.020215    0.019464    0.040149           1      0.2023      0.1554    0.016859    0.017985     0.13949    0.030473     0.26616     0.52172     0.43481
    0.065913    0.045494     0.48824     0.14612    0.013097     0.10532    0.013344     0.12966     0.11832     0.19724    0.045909    0.061618     0.65435    0.097206    0.034682     0.14216     0.73185     0.17973     0.17558     0.03374     0.15529     0.11861     0.84386    0.019383]"
2,ind,RandomSampler,0.0016253586231811982,"[   0.027366    0.073211     0.05662     0.14617    0.016986    0.096462     0.49051    0.032892     0.23798     0.11435     0.63556    0.021838     0.73911    0.076563     0.15827     0.37621     0.62043    0.075418     0.37779    0.027492    0.029404    0.041693    0.072986     0.22036     0.12995     0.67099
     0.28002    0.036986     0.44089     0.48826       0.594     0.11599    0.077403    0.078312    0.095051    0.056697    0.011082    0.017899    0.076075     0.35765     0.35364     0.36016    0.032912     0.12996     0.11567    0.015766     0.42545     0.83128     0.22256     0.11748]"
2,ind,RandomSampler,9.496857280483418e-05,"[    0.14313           1     0.34902    0.080864     0.18438    0.010336    0.016183    0.097752    0.065568    0.047933     0.22207     0.67573     0.27476     0.23303     0.19685     0.09886     0.19124     0.17226     0.02336     0.21878    0.087839    0.080265    0.080227     0.14259      0.2219    0.081644
     0.13162    0.072991    0.079844           1     0.12023     0.10966     0.77709      0.5696     0.23617     0.14688    0.059717     0.27159     0.47622    0.081345     0.19499     0.47933     0.66611     0.49317     0.11257     0.17751    0.032465    0.036666    0.057609     0.45576]"
2,ind,RandomSampler,0.004241990803885136,"[    0.60071     0.10243    0.030995     0.01407    0.029021    0.067534     0.87648     0.16118     0.30667     0.12259     0.83544           1      0.4468     0.10925     0.12015    0.030286      0.1142    0.092257     0.10064     0.34157     0.91607     0.23074     0.32939     0.45879      0.1754     0.39386
     0.49141     0.14262     0.06227    0.015811     0.13756     0.02113     0.16646     0.25759    0.023957     0.12436    0.025016     0.18161           1     0.10844    0.094953     0.30936    0.048069     0.63581    0.070476     0.13249    0.024406    0.062265     0.01397     0.13089]"
2,ind,RandomSampler,0.002915486165864586,"[   0.020506    0.018673     0.41865    0.036883     0.17287    0.054753     0.65881    0.042348     0.48316     0.43565     0.12725     0.23908    0.023326    0.022814    0.036854      0.4787    0.065973     0.70849    0.089477     0.56443     0.10449      0.6515      0.1074     0.25817    0.026117     0.47058
     0.53961      0.2588     0.22238     0.73317     0.16621     0.50646    0.059184     0.50726     0.10555     0.60318    0.018248     0.41088     0.17427    0.082849     0.57348    0.014615     0.17707     0.17676     0.14728     0.18622    0.097563     0.12214     0.10363     0.06528]"
2,ind,RandomSampler,0.008674643734299154,"[    0.15128    0.079692     0.81223      0.2715    0.023603      0.0412     0.98201     0.14991    0.011151    0.018075     0.47488    0.023957    0.016911    0.054294     0.51725    0.024475     0.07212     0.15062    0.011139    0.045423     0.19018    0.048456    0.077652     0.16171    0.026862    0.035951
     0.18245    0.032236     0.64779     0.11058           1    0.068132     0.29419     0.25589    0.022725     0.15924     0.02975     0.10823    0.066441    0.048882    0.024464     0.94166    0.051964     0.44535    0.020506    0.018204     0.13429    0.058744    0.089132    0.011152]"
2,ind,RandomSampler,0.0013299072046171411,"[    0.13033    0.064331    0.066081    0.027292      0.8628     0.14423     0.15078     0.64149     0.25981    0.073236     0.13299    0.070052    0.028263    0.026045    0.025316     0.20109    0.015195     0.11162    0.040533     0.11837     0.69501    0.083118     0.26289     0.18365     0.17257     0.11153
    0.068365    0.019248     0.42393    0.095005     0.47632     0.13036     0.17643    0.016571      0.4451    0.012554     0.12666    0.081057    0.015932    0.068639    0.011742     0.53521    0.075737     0.10744       0.139     0.45737     0.12493     0.31826    0.036515    0.083494]"
2,ind,RandomSampler,0.002406525116404218,"[    0.18289     0.44736    0.079222    0.023472     0.64159     0.38639     0.14041    0.025276    0.094322     0.39705    0.069382     0.23301    0.064339     0.26591    0.028374     0.59428     0.40917    0.050621           1    0.016031    0.037294     0.13845     0.99999    0.026576     0.14338    0.084777
    0.080813    0.057293     0.24077   0.0098245    0.032511     0.34326    0.016944    0.088962    0.032287    0.055048    0.047806    0.048015    0.014936    0.025264     0.82274    0.094887    0.052141      0.2065     0.17757     0.30068     0.11549    0.063232    0.016358      0.2115]"
2,ind,RandomSampler,0.004241990803885136,"[    0.60776    0.027292     0.49827     0.16349    0.032306    0.077577    0.021484     0.16122    0.044289     0.15738     0.36316    0.024489    0.031281     0.76107    0.018008     0.64017    0.074904     0.73281     0.10949     0.10343    0.076855    0.051369     0.16477     0.10051      0.3759     0.76689
     0.16033       0.205    0.061854     0.90056    0.021614     0.23304    0.057792     0.30019    0.033655     0.21666    0.014296     0.57836     0.26856    0.029217     0.17923    0.052279    0.077948     0.42464     0.05634     0.09882     0.12815    0.063943    0.077976    0.061147]"
2,ind,RandomSampler,7.473758386244858e-05,"[   0.074207     0.92452     0.24252     0.27025     0.12036     0.23754     0.10864     0.13964     0.14344    0.061231    0.093205    0.093347    0.024599     0.82794      0.4026     0.14623     0.12207     0.28577    0.028677     0.08663     0.23769    0.029432     0.10276     0.41488     0.10207      0.7225
    0.018032     0.16721    0.081608     0.34763     0.11555    0.035721    0.051478    0.042861    0.033324    0.011514       0.129    0.085149     0.13793    0.039543    0.032612     0.13926     0.14177     0.31862    0.068265    0.023051     0.14251    0.041662    0.075399    0.077976]"
2,ind,RandomSampler,0.023284310416977406,"[      0.341     0.59709     0.10011    0.017518    0.067033    0.084128    0.031703     0.26596    0.055165    0.036069    0.035876     0.14411     0.12855     0.21416    0.085832     0.64015    0.017027     0.39236    0.028209    0.086531     0.15162    0.031077     0.15168     0.01529     0.13476     0.18653
     0.35328    0.066687    0.047349     0.10003    0.058101    0.022245           1     0.15929    0.032509     0.58207     0.13136    0.026605    0.017789     0.72332     0.13849           1     0.92007     0.12937     0.02156     0.92496    0.021614    0.031225     0.37546    0.072716]"
2,ind,RandomSampler,0.008674643734299154,"[   0.041155     0.15903     0.98287    0.036907     0.10762    0.092642     0.82051     0.23233    0.072926    0.037921     0.21913    0.013806    0.082352     0.07273      0.1693     0.74333     0.22771    0.034529     0.01237    0.053918    0.017954    0.096347    0.015791     0.15957    0.019814     0.16047
    0.079471    0.017985    0.024643    0.021243     0.10532    0.094853     0.29832     0.61017     0.22373     0.14703    0.093979     0.37073     0.27677     0.05559    0.071441    0.046368    0.022432     0.11816     0.05994     0.12907    0.089865    0.016259     0.19968      0.1164]"
2,ind,RandomSampler,0.007285384085566508,"[    0.61116     0.23046    0.041969    0.088869    0.067345           1    0.021594     0.75565    0.023628     0.22032     0.07132     0.79637    0.022925     0.17463    0.049059     0.17127     0.65881     0.53187     0.18617    0.076945     0.53426    0.048433    0.069007    0.031658    0.078424    0.092223
     0.25178     0.11366     0.11476    0.065451    0.029805    0.031947    0.024049    0.027372     0.21091     0.69945     0.25213     0.20343     0.03064     0.54515    0.020688     0.03455    0.070476    0.022925     0.15471     0.14336     0.10823    0.080567    0.040017     0.62075]"
2,ind,RandomSampler,0.010299320265984563,"[   0.011243     0.24528     0.10084    0.018747    0.042339    0.037914     0.39122    0.095951     0.93853     0.36903    0.034537    0.079269    0.064562     0.19774     0.12317    0.012635    0.022528     0.22488     0.53426     0.31057    0.067941     0.55633      0.2336    0.033261    0.031658     0.52375
    0.062226     0.25972    0.095809    0.036866     0.55656     0.48744    0.043989    0.070912     0.17808     0.22077     0.39754     0.12748    0.016702     0.12973     0.44037     0.16377    0.064424    0.089339    0.054405     0.18707      0.8527    0.012313     0.84416     0.31229]"
2,ind,RandomSampler,0.0010849682217812634,"[   0.065501    0.017199     0.13828     0.34157     0.59504    0.048747     0.21587     0.20274    0.063692     0.24607       0.701    0.096294      0.3861    0.021863    0.079085     0.07263    0.021488     0.17217           1    0.031259     0.37961     0.26529      0.2013     0.17791     0.40758     0.16897
    0.059111    0.021929     0.23039     0.49139    0.021929    0.046072    0.089241    0.070036    0.026805    0.088871     0.25397    0.012867     0.57338    0.053882    0.027677    0.058149     0.11389     0.64128     0.22093     0.05191     0.21028    0.095446    0.071155    0.046328]"
2,ind,RandomSampler,0.0005787711409339811,"[    0.16573     0.15923     0.25918     0.77673    0.063406    0.041969     0.22017    0.052499     0.10529     0.16759    0.021625      0.1069     0.36485     0.18175      0.6321     0.11989    0.012347           1    0.027706    0.031225     0.42437     0.17483     0.10641     0.51763    0.011975    0.027268
     0.75463     0.48302     0.84882    0.046392     0.11314    0.022095     0.11056      0.4438    0.012916     0.89474     0.21227     0.69419    0.031478           1     0.15743     0.04459    0.052991           1    0.081761    0.077577    0.077522     0.60375     0.17113     0.14394]"
2,ind,RandomSampler,0.0035218399057343214,"[   0.026859     0.10012      0.9999    0.025835    0.038607     0.55863     0.17415      0.1805    0.087358    0.019426      0.1259     0.32837    0.060365     0.20482    0.065851     0.10544    0.027015    0.064908     0.25013    0.061413     0.12206    0.068747     0.15675      0.6681     0.76725      0.1497
      0.5126     0.19818           1    0.014709    0.045001     0.11952    0.027576    0.073991    0.025316      0.9956      0.7079     0.29542     0.06723     0.47746     0.50315    0.011037    0.048396     0.19222     0.31414     0.20288     0.05691    0.019411    0.028897    0.043505]"
2,ind,RandomSampler,0.0013299072046171411,"[    0.09614     0.62869    0.073532    0.039547    0.040947    0.083206    0.043724    0.026741     0.17765     0.14706    0.049874    0.021567     0.49463     0.21749    0.021278    0.060365    0.024128    0.079512    0.054177     0.58013     0.10644    0.063325    0.018682           1     0.46041       0.261
     0.02089     0.10451     0.24023    0.041437    0.031318     0.64183     0.16077    0.045716     0.99214           1     0.36437    0.026394    0.031449     0.44748    0.062801    0.048099     0.25764     0.66173     0.58929    0.031126    0.091928     0.10769    0.029824    0.014206]"
2,ind,RandomSampler,0.0007157538630616762,"[    0.93837     0.18782     0.12089    0.083847           1    0.034213    0.020668     0.27561    0.051015     0.38079     0.10988     0.19619      0.0223     0.01607     0.12707     0.38373    0.086294    0.033018     0.18245    0.026279     0.74966    0.090194    0.057692     0.34832     0.10755    0.064529
    0.077934     0.12091    0.050075    0.064764     0.11774      0.1592     0.19044     0.34124    0.067711    0.024467    0.023195      0.1269     0.22617     0.97803    0.074842     0.20845     0.17631     0.12162     0.02467    0.069346    0.014056     0.03374     0.19923     0.11532]"
2,ind,RandomSampler,0.002406525116404218,"[    0.14964     0.26432     0.16255    0.066953    0.066287    0.097706    0.087346    0.088952    0.057636      0.6766     0.94495     0.99962     0.20492    0.026145    0.082283     0.27941    0.028236     0.09967    0.087904     0.10407    0.063185     0.06615     0.09541     0.71948     0.14564           1
    0.016154    0.033538    0.078649    0.084151    0.020404     0.16941     0.21695     0.53055      0.1442    0.030917    0.014639    0.077069    0.040135    0.034529     0.27602           1    0.086731    0.092895     0.16069     0.24428    0.073136    0.031407     0.55524       0.341]"
2,ind,RandomSampler,0.008674643734299154,"[    0.25786           1     0.08939     0.05719     0.13922     0.32928    0.071715           1    0.046781     0.38439     0.57591      0.4974    0.098126    0.037178    0.031822    0.021234     0.15969    0.059473    0.037644     0.98418    0.045328     0.33854     0.14245     0.11931     0.46437    0.016108
    0.043866     0.17295     0.11311    0.030263     0.37487     0.47537     0.33326    0.014924     0.46853     0.18485    0.030593     0.44494    0.021982     0.59056     0.16192     0.40317    0.034247     0.44273    0.047973     0.35096    0.012403     0.62262    0.099926     0.19921]"
2,ind,RandomSampler,0.006101096083022006,"[    0.31641     0.19675     0.22956     0.13763     0.11011     0.38474     0.29268           1     0.12086    0.039375    0.070048     0.17893     0.15651     0.60971    0.087292     0.24721    0.015318    0.017753    0.026072     0.11565     0.17502      0.6584     0.15358     0.12044    0.024176     0.14711
     0.99999     0.45359     0.35512    0.067016    0.040434    0.074131    0.091825    0.068008     0.19384      0.1509    0.092169      0.2985    0.026859     0.43148    0.045321     0.15009    0.094468     0.24256     0.10568     0.14186     0.11884    0.040434     0.47131    0.029404]"
2,ind,RandomSampler,0.002915486165864586,"[    0.12711    0.025959    0.029829     0.23457     0.16909     0.48926     0.19665     0.21674    0.072758      0.1175     0.89556     0.10358     0.79682           1    0.097555    0.035829     0.13563     0.99946      0.7416     0.70046    0.035249     0.92481    0.012995    0.035829     0.12098     0.33096
    0.091592     0.11347    0.099309     0.85938     0.21259     0.53683    0.038607    0.027496    0.067811     0.45698     0.12977     0.06232     0.26625     0.08826    0.012867      0.7302     0.71955     0.29061     0.16805     0.12214    0.060467    0.053504    0.031947      0.1353]"
3,ood,ClusterSampler,3.3443859798121626e-15,"[    0.64992     0.41371           1     0.74708           1     0.48497     0.38309     0.64136     0.15575     0.20063     0.17366     0.44044     0.19261           1     0.99477     0.94416     0.92891     0.35204     0.55348     0.10849     0.99945     0.99997           1    0.065587    0.084307     0.13586
     0.95666      0.4977     0.44677     0.47169     0.38726           1           1           1           1     0.15059           1    0.068165           1     0.44044     0.12087     0.11903           1           1     0.39725     0.16717     0.26041      0.2649           1     0.12792]"
3,ood,ClusterSampler,0.0013299072046171411,"[    0.41983      0.2899      0.1236     0.21235    0.052315     0.14424           1     0.37002     0.97349           1     0.50782     0.60384     0.49621    0.048056     0.15225     0.12546    0.046029    0.057689    0.051745           1     0.17198     0.66665     0.51875     0.25148     0.22905     0.29083
     0.99022     0.28304     0.30604     0.38478     0.28088    0.033418     0.15084     0.90856           1     0.40398           1     0.96642     0.33297           1    0.045958    0.078888    0.074977     0.90554     0.50192     0.14424     0.79871     0.10809    0.077792       0.122]"
3,ood,ClusterSampler,0.01989177048074744,"[    0.41618     0.97606     0.18029           1     0.15598     0.11189     0.13928     0.11872    0.085049     0.27377     0.11587     0.12043     0.22459     0.17051     0.38408    0.038319    0.060065    0.062463    0.037371    0.070923    0.060835           1    0.037875    0.086457     0.94174     0.99243
     0.17697     0.45521     0.69413     0.49374     0.57775     0.28815     0.39176     0.19355    0.082984    0.054342    0.047158    0.061202    0.049666           1     0.96276    0.093972    0.076896      0.1236    0.052315     0.49984     0.71562     0.92892     0.99971     0.82356]"
3,ood,ClusterSampler,3.5406478106128434e-28,"[          1           1           1           1           1           1           1           1     0.96519     0.64733     0.10566     0.25156     0.10587     0.11568      0.1953     0.96729      0.9994     0.99944    0.058141    0.066696           1    0.085017           1           1    0.083651           1
     0.21474     0.24085     0.87233     0.99687     0.60346     0.99394      0.7123           1     0.78031           1           1           1           1           1           1           1     0.66535     0.40779     0.47185     0.35881     0.45264     0.45919     0.10334     0.27487]"
3,ood,ClusterSampler,4.34143679527947e-07,"[    0.11968           1     0.13268     0.13106           1           1           1           1     0.73456     0.46639     0.99477           1     0.74562     0.22821     0.81874     0.80183     0.44659           1     0.19737     0.19275           1     0.99995     0.67674           1     0.10441     0.43138
     0.02813     0.90522     0.69658     0.62192           1     0.77672           1    0.037471    0.055686     0.95166     0.49752     0.71405     0.47051     0.32844     0.46664           1     0.28969     0.24971           1     0.96359     0.99039           1     0.62818     0.98743]"
3,ood,ClusterSampler,0.007285384085566508,"[          1           1     0.60023           1     0.55686           1      0.3273     0.67535     0.19737    0.050587      0.1242    0.064763     0.82334     0.16346     0.55458     0.25051           1     0.27753           1           1     0.13272           1           1           1     0.11674     0.90018
     0.48417           1     0.22459           1           1     0.60427           1           1           1           1           1     0.40965           1     0.24753           1     0.99477     0.48361     0.99985           1           1           1           1     0.17817           1]"
3,ood,ClusterSampler,4.586233552928817e-05,"[    0.25372           1           1      0.2275           1           1           1     0.14066      0.2458        0.18     0.20739     0.22219      0.3273    0.099539     0.19333     0.27048     0.67379     0.28815     0.88408     0.27806     0.14845     0.12854    0.082415     0.46027     0.82334     0.57614
     0.65889     0.10286     0.08527     0.11942     0.16538     0.10229     0.11537     0.78395     0.86298      0.9475     0.99533     0.86745           1     0.84646     0.62188     0.11001    0.058186    0.092145    0.090091           1     0.12123     0.21704           1     0.47225]"
3,ood,ClusterSampler,5.741556302555711e-06,"[    0.70746    0.036544    0.042079    0.025958    0.056227     0.10177    0.056189     0.99999           1           1     0.99923           1      0.3175     0.10853     0.42931           1     0.27806           1           1    0.030358     0.11197     0.35212     0.86435     0.44235     0.25824     0.29486
     0.15048      0.1577           1           1           1           1    0.096542    0.080754           1    0.089101           1           1    0.058781           1     0.83402     0.99095     0.99488     0.86287     0.34297     0.97144     0.99114           1     0.65566           1]"
3,ood,ClusterSampler,1.281617613358335e-08,"[          1           1           1           1           1     0.96822     0.77677    0.097529    0.059133     0.23461     0.63916     0.33559     0.26144    0.065672    0.081668           1     0.11034    0.046222      0.4633     0.32979     0.23952     0.99971     0.99254           1           1    0.093635
    0.093006           1           1           1     0.44291    0.079797    0.083089     0.58294    0.076896    0.040261           1     0.14705           1     0.79064    0.046574     0.75454     0.18342     0.43097     0.73961     0.64686           1           1           1           1]"
3,ood,ClusterSampler,7.527005327674752e-06,"[          1      0.5696           1     0.65749     0.89834     0.79651     0.17818     0.95991     0.43871     0.19389     0.14731     0.12211     0.10681     0.13523     0.16376     0.12442     0.86553     0.14204      0.1208           1     0.28835           1           1     0.63231           1     0.42708
      0.2509     0.32294     0.33289     0.14286      0.5102      0.1525     0.48789      0.6945     0.58346     0.59625           1           1     0.61146     0.81557     0.39013     0.42356     0.31929     0.45527     0.37248    0.060115     0.11743     0.19542           1           1]"
3,ood,ClusterSampler,7.790703691477819e-11,"[    0.77137    0.068372     0.48037    0.049609     0.21764     0.87811     0.14735           1     0.99973     0.17941     0.18747           1           1           1      0.2402    0.029531           1           1           1           1           1           1     0.82565     0.92203     0.90598     0.64709
     0.18887     0.27491     0.19512     0.26279           1     0.46451     0.12178    0.049228           1           1     0.64136           1     0.99095     0.36377     0.18636     0.30246     0.15264           1     0.46769     0.12102     0.12178           1     0.16552     0.21261]"
3,ood,ClusterSampler,3.480378247557708e-13,"[          1     0.21086           1           1           1           1           1           1     0.10318    0.080599     0.30246    0.072222     0.15264     0.18555     0.08097    0.064763           1    0.047948    0.069289     0.04866     0.12123     0.12598     0.15752     0.15287    0.052205     0.46352
           1     0.28441           1           1     0.82356     0.41387     0.41371           1     0.15417      0.1813    0.086444     0.38309           1    0.026611     0.20776     0.17584     0.80026     0.92574           1           1           1           1    0.064155    0.026611]"
3,ood,ClusterSampler,2.7797480290361256e-05,"[   0.042513     0.59366     0.58904           1     0.90258     0.44747     0.98437     0.61722     0.45523     0.67236     0.35545     0.50367     0.95992           1       0.132     0.24187     0.32704           1      0.9776           1     0.67091     0.81154    0.034932     0.99705     0.99046           1
     0.81612     0.99993           1    0.086604    0.035874    0.049633     0.25289      0.4978     0.69718     0.26525     0.91851           1           1     0.99998           1     0.27048    0.063504           1           1     0.07808    0.047034     0.99842     0.49102     0.13546]"
3,ood,ClusterSampler,1.057244330296412e-06,"[    0.98437    0.049228    0.028637    0.053124    0.020738     0.05098           1     0.99808           1           1           1           1    0.041107    0.039307    0.043704    0.035278    0.059668     0.61197     0.55574           1      0.7353           1    0.085017     0.09126     0.08423     0.90712
     0.43014     0.19444           1           1     0.93653           1     0.19275    0.027841    0.053124     0.02813     0.20063     0.10566     0.11671     0.21845    0.083063    0.060754           1           1     0.11515           1    0.049893    0.086444    0.058938     0.36377]"
3,ood,ClusterSampler,2.2305576203473523e-13,"[    0.22895     0.17345    0.070513     0.12159           1     0.14771     0.26536           1     0.15027           1           1           1           1           1           1    0.069278     0.25044     0.35943     0.18514      0.2296           1     0.77598           1           1     0.99968           1
    0.047665     0.60728     0.52922      0.5989     0.99998     0.99991     0.67653           1           1     0.48497     0.17731    0.049893    0.096278           1           1           1     0.42136     0.19261     0.33475           1     0.96608     0.15148           1     0.99903]"
4,ood,SequentialSampler,0.0004666141462373024,"[    0.80026     0.92574           1           1           1           1     0.71562     0.92892     0.99971     0.82356           1           1     0.74562     0.22821     0.81874     0.80183     0.44659     0.99947           1           1     0.12178           1           1     0.33289     0.14066      0.2458
        0.18     0.39725     0.20739     0.22219      0.3273    0.099539     0.19333     0.27048     0.67379           1     0.28815     0.88408     0.27806     0.14845     0.12854     0.16717     0.64992     0.41371           1     0.74708           1     0.48497    0.096542    0.080754]"
4,ood,SequentialSampler,1.2647902598912282e-07,"[    0.19737    0.082415           1     0.16346    0.089101     0.19275           1     0.99995     0.67674           1     0.10441     0.43138    0.049228    0.028637    0.053124    0.020738     0.05098    0.083089           1           1           1           1           1           1     0.16552     0.21261
           1           1           1     0.21086    0.049893    0.086444     0.10809     0.02813    0.058781    0.058938     0.38309     0.58294     0.55458     0.96519     0.64136     0.64733     0.26041      0.2649           1     0.12792     0.41983      0.2899           1           1]"
4,ood,SequentialSampler,5.236322960823474e-10,"[          1           1           1           1     0.15575     0.20063     0.17366     0.44044     0.19261    0.064155     0.10566     0.25156    0.047776    0.062449     0.11121    0.058679    0.078543    0.054357    0.077792       0.122           1     0.83402     0.99095    0.026611    0.042513     0.99488
     0.10587     0.36377     0.22895     0.17345     0.11568    0.070513     0.10318    0.080599     0.30246    0.072222     0.15264     0.18555      0.1953     0.14286      0.5102      0.1525           1     0.99477     0.94416     0.48789           1           1     0.99808           1]"
4,ood,SequentialSampler,0.13978738073138175,"[          1           1     0.25051           1     0.27753           1           1     0.13272     0.59366     0.58904           1     0.90258     0.44747     0.92891     0.46027     0.08097    0.064763     0.82334     0.57614     0.65889     0.10286     0.08527     0.11942     0.16538     0.10229     0.11537
    0.076896     0.98437    0.040261      0.1236     0.21235    0.052315     0.42078     0.49907     0.25001      0.2829     0.14424     0.79871      0.4899     0.32294           1           1           1           1           1           1     0.90522     0.69658     0.62192           1]"
4,ood,SequentialSampler,0.0008825360043522921,"[    0.77672           1     0.86287     0.34297     0.97144     0.99114           1     0.65566     0.61722     0.45523     0.67236     0.35545     0.50367     0.95992     0.96729      0.9994     0.12159     0.99944           1           1     0.78395     0.86298      0.9475     0.41618     0.99533     0.86745
           1     0.84646     0.62188     0.11001     0.97606           1     0.18029           1     0.15598     0.11189     0.13928     0.11872      0.6945     0.58346     0.59625           1           1     0.61146    0.058141    0.066696       0.132    0.058186           1       0.887]"
4,ood,SequentialSampler,1.281617613358335e-08,"[   0.085017     0.24187     0.32704           1      0.9776           1     0.67091     0.81154    0.041107    0.039307    0.043704    0.035278    0.059668     0.14705           1           1           1           1           1           1     0.14771     0.26536           1           1           1     0.15027
    0.047948    0.069289     0.11674    0.034932    0.083651     0.04866     0.61197     0.55574     0.90018     0.96822     0.81557     0.77677     0.37002     0.97349           1     0.50782     0.60384     0.49621           1           1           1           1           1           1]"
4,ood,SequentialSampler,4.34143679527947e-07,"[    0.39013     0.42356     0.31929     0.45527     0.37248    0.060115     0.11743     0.19542    0.048056     0.15225     0.12546    0.046029    0.057689    0.051745    0.092145    0.090091           1     0.21474     0.24085    0.037471    0.055686     0.87233    0.097529     0.12123     0.12598     0.15752
    0.059133     0.15287    0.069278     0.25044     0.35943    0.052205     0.18514      0.2296     0.23461     0.35204     0.55348     0.10849           1           1     0.77137     0.99945     0.99997           1           1      0.7353     0.79064           1     0.48417           1]"
4,ood,SequentialSampler,0.09637896863675012,"[    0.22459           1           1     0.60427    0.068372     0.48037     0.98588    0.049609     0.21764     0.87811           1     0.12123     0.21704           1     0.47225     0.70746    0.085049     0.27377     0.11587     0.12043     0.22459     0.17051     0.16426     0.95166    0.046574     0.15823
     0.24271    0.095214           1     0.75454     0.18342     0.43097     0.17198     0.66665     0.73961     0.64686           1           1           1           1           1           1     0.99705     0.99046           1     0.81612     0.99993           1     0.99687     0.60346]"
4,ood,SequentialSampler,0.004241990803885136,"[    0.99394      0.7123           1     0.78031     0.49752     0.71405     0.47051     0.32844     0.46664     0.38408     0.63916     0.33559     0.14735     0.26144           1     0.99973           1           1           1     0.51875           1      0.5696           1           1     0.65749     0.89834
     0.79651           1     0.17818     0.95991     0.43871     0.19389     0.14731     0.25148     0.77598           1           1     0.99968           1           1    0.065672    0.081668     0.28969    0.085017           1           1     0.11034     0.24971           1     0.96359]"
4,ood,SequentialSampler,7.884225602644668e-07,"[    0.99039           1     0.62818     0.98743    0.047665    0.036544    0.042079    0.025958    0.056227     0.10177           1           1           1           1           1           1     0.17941     0.18747           1           1           1      0.2402    0.065587    0.084307     0.11414    0.029531
    0.046222     0.13586     0.60728     0.52922           1     0.95666      0.5989     0.66535     0.22905     0.29083     0.99022     0.28304     0.30604     0.38478           1           1           1           1           1           1     0.40779     0.47185     0.35881     0.45264]"
4,ood,SequentialSampler,1.8825563196120358e-06,"[    0.45919    0.086604     0.10334     0.27487    0.038319    0.060065    0.062463    0.037371    0.070923    0.060835    0.053375    0.076721     0.82565     0.92203     0.90598    0.035874    0.049633     0.64709      0.4977     0.44677     0.12211     0.10681     0.47169     0.38726     0.09126     0.18887
     0.27491     0.08423     0.19512     0.26279     0.11968      0.4633     0.32979     0.23952           1     0.13268     0.13106     0.46352           1           1     0.99998     0.28441           1           1     0.40965           1     0.24753           1     0.99477     0.48361]"
4,ood,SequentialSampler,0.06480869665940504,"[    0.25289      0.4978     0.99991     0.69718     0.26525     0.67653     0.90712     0.43014     0.19444           1           1     0.93653     0.13523     0.16376     0.12442     0.86553     0.14204      0.1208    0.056189     0.91851    0.037875    0.086457     0.28088    0.033418     0.94174     0.99243
     0.17697     0.45521     0.15084     0.69413     0.49374     0.57775           1     0.99985     0.99999           1           1           1           1           1           1           1           1           1           1           1           1           1           1     0.99254]"
4,ood,SequentialSampler,0.006101096083022006,"[     0.8474           1           1     0.80183           1           1           1           1     0.12178           1           1           1     0.55686           1        0.18     0.39725     0.25343     0.66921           1     0.99917           1     0.45473     0.67379           1      0.4392     0.41901
     0.40115     0.39176    0.085428     0.16717     0.64992           1           1           1           1     0.34837    0.096542    0.092553     0.19737    0.082415           1     0.16346    0.089101     0.24651           1     0.99999     0.93626           1     0.38507     0.43138]"
4,ood,SequentialSampler,1.2647902598912282e-07,"[   0.049228    0.031428    0.036824    0.027999    0.062604      0.1242           1           1           1           1           1           1     0.32507           1           1           1           1    0.098766    0.056223     0.15984     0.10809    0.029597    0.062778    0.058938     0.57344     0.66189
     0.55458     0.98387     0.64136     0.57828     0.26041           1           1     0.96642     0.41983     0.27677           1           1           1           1           1           1     0.40547     0.29544     0.42229     0.49702     0.19261    0.072016     0.10566      0.3201]"
4,ood,SequentialSampler,2.1540431996748815e-05,"[   0.045958    0.057737    0.052306    0.047158    0.078543    0.042425      0.1364     0.11197           1     0.11226     0.45885    0.042502    0.042607           1    0.092767     0.71825     0.10091    0.089217     0.11903     0.20776    0.083063     0.18636     0.30246    0.067367     0.15264     0.23934
     0.16752     0.17584           1     0.46639           1     0.94128     0.94416           1           1           1      0.4931     0.12691           1           1     0.25051           1     0.27753     0.98328           1     0.68612     0.35212     0.36176     0.76351     0.90258]"
5,ood,RandomSampler,0.0010849682217812634,"[          1     0.21235           1           1    0.097529           1     0.66665     0.19261     0.25051           1     0.90522           1           1     0.21474     0.28088    0.058323    0.036824     0.87332     0.61197     0.49907     0.99975      0.7537     0.14705     0.47169           1           1
           1     0.11903     0.71562           1     0.42078     0.25001           1     0.87233     0.46027     0.65566     0.57775    0.029531     0.14731     0.23492     0.33289     0.92891    0.095214           1    0.056189           1     0.71825     0.60728           1           1]"
5,ood,RandomSampler,0.0016253586231811982,"[    0.99985     0.55458     0.11587    0.086444     0.10229           1      0.3418     0.80026           1           1     0.78031           1           1      0.6945     0.26144    0.085017           1     0.43014     0.99998     0.15148     0.09126     0.17198    0.086444     0.32979           1     0.16636
           1      0.4633    0.060754     0.99022    0.037875           1     0.21235           1     0.13523     0.22219    0.055686     0.02813    0.046222           1           1    0.051745    0.056682     0.99394    0.049609     0.94416     0.04655    0.076003     0.99999           1]"
5,ood,RandomSampler,0.004241990803885136,"[          1           1    0.049228     0.41983           1           1     0.51875           1     0.24753     0.44044    0.092767     0.49984           1     0.12598     0.80183     0.12043    0.068372           1     0.38309     0.41901     0.19275     0.02813     0.99488      0.2899           1     0.14204
           1    0.083651     0.82565     0.22459           1     0.45919     0.48037     0.35881     0.98058           1           1           1     0.58904    0.047665    0.064763     0.99046     0.61146     0.33559    0.064155           1     0.16552     0.21764    0.089101    0.086604]"
5,ood,RandomSampler,0.0013299072046171411,"[    0.19905     0.26536    0.046029     0.98437           1     0.35545           1     0.31929    0.053124    0.052916    0.083063           1     0.21704     0.12546     0.12979     0.10566           1    0.070923     0.45264    0.073906     0.91299           1    0.096542     0.13586     0.41371      0.2649
     0.37002           1    0.056223     0.19333     0.67653     0.43871     0.74562     0.44747     0.70746     0.59625     0.99997     0.67091    0.054357           1           1           1    0.054415    0.035874           1           1           1           1     0.23952     0.43097]"
5,ood,RandomSampler,0.016945555236092667,"[    0.22905     0.18555        0.18    0.090091     0.90712      0.4978           1           1     0.14286    0.060121     0.99039     0.42356           1           1    0.028637     0.48497       0.887     0.64992           1     0.17366     0.15287    0.062449           1       0.122     0.19444           1
           1     0.96519     0.10681     0.11872     0.95992    0.072222     0.12593      0.2275     0.24187     0.15084     0.22821     0.40606           1           1    0.082415           1    0.043704     0.35204     0.20821     0.64709     0.14931     0.65749      0.1953     0.32704]"
5,ood,RandomSampler,0.0035218399057343214,"[    0.22895           1     0.16426           1     0.22459           1           1           1     0.21261     0.04866     0.17697     0.21086     0.99838     0.10849     0.11121     0.77137           1           1     0.08097     0.10286           1    0.047948     0.86435     0.32844     0.18342     0.11743
    0.025958      0.1236     0.10441     0.47185    0.086457           1     0.99947     0.38408           1     0.61722           1           1     0.08097           1           1     0.10334           1     0.14735     0.22895           1     0.25148           1    0.032598           1]"
5,ood,RandomSampler,0.0013299072046171411,"[    0.25289     0.49374     0.75454     0.99687     0.97144     0.19737     0.34263    0.060835    0.080754    0.054342           1     0.95991     0.39013           1      0.2509     0.22934     0.90018     0.99973           1           1     0.25824     0.79651           1    0.058186     0.06622           1
           1           1     0.15225     0.18887     0.37248           1     0.44659    0.053375     0.99808     0.99968           1     0.58346           1     0.17818     0.19389     0.46662     0.12123           1           1           1           1    0.038319     0.19542     0.73961]"
5,ood,RandomSampler,0.0004666141462373024,"[    0.69718    0.095762    0.048056           1     0.86298           1           1     0.21586     0.17584           1           1     0.50367     0.42931     0.57828     0.58294           1     0.12211     0.94174     0.11034           1     0.28441     0.74708           1     0.81154      0.9776     0.62188
           1     0.16346     0.99477           1     0.12178    0.059133     0.73278     0.60427     0.99944    0.035278           1    0.059668     0.11001      0.1577     0.57614           1      0.5102     0.13272           1     0.14845     0.66535           1           1     0.14424]"
5,ood,RandomSampler,0.0001519442863334512,"[    0.89834           1     0.15264           1     0.92892           1           1           1     0.67674           1     0.28815     0.97349     0.63916     0.15823     0.99991     0.86287     0.65889     0.40965           1     0.18485     0.83402     0.48361     0.55458     0.64686     0.14066    0.058141
     0.81874     0.17051           1     0.20739      0.9475           1    0.058938           1     0.26279           1     0.92574           1    0.047776           1     0.99114     0.19823     0.74708     0.93653     0.99533     0.69658           1           1     0.44747     0.15752]"
5,ood,RandomSampler,0.00019131863736034733,"[    0.99971     0.11414     0.12442     0.41983     0.99923     0.46352     0.52922     0.11942           1           1           1           1     0.96729     0.64244     0.99945     0.12159     0.15105           1           1           1     0.64733           1      0.2296     0.55574           1           1
     0.19512           1     0.26041    0.042607    0.058679     0.13268     0.30814           1     0.99999     0.30604     0.90598     0.27753     0.98743     0.81557     0.16552    0.020738     0.66946     0.10809     0.17941    0.083089           1      0.3273     0.98588     0.25156]"
5,ood,RandomSampler,0.016945555236092667,"[    0.13637     0.12102     0.11568           1     0.82356     0.45473    0.041107           1     0.42078     0.12123     0.23461           1    0.080599           1           1     0.15575      0.4899     0.79064     0.45521           1     0.55348    0.062463           1    0.081668     0.10177      0.5989
     0.44677           1           1     0.17731     0.63545           1    0.085017     0.26525           1    0.056227           1     0.67236      0.4363    0.055532     0.16538      0.1208    0.033418           1           1           1      0.2899     0.15435     0.99705     0.24971]"
5,ood,RandomSampler,0.014394868112024752,"[    0.91851       0.122     0.57344     0.14771     0.12691     0.77677     0.35943     0.19355    0.042513    0.060115     0.95166     0.13106      0.2829     0.24085           1           1     0.49752           1    0.065672    0.085049      0.1525     0.43138           1           1      0.9994     0.13557
     0.40779     0.05098    0.060065           1     0.95241     0.62192           1           1     0.27806     0.11121    0.066696           1           1    0.049633     0.96359           1     0.58904     0.86745           1           1    0.027999           1     0.99488           1]"
5,ood,RandomSampler,0.007285384085566508,"[    0.49621    0.069278    0.082415     0.41618           1           1     0.96822      0.3273     0.17345           1           1     0.49616     0.18029           1    0.062819    0.037371     0.20063           1      0.4977     0.47051     0.16346     0.15598     0.79871     0.82334           1    0.079159
    0.084307     0.24271     0.18514    0.063086     0.59366           1     0.38726     0.08527     0.99477           1     0.88408     0.71405     0.11854    0.076896    0.026611      0.7353     0.11537     0.60384     0.28969     0.99993           1     0.42136           1    0.065587]"
5,ood,RandomSampler,0.00024016885633722725,"[    0.48417    0.026611     0.32294     0.62818    0.049893     0.92203     0.39725     0.84646    0.039307     0.99254     0.15384           1           1           1           1     0.38478           1     0.78395    0.064155     0.27491     0.99947     0.45527     0.43254    0.069289     0.14424     0.18636
     0.28304     0.60346           1     0.30246     0.64136           1     0.49122           1     0.98437           1     0.12792     0.18747    0.037471     0.48789     0.67535    0.042079     0.90258     0.67674     0.16376           1     0.16717     0.39725           1     0.97606]"
5,ood,RandomSampler,0.00024016885633722725,"[          1    0.078543     0.34441           1    0.092145     0.47225     0.81612     0.40398     0.77598     0.15027           1     0.87811     0.31894    0.052205     0.22219     0.46664           1     0.50782           1     0.74562     0.45523     0.10587    0.070513    0.052315     0.29083           1
           1    0.077792    0.034932    0.058781     0.99095           1     0.36377      0.7123     0.13928      0.2458           1     0.67379     0.29544     0.27487     0.25156      0.2402     0.25051      0.1242     0.86553     0.27048     0.58294           1           1     0.95745]"
