,fold,sampler,pvalue,loss
0,ind,ClassOrderSampler,0.0004242900884893689,"[    0.10972       3.625     0.81806     0.13791      7.2978     0.86375     0.30052      4.0859     0.12109      1.6406      3.7392     0.94612     0.25599      3.6106      2.7026      2.8731       2.571      7.9709     0.18634      4.8162       12.01      10.214      11.626     0.21291      8.4006       9.955
      6.7052      14.699     0.28622      5.3806]"
0,ind,ClassOrderSampler,0.6160230020023908,"[      6.216      3.5358     0.44398    0.021558      7.9281      1.2047       2.813      3.8463      4.5084      1.3247     0.56691    0.019099      1.3542      3.6546      8.5096    0.055793      5.1582      4.5638      2.7809      4.8889      3.7633      4.3089      4.6548      4.2373      7.2152      9.7532
      5.3988      10.015      1.4759      11.328]"
0,ind,ClassOrderSampler,0.019394947489041,"[     4.0771     0.29347      4.8846   0.0095951      7.2523      18.491      4.3498      10.964      14.205     0.95994      10.624      6.9765      5.2342      6.9593     0.37236      6.1208     0.67754     0.19251      3.1484      10.185      9.7623      7.5436      8.5426      3.2514      4.5397     0.18203
      3.2349      6.0179    0.068971    0.013794]"
0,ind,ClassOrderSampler,0.21677190923935039,"[     16.975     0.71647       1.257      7.8324      7.3472      3.8002      1.7738      3.2111   0.0037663      6.7046      9.2076      6.4206      6.0461     0.14528      3.0583      2.1235      7.0423      8.0776     0.18739    0.071874      4.5915      2.0222      1.4113     0.61783     0.39891     0.34849
     0.42067      1.4711     0.23828     0.46584]"
0,ind,ClassOrderSampler,0.2847100344594264,"[     3.8128     0.07495      6.6177    0.002799      4.1831     0.61938    0.013587     0.72957   0.0023289       4.949      3.2283       4.819      4.0849     0.83489    0.014952     0.76562        3.42      2.2819     0.85187      0.4165     0.44796      8.5458      1.8174       0.592      3.2657   0.0033314
      2.5864      2.6726     0.16552      7.2136]"
0,ind,ClassOrderSampler,0.39482678130008764,"[     1.2158     0.90193       11.31      10.301      8.3687      8.1509      11.118       5.065      9.8223      11.936      4.3973      9.6246       11.81      14.606       13.49      14.069     0.30291      10.321      13.796      6.8918      10.464      3.0727      11.589      4.5731      12.565      4.6653
      1.8101       3.074      4.8136        6.17]"
0,ind,ClassOrderSampler,0.6734348846073493,"[     4.1432      6.6975      4.7034      11.135      17.187      11.381      10.317      8.5463      3.6893      14.832      6.1425      15.341      18.343      12.817      11.934      10.056      10.367      8.7089      6.5878       11.57      16.896      9.6516       2.898      6.5419      5.4935      12.029
      4.6433      5.2748      10.494      17.005]"
0,ind,ClassOrderSampler,0.046232728318449545,"[      14.38      10.225      12.932      11.778      17.244      14.827      8.4766      12.704      8.5542       10.72      7.0077      4.2675      11.765      12.133      5.0006        20.2      7.8775      6.7853      10.053      14.689      6.3593        15.6      6.1551      14.869      9.6764      11.891
      9.7874       12.26      10.258      11.036]"
0,ind,ClassOrderSampler,0.8203521111077359,"[     12.088      11.062      11.787      10.697      14.409      11.146      11.337      10.717      9.5973      9.7825    0.042834      9.4048      1.9175    0.013182      2.7237        14.7     0.91983      12.429    0.021566      6.0086      3.0008       10.14      6.4467      4.1736      1.7067   0.0048349
      14.463  0.00020144   0.0080948      5.1351]"
0,ind,ClassOrderSampler,0.018787951308966194,"[     3.5082  0.00045289      4.4215      9.4448       1.621      5.5467      5.2896      9.8757    0.018638    0.068093    0.045985      7.3976      2.5113     0.61585    0.037718      3.1059      1.8076   0.0087206      5.0034      1.9773      2.5649       6.503      1.6251      3.6952     0.67328      2.3959
      4.2367      7.1957      8.1573      9.3905]"
0,ind,ClassOrderSampler,0.005177079888346494,"[     8.2315      7.0814      9.9943      9.7534      6.2783      2.9007      10.995      1.5603      7.9894       13.28      4.4255      3.8021    0.096808      2.5662       6.502      4.7107      6.2776      8.4835      10.221      6.5951      5.9433      3.4179      7.7433      9.0104       6.439      8.9335
       5.408      14.257      7.2579      7.2681]"
0,ind,ClassOrderSampler,0.13005021159435232,"[     5.1903      11.197      8.1261      5.6647      4.4162      10.123      5.4897      8.0695      2.7346      9.8115      1.9663       15.97      4.8886      4.2275      6.3015      15.143       12.44      7.1656      6.2836   0.0031907      10.168      9.5175      1.0537      7.7677       8.655      8.8751
      6.4021      12.528      3.3914      10.503]"
0,ind,ClassOrderSampler,0.6031173750201003,"[     9.3058        10.4      2.6232      4.4981     0.13247     0.63818    0.075348      0.3222       1.554       4.404       6.559      3.8207      9.6624      13.381      0.3541      11.228      8.3261      9.7935      5.1789      10.387      1.3639      6.8387      5.2022      6.3739      4.6487      12.883
      2.4651      6.3579      7.3644        10.5]"
0,ind,ClassOrderSampler,0.018787951308966194,"[      2.355      16.212      12.893     0.67365      5.1338      7.8453       10.03      9.7163      5.8991       8.118      0.4217    0.011399      0.3231   0.0084156     0.10041      1.5621   0.0018299   0.0029397      9.7518    0.027265       0.777    0.032169      3.0717    0.097035   0.0017892      1.5734
    0.054869   0.0025764     0.07154      1.3175]"
0,ind,ClassOrderSampler,0.00013125210065922832,"[    0.01523      3.8554   0.0026918     0.13919  0.00040058    0.020884      3.0423     0.01595    0.085206      2.9837      9.7154  0.00076777    0.049859   0.0015469    0.010961      0.1142      5.4716     0.29181    0.051469      2.4235  0.00086294  0.00027474      5.3161  0.00014101   0.0083451      1.9522
     0.20716   0.0002509     0.14263      2.0946]"
0,ind,ClassOrderSampler,5.61852913929677e-06,"[   0.027349    0.041788     0.00238      6.6539  0.00075979    0.015547     0.11226     0.07201    0.047776  0.00066413    0.010167     0.34162  0.00016569   0.0018208     0.52003      2.0143   0.0032368   0.0032254   0.0048389   0.0025905      5.5104   0.0014632     0.22003   0.0083345      2.0028   0.0034923
     0.66921  0.00068558           0  0.00026985]"
0,ind,ClassOrderSampler,0.02229745066195848,"[    0.19361  1.6212e-05  0.00023291   0.0097938   0.0014835      1.7057      2.2517       8.633     0.17567      1.0537      5.0226     0.17298     0.83555    0.017803      2.9556      4.1818    0.017401     0.26539      1.0607      3.4525     0.95545        12.9     0.59908      3.3163      2.3909     0.82358
     0.27103      1.2588       1.232      3.2785]"
0,ind,ClassOrderSampler,2.647045939859768e-07,"[    0.23425     0.31055   0.0011377       1.671   0.0031181       2.249      6.9274      3.9696    0.027302      1.6707      1.4218      0.4324      2.6706      2.8359     0.63811    0.011057  0.00058121    0.026753     0.25675       1.054       6.501     0.29646      2.6468      2.5575     0.26645      7.7487
    0.090515   0.0023919      1.7245   0.0090386]"
0,ind,ClassOrderSampler,0.10937366790024931,"[      4.042     0.21749      4.1863     0.22666      1.1581      4.3003     0.49522      5.3046      9.1522     0.24155      4.5569       1.456      6.5785      6.8044      4.1845      9.9862      4.9882      6.6604      1.6333      3.5154      7.4755      8.7682      6.3334       5.041      2.2511     0.29644
      2.9377      4.0301     0.91925      5.7373]"
0,ind,ClassOrderSampler,0.00717676650017667,"[     5.9759      12.435      3.4948      4.7311      7.8496      16.514      1.8133      1.8946     0.98285      8.9063      2.9105       5.087      4.7085      3.1184      2.2787       4.467      9.1057      11.932      4.3456      2.9897      6.4797      3.5142        14.3      2.6595      9.8513       7.021
      2.7796      3.4607      5.2927    0.015648]"
0,ind,ClassOrderSampler,0.03328761259675472,"[      3.253      8.6686      6.0156      1.6325      10.773      4.2961      6.6907       2.972      5.2114       5.316      3.7108      15.054       4.915      5.4368      11.517      4.1685       15.84      2.8406      4.0096      8.1813      6.7966      7.0308      4.4868      11.359      10.156      2.0559
      10.552      4.0957      6.7435      2.6285]"
0,ind,ClassOrderSampler,0.2043396621943893,"[     7.9805      13.636      7.4249      4.9848    0.039735      5.0184      8.9274      3.4512       7.515      2.1498      2.0644    0.083302      9.5515      11.664      4.7515      4.7123      5.8023      7.7227      13.973      8.2208      11.626     0.91099      8.1782    0.080386      11.511      14.031
      7.3639      8.1433     0.71445      14.133]"
0,ind,ClassOrderSampler,0.003983713580926802,"[     4.5176      14.054      11.098      0.2695      3.2971      8.3421      5.5487      4.5773      8.2714      10.286      9.9272      9.7277      4.1677      10.439      11.086      19.528      2.3428     0.26838      8.3492      7.4222      7.4511      5.1639      7.8013      6.8844      4.4999    0.014281
      13.902      11.642      6.5939      6.0304]"
0,ind,ClassOrderSampler,0.20626515454299957,"[     8.2708      3.4688      9.4562      6.0049      3.3504      8.9403      14.175      5.4341       1.261      13.467      15.313      9.4427      2.1503      7.6202      18.034      1.2032      12.972      4.1271      9.8042      5.0913      1.6388      6.4078     0.41143      7.3154      5.1331     0.47056
     0.94734      17.283      6.0318      9.8262]"
0,ind,ClassOrderSampler,0.5988165469582403,"[     13.396      11.073      3.3361      10.573      8.9637      8.2792      5.2473      4.9563      10.018        11.5      5.1234      2.8577      3.2544     0.16903      9.3817      12.052      14.194      10.291      11.089      13.452      11.567     0.65189      10.981      8.6613      16.298      4.6441
      13.413      15.157      15.168       9.538]"
0,ind,ClassOrderSampler,0.0002055765475595132,"[     4.1166      0.8726      5.7586       6.095      12.054      7.6388      8.5221      7.1077      2.8187      7.9066      1.7996      5.4153       10.74     0.75695      2.4793      2.1396      12.113      7.1058      10.182      1.2116      1.9648       10.16   0.0054307  0.00087068      4.6055      1.0322
      7.4983      4.2919      7.7999      12.305]"
0,ind,ClassOrderSampler,0.040291545862592586,"[     2.9071      5.1756      8.7519      2.6376      5.5581        8.73      8.8705      4.8167      4.1811      4.0681      6.2655     0.01788      8.7617    0.035939      6.2843      11.011      7.7052      10.017    0.058782      6.3299      4.2248      3.6477      3.0731      6.8321      2.4058       6.529
     0.15885     0.62649   0.0060838      3.5137]"
0,ind,ClassOrderSampler,0.0002862713616179915,"[   0.094641     0.10547      1.4327     0.56261     0.98692    0.012391  0.00036269      3.2574    0.027987      1.0021     0.10069     0.35563     0.78354    0.027745      11.306      1.1965      2.7686   0.0077452     0.50848      5.5475    0.053536      1.7911      3.8445      1.1573     0.03709  0.00041524
      7.6612     0.10032     0.75931      5.8575]"
0,ind,ClassOrderSampler,0.0676019809405207,"[    0.66317      3.2006      12.763     0.31818    0.040876      2.6691     0.32141     0.83798     0.15815      3.2042      6.5492      6.5479      4.0835      4.0148      2.7649      5.6657      8.4284     0.29673      2.0804     0.82701       2.758     0.13227      7.8986     0.86445     0.78054      4.1388
      5.0848     0.51772     0.57196      1.9618]"
0,ind,ClassOrderSampler,0.10145746752546986,"[     4.3679    0.048848      4.8318      7.6967      7.4412     0.62041      6.4983      2.7974      7.1681      5.5751      3.0603     0.61779      5.4234     0.56158      8.7108      2.9714      2.3181      2.2621      7.0249      7.5725      7.6142      10.786     0.11264      4.2167      13.057      7.6838
      1.8145      7.2264      6.5088      13.113]"
0,ind,ClassOrderSampler,0.09080748719203363,"[     13.583      6.9878       4.915      1.7863    0.031426      2.1564      5.6908      3.8117   0.0027793     0.28191      4.6681      2.5401    0.048475      6.4144      4.3581      10.127      11.139      5.0673      5.9543      5.7644      5.8609      7.6962      6.4647      7.9008      8.4224      3.5877
      6.6647      6.6719      11.579      7.4276]"
0,ind,ClassOrderSampler,0.13574440451766084,"[     8.3929     0.13172      12.079      4.7174      6.0174      13.199       5.261      6.7184      10.734     0.66238       8.268      3.4957      3.9654    0.061293      9.5737     0.30455      1.8906   0.0043933      6.0633      9.7606      7.9248      2.1065      18.853      6.1681      11.282     0.12055
      8.4894    0.091339     0.22064       6.214]"
0,ind,ClassOrderSampler,0.271050670630827,"[     8.9952      9.5804      9.6745      9.9037      6.0117      9.6976      5.1818      6.7779      3.9852      7.0474      5.0415      7.6701      2.2061      12.641      5.0909      4.4062      5.5497      15.015       10.37      10.255       6.832      3.4807      3.6411      3.6533     0.87852     0.32508
      8.1009      9.1575      7.1604      2.4404]"
0,ind,ClassOrderSampler,0.01506030934554319,"[     11.375      5.9022      1.8477     0.25974      11.423      3.3696      4.4281        7.03      9.9659      10.338  0.00072906   0.0010511     0.19461  4.2318e-05  0.00058789    0.042306   0.0026402     0.47444  0.00037103    0.021444      4.0023  1.2159e-05     0.18395  4.7087e-05   0.0066419  0.00013053
   0.0094717  8.8569e-05     0.32454     0.38362]"
0,ind,ClassOrderSampler,0.002739859116665319,"[  0.0029892      8.1394      4.2012   0.0040993     0.35531     0.34425      0.2632      14.443  0.00022588  1.3351e-05  0.00010335     0.12965      0.1687     0.11873  9.4886e-05  2.2888e-05      2.6294   0.0011632    0.044217      4.8095    0.073108  0.00014697  0.00050901      8.2922      11.914      8.7585
      2.4622      3.1978      8.1786     0.27629]"
0,ind,ClassOrderSampler,0.005536606494063721,"[     15.192      12.445      4.9915       5.193      10.252      3.1333      4.0098      4.0909      8.9602      10.569      12.767      13.469      13.437      1.0004      12.677        11.9      8.8579      9.8987      8.5482      8.2031      5.4389      7.4908      14.105      9.1735       8.252      11.741
      8.0799      2.5303      10.718       3.983]"
0,ind,ClassOrderSampler,0.5896421726046212,"[     11.743      8.5399      10.093      7.6163       9.014      7.5413       7.817      17.651      9.6705      8.5782      5.3973      10.223      7.4569      9.5609      8.7731      1.5098      8.2584       4.855      6.8747      7.8616   0.0071272      4.8663      4.6945      0.1182     0.01177      11.826
      4.6233      14.954     0.29026      3.3061]"
0,ind,ClassOrderSampler,0.0016579903170189114,"[    0.95318    0.047895     0.55903    0.069514      3.1904      1.9135      10.818      10.237     0.13586      3.3398      3.9489    0.034768    0.054106      4.9763      1.0841     0.02095      13.198      8.2104      6.0765    0.025311      13.263   0.0066374      8.1952      3.3611    0.051212      8.4347
      1.8418      1.3224     0.60991    0.025045]"
0,ind,ClassOrderSampler,0.0017009653756838486,"[  0.0023664    0.088939   0.0057674     0.27948  0.00073835  5.0067e-05    0.020532   0.0026269  7.1523e-05  0.00022671     0.94223  0.00010144    0.035409      1.0375   0.0013581  0.00019012    0.018687      5.2576  1.3947e-05  0.00080863     0.27485  0.00085734     0.12948      0.1978    0.026669      1.9169
      9.7368  4.5299e-05  6.1152e-05       1.534]"
0,ind,ClassOrderSampler,0.3187542262174624,"[    0.18676   0.0045703   0.0019155      1.3163   0.0028912     0.60642  0.00028642      1.3771  0.00024924  4.5537e-05  5.4239e-05      1.5264  0.00026652      1.2702    0.016693    0.047784      2.6664  0.00038199     0.70779     0.07487  0.00078028    0.011312       1.493     0.12762     0.39534      9.1135
     0.21365    0.011996      2.0537    0.048742]"
0,ind,ClassOrderSampler,0.18347101467513668,"[     11.333    0.072277      8.7036      9.3459       3.758      3.9667      3.5163      4.3478      1.5767     0.17323      6.5332     0.96304      0.1385      8.2734      1.5862      7.4059      3.8539     0.87642      15.342      6.8187      6.7153      5.2916      9.0304      6.0358     0.66578      2.3011
      4.9062      2.3826      1.2908      3.1322]"
0,ind,ClassOrderSampler,0.9498444223907899,"[    0.26664      1.4208      10.554    0.067537    0.010456      2.4812     0.43762      5.2756      3.0668    0.052592    0.064756      1.2449      5.3963     0.10261      2.7906      2.6204    0.006159     0.90716       5.367     0.57672   0.0039034     0.17179    0.030287      2.2816       8.626     0.69965
      5.6085    0.048613      3.8529      4.6238]"
0,ind,ClassOrderSampler,0.14332318930420543,"[      1.538      6.1205      4.0738      9.5603     0.34406    0.023951      3.0583      1.3352     0.37698  8.5112e-05     0.34335      5.5452     0.14996     0.60205    0.043323   0.0027713  8.8214e-06     0.09817    0.005047      3.0869      6.4546      1.6122     0.12182   0.0025118       1.296     0.29273
      2.5122      1.1228    0.034943     0.50179]"
0,ind,ClassOrderSampler,0.19399469870803165,"[ 6.9854e-05   0.0010427       9.141     0.18884      1.1999     0.11739       2.258   0.0089398      8.3725      2.1339      1.6955      2.1395       3.714      9.0001     0.14145      10.112    0.067933      2.9123      14.143      0.1744      5.3008    0.018133      1.9478    0.004258      4.9023      15.975
      2.5115      5.0836       8.615      3.7869]"
0,ind,ClassOrderSampler,0.991293370848406,"[    0.81314      5.8902      4.7019      0.4222      8.6451      5.8894    0.031984      6.4937      2.5268      1.7217     0.22985      9.3188       9.002      11.621      6.0915      6.9801       6.443      3.1046       9.487      3.4864      6.5142     0.30137      8.0719      3.3425      17.482    0.086844
      5.2895      10.242     0.39482      8.2662]"
0,ind,ClassOrderSampler,0.2597790459719165,"[     6.1081      10.598      8.9596      10.113      10.605      14.356      5.4851      7.2579      4.2533      11.745      15.366      14.044      17.685      6.8168      9.7482      14.931      3.8355       12.01       3.846      6.5978        10.1      4.6014      10.067      9.6372      7.8022      9.6398
      5.0702      8.6307      7.0922      12.051]"
0,ind,ClassOrderSampler,0.00318172686098268,"[     9.6179      10.759      8.8507      4.6476      10.067      19.357      10.788      1.8626      8.2166      8.1509       8.483      1.0387      4.2033      1.8202     0.31059     0.32971  0.00024888   0.0054916  2.5391e-05   0.0047816  1.8477e-05  7.5218e-05  0.00024959   0.0061254   0.0042867      1.9284
  1.0371e-05    0.064971    0.013743    0.010877]"
0,ind,ClassOrderSampler,2.2145180565892544e-13,"[    0.48186     0.18728     0.68211    0.030528  1.1921e-06      10.339  0.00012564  0.00039093     0.61205  7.8678e-06   0.0017549      4.9644   0.0015059  2.7299e-05  2.7418e-06  5.4358e-05     0.51826  2.6106e-05  8.2254e-06  0.00014078    0.001941  2.3007e-05   0.0067926  0.00032634    0.063646     0.57291
    0.013036     0.20857   0.0064327      0.2798]"
0,ind,ClassOrderSampler,0.16268636653251464,"[     2.8621   0.0026012  1.1802e-05      4.1626      7.6411    0.003108     0.95603  0.00083471     0.16117   0.0004181     0.12848   0.0035084      3.5881     0.10708     0.54071     0.50097      8.6044   0.0043626      4.5604  0.00032265      7.2524       2.128    0.016248      17.579      11.752     0.68901
  0.00036197      8.3043      7.4555      9.3577]"
0,ind,ClassOrderSampler,0.6264880453786053,"[   0.013557      1.3582      7.8147    0.075145      17.214  0.00014292    0.020518      2.0492      8.5519     0.79513      4.6038  0.00058467    0.009655      14.679      10.871       5.011  0.00029131      4.0392      6.6671       1.913     0.22234      9.6465    0.028938  0.00020645       15.65      4.5455
   0.0082022      3.4373      5.4704      12.364]"
0,ind,ClassOrderSampler,0.37384455585366355,"[     8.2835      3.8288      3.1218     0.88559      8.0164      11.232      1.5273    0.027125      3.3552      12.209      6.3723      9.8174      1.4293      6.4157       10.61      5.2117      2.9452      9.4956    0.070277     0.34888      9.1762      7.6761     0.90163      6.7213     0.71444      6.6476
      2.0886       3.794      7.4658      1.5769]"
0,ind,ClassOrderSampler,0.17996644242717247,"[     2.8243     0.71127      2.3113      4.0521      5.8429     0.89706      9.5924      1.7588      2.2808      4.7009      9.0872       8.106      2.4522       3.433    0.015974      4.1217    0.096798      4.6712      8.9245     0.55677    0.032982      5.2414      2.9579     0.30182      2.7231     0.16253
      10.768  0.00059706      5.5205      2.2546]"
0,ind,ClassOrderSampler,0.22836888978974906,"[     11.498      1.1269      5.1616    0.097267      1.6572    0.004439      3.7547      4.7694     0.17682      0.1396      4.8831      1.1621     0.99001   0.0010984      3.2917      2.1571   0.0037534    0.013446      3.7606      4.3733      1.8941      5.4243   0.0088036      2.4642     0.59517     0.90286
     0.14069    0.022481     0.19294      3.9281]"
0,ind,ClassOrderSampler,0.09874746369638665,"[     4.1808      10.821      0.4531    0.024137      1.6612      1.3648     0.65091      1.3859      4.0106      7.7402     0.19436      16.285      8.6806      9.6555      7.9152   0.0032719      1.6642       3.618      8.4171   0.0018137      5.3331        3.27      2.5318      1.2085      4.8797     0.83549
       11.95      5.0475      6.7843   0.0014645]"
0,ind,ClassOrderSampler,0.6666289577635354,"[     5.0895      5.8017      2.7018      4.5363      2.8934      6.7384      2.2931      4.2398      7.5889      6.3541      9.6545      3.5521      2.1933      2.5006      6.7746      9.5874       6.475      1.2158     0.39926     0.85383      7.5054      5.3922      4.2597      2.3973      4.8194    0.099616
      1.4092      3.7342      4.4475      6.0876]"
0,ind,ClassOrderSampler,0.23540924306093233,"[     4.1482      2.4308      4.2331      2.5042       5.914      1.0123      4.1542      6.2579      4.7822      3.6788      10.871    0.017524       5.512     0.43019      3.0447      11.495      7.2555     0.87353      7.3634      3.9639      10.786      4.5466      4.0398      5.8487     0.89736      1.7443
   0.0011093     0.12117      7.8573    0.090595]"
0,ind,ClassOrderSampler,0.8684676535068396,"[     1.0254      9.8629      7.7734      3.3981      7.6854      5.4655      9.3767      3.6653      1.4041      2.3715      7.6674      8.8984      5.6955      2.5901      0.6898      3.2824      5.1715   0.0024449      9.3595       13.93      14.878      3.9745      10.746    0.030271      9.1253      11.411
      3.0687    0.031615      5.1153   0.0031598]"
0,ind,ClassOrderSampler,0.19461225254673611,"[     4.4451      13.528      2.9412      9.1048      8.4049       7.552      5.1702     0.55722     0.97827       8.205      10.634      9.9807      17.488     0.22602      5.0945      6.4875      5.2411      9.1927      10.152      4.0607      8.2394      6.9308      17.269       10.36       8.289      12.373
     0.14655      7.4294     0.32309     0.44766]"
0,ind,ClassOrderSampler,0.36944073111985026,"[    0.37935      11.649      7.3045      12.427      15.648      4.2772      3.3771      12.265       14.02      7.0345      20.525       12.43      6.1429      15.455      8.7552      13.951       4.585      1.6574      11.842      3.5342      9.2247      16.512      15.545      11.763      4.5187      9.3337
       6.901      6.7255      8.3862      9.3986]"
0,ind,ClassOrderSampler,0.7560122724044741,"[     10.404      3.6956      2.8846      13.603      8.4793      7.0483      16.348      17.697       10.98      9.6259      15.789      7.9871      9.5252      11.761      2.4702      6.7292      16.641      4.1176      6.2758     0.49475      7.1653      12.634      6.3863      9.7687      13.702      6.8221
      2.9525      9.1359      12.566      8.9156]"
0,ind,ClassOrderSampler,0.14748478235206694,"[     7.0575      1.7059      3.2435      7.0769      7.4377      2.6698       5.826       2.226    0.081163      8.7667      1.0308    0.095178       9.945      9.2439      7.8869      2.5429      3.2988       4.377    0.087148      3.3879     0.10609      6.9674      1.3103      5.3116      1.1839      11.297
    0.013449      3.9729      5.6302      8.6338]"
0,ind,ClassOrderSampler,0.3214156425053008,"[     9.9367    0.018207      10.726       4.614      2.8988      9.2606       0.194      3.1204      13.163      10.733      6.3341      8.9143      5.8726      12.107      2.7958       5.427      2.8177      7.7414      3.0446      10.065      1.4618     0.30714      6.3216      4.8731     0.13069      9.0132
      2.8994  0.00085222      10.556      7.0455]"
0,ind,ClassOrderSampler,0.002981447383538778,"[     11.745      10.874       11.28      3.7165      8.5529      4.0778      3.1991      10.395       13.01     0.06052      4.9251      3.7102      8.3207      4.1849      5.3918      2.6428      3.5767       6.009      9.2368      1.0266       8.709     0.11465      5.8632      4.4739     0.54711    0.069742
      6.2659      5.8352     0.76787      5.4406]"
0,ind,ClassOrderSampler,0.006570024214886556,"[     9.6656     0.10778      1.9497      1.1051      1.4978       5.459      0.1703      9.4991      4.9788     0.19212      8.4371     0.13563    0.038482     0.46174      12.279      8.1233      1.7855      9.1074      5.2626      11.228    0.014737      9.6172      9.6436      3.0547     0.24252      6.0709
      15.672      6.8441      1.3821      5.4067]"
0,ind,ClassOrderSampler,0.7914508311586123,"[     8.3193     0.59725      8.3861     0.99243  0.00018023      12.385      1.0207   0.0028785      10.916      9.6533      9.6269      11.308      7.2304       11.84      14.705       3.527      1.4175       12.09      2.7722      6.1969      8.0962  9.6559e-06     0.48329  5.9605e-07      5.5953      9.5796
    0.069858     0.93882     0.13621      5.0415]"
0,ind,ClassOrderSampler,0.008736672191985054,"[  0.0081853   0.0002596   0.0011733    0.074253      4.2588      4.6742  1.1921e-06     0.13269      3.9777      1.4725   0.0088909   0.0027838      1.1052      2.7826  0.00014483      7.1753           0      7.2838  0.00013303    0.020398      3.6237      6.4041      7.1016  9.6559e-06     0.13832      1.2675
   0.0033311   0.0011236     0.58514  0.00042858]"
0,ind,ClassOrderSampler,0.2024279619256021,"[ 8.7973e-05  8.1774e-05     0.15503    0.060769    0.061403   6.008e-05  1.6689e-06     0.30022  0.00011503      2.3278      6.4599     0.59057     0.16384      1.4517      3.5271      1.6928     0.00447     0.36755      24.131      1.1054      6.6441    0.011232        1.81      5.1756      6.4541      2.5474
      0.6354    0.039862  0.00065722      6.2358]"
0,ind,ClassOrderSampler,0.10782813346641079,"[   0.032353      3.6231  0.00034982  0.00046946      2.7249      4.7887      3.7647    0.018263      11.687      2.3959      1.6813     0.49597  3.5763e-06      6.2707  0.00016604      3.9636      9.6221   0.0070352      2.5985      9.4428      10.225      2.0259      4.1186    0.013223      3.6756       6.703
      8.7897    0.052092     0.69948       5.253]"
0,ind,ClassOrderSampler,0.0017900167957494706,"[    0.28424      10.662    0.012908      3.4459      4.3399     0.83378     0.03448      3.4211       8.839      13.701      3.3994        6.92       7.752      1.5933      4.4621      8.9802      9.9788      6.1828     0.61303      2.3726      1.8288      3.6188      7.1776  0.00016831      9.9877      6.7783
      9.0811    0.068752      3.9357     0.74629]"
0,ind,ClassOrderSampler,0.07242422152307673,"[    0.71122      8.9551    0.070585      7.1691      3.5807       14.25      11.195      6.2141    0.056166      4.5028      7.8369      13.495      12.522      8.8749      12.315      6.5417     0.45475      7.1412       5.692      4.4566      9.2774      8.6442      12.675      10.849      9.4792      7.2825
      8.4477      11.516      8.7467      11.161]"
0,ind,ClassOrderSampler,0.0131421383209524,"[     8.4602      11.989       10.06       7.592      8.5803      8.4381      10.531      7.1003        7.27      10.343      10.878      13.359      7.8121      9.6423      9.3095      10.945      4.5894      11.467      14.352      14.296      8.5073      9.4316      10.144      1.6385      9.5896      11.618
      7.2598      5.0199      6.5477       9.751]"
0,ind,ClassOrderSampler,0.08899001642631996,"[      8.173      14.323    0.000167      3.8046      4.5284      12.642      6.5766      4.9128      11.308   0.0027025      4.2471     0.28274      11.328    0.078446      13.239      3.7833  0.00048935      11.805     0.36472   0.0024508      14.597      11.949     0.35638      10.255      1.8982      10.556
      4.1335      9.5892       5.527     0.59035]"
0,ind,ClassOrderSampler,0.9847315819294113,"[     13.658      6.5444      3.3774      4.3983      21.071    0.011121      9.4382      7.1657      2.8537      9.0452      16.293        6.98      3.5083      8.1792      6.7065      11.279      15.698      8.1706      8.3192      2.0589      11.836       8.184      5.0293      10.157        15.1      4.1758
      5.6451   0.0020723      7.4947    0.026488]"
0,ind,ClassOrderSampler,0.08110509243201948,"[     7.1138      0.6784      5.0416      5.2357      10.828      5.1159      14.457      8.6034    0.064868    0.022527      11.112    0.033352      9.5457      12.393      13.908      1.9766      7.8387      9.6706      7.7853      5.8371        0.58      14.885      12.034      13.649      6.8719      7.4335
      4.7464      1.6291      4.4733      2.2104]"
0,ind,ClassOrderSampler,0.01041812889261246,"[     6.8997      5.9392      8.6617      3.2412      6.0623      5.4471      11.515      14.031      3.4449      10.379      1.4708       8.855       5.227      9.6159      5.8761      0.1312      8.6497      7.0634      10.809      6.7997      5.9577      7.1307      6.1372      7.3875       8.082      6.5459
      13.082      8.2044      2.1113     0.30238]"
0,ind,ClassOrderSampler,0.5336403328482844,"[     8.5868      14.598      6.6049      1.7525      3.6498      7.4408      7.0122      8.7017      6.1856       9.659      10.553      14.056      5.4655      13.778      8.1712      8.4265      13.985      2.6098      4.4944      7.7622      7.6891      8.5108       8.317     0.73319      5.3191      7.6952
      5.0188      7.8092       10.17      6.2254]"
0,ind,ClassOrderSampler,0.19277101264436328,"[     1.5461      4.9782      8.9502      6.5935     0.24022    0.059683      10.151      6.8881    0.006123      5.0455     0.20428      7.3141      10.767     0.36374      1.3882      5.7249     0.35799      0.0463      7.5478      7.0459      7.4866     0.36398     0.64967      6.2069      5.9842     0.22787
      2.3069       1.954   0.0045005      1.1431]"
0,ind,ClassOrderSampler,0.2925498302099042,"[      5.507   0.0025277     0.68568      5.3362     0.53707     0.10523      4.7624   0.0091194       8.325      4.9127      6.5889      0.3129    0.008275      8.6647      10.407      2.0316      2.5083      7.4585      11.011     0.24492      11.061      10.416      4.7488      4.0358      11.674       6.842
      6.1553      1.9353      1.6623      2.9885]"
0,ind,ClassOrderSampler,0.2124560441223258,"[     5.9496      6.0697       5.442      1.9993      10.705       15.47     0.23392      4.8265      2.7786      6.1567      1.6009    0.039455     0.44753      12.225     0.73965      4.5317      17.537      6.9453    0.049875       4.157      4.9977      5.3193      5.1143      12.886      1.8037      4.8982
      9.5338     0.32263     0.24278      10.975]"
0,ind,ClassOrderSampler,0.5744234604938053,"[     4.5891       7.717      7.9172       4.722     0.97675      11.695      7.8228      13.639       1.298    0.075559      5.5003      14.713       2.694      2.7176      5.9038      4.1823      7.3901      6.7314      16.826      4.5737       11.18      9.9402      10.957      4.2449      4.1218      10.544
      12.429      6.0943      8.5714       8.547]"
0,ind,ClassOrderSampler,0.6598409452999949,"[     6.9412      11.423       1.636      7.7993      10.881      6.4017      4.8264      8.9912      5.0012      11.206      5.3136      7.7645      12.853      10.297      8.6434       3.191      8.7279      10.239      3.5682      11.731      13.975      9.1858       13.44      13.684      12.561      9.7378
      8.5743      10.154      12.774      9.0614]"
0,ind,ClassOrderSampler,0.29380197812753456,"[     9.2053      6.1359       7.486      7.5448      12.018       7.085       4.679      10.128      1.6693     0.25069      5.9753     0.28034   0.0029384     0.80491      6.4626      1.7731    0.025787     0.48007      1.4846      6.1202     0.91028      1.5182      5.2629      2.6693       3.171      4.1593
  5.4716e-05      8.8271      3.2788   0.0031835]"
0,ind,ClassOrderSampler,0.011146953520397913,"[     4.4127      3.4281    0.016205      0.1577      1.3489      2.2207      4.3763     0.46129   0.0091225      2.6915   0.0043974      1.3646      1.1961      2.0757    0.015799      2.9461     0.16595     0.89512      3.9026    0.053703      7.1484   0.0011363   0.0065865   0.0018671   0.0099743      3.4796
      3.9259    0.043861    0.058765    0.027401]"
0,ind,ClassOrderSampler,0.9684917840624849,"[   0.058312     0.53511      2.3937      3.0985      9.6659      1.1776      9.6925      3.4787      6.6987       13.43      11.435      4.9182      9.5846     0.27461      10.795      6.0117      0.4418      2.1747      2.4574      0.9188      5.9681      1.8113      7.4054      4.7359     0.32062      13.978
       12.21      16.561      1.1049      12.598]"
0,ind,ClassOrderSampler,0.4690796350615354,"[     3.3494      10.929      15.129      7.4003     0.16636      2.8393      8.2426      4.5205      2.4845      10.779      3.7127     0.47093        7.13      7.1809     0.15989       1.388      5.2625      10.148      6.4977      8.8748      4.6796      11.151   0.0033573     0.23541      9.5758      1.7701
      10.769      10.931      5.1881      1.8735]"
0,ind,ClassOrderSampler,0.0017698668357723866,"[     6.4177     0.62288      5.7542      10.556      5.2897      6.3773      2.6389      2.8944    0.025975      6.2963      7.2967      1.9896      8.7964      6.9658      5.6505   0.0036783      0.4831      13.424  0.00045051       10.21      4.6211      4.8259      2.2492      10.816       6.785      8.1701
      2.4747      3.0342      1.4057      4.2031]"
0,ind,ClassOrderSampler,0.047758185712674026,"[    0.46009      7.0722      7.9437    0.042099       3.658      12.379      12.281       8.876      8.6157      8.8117       11.89      4.5229      12.961       3.013      9.1948     0.62987      7.4423      6.0725      12.083       0.853      11.447      3.4226      8.1016      10.315      7.2424      6.4198
      3.3426      4.7763     0.96583       13.19]"
0,ind,ClassOrderSampler,0.0005178281654573828,"[     8.4347      5.7694      3.5864      15.126      4.6047      7.1874      6.8649      9.9449      12.915      5.5311       7.734      7.6533      1.3986      9.3241      2.7788      7.4295      4.4902      7.7653      12.601       8.344      9.4066      4.2127      5.5723      8.6953      4.8155      6.3534
      9.0987      9.2064      2.5241        6.16]"
0,ind,ClassOrderSampler,0.5009029603759584,"[     14.889      4.4129      6.7374      5.0973      9.4367       14.23      8.9471      1.0563      12.118      8.4294       10.48      1.9767      4.0689      4.7918      8.4495    0.080564      5.6033      2.1615      8.3233      5.3115      2.5461       5.475      3.0635        4.56     0.27954      5.9848
     0.38575      6.4707      7.8776      3.5893]"
0,ind,ClassOrderSampler,2.920565965754708e-05,"[    0.13662     0.84901     0.37859      4.4639      5.0759     0.74163     0.10328      6.6797      11.268      3.3357      5.1208      2.5341      8.2782      6.8967      3.5677       3.327     0.89517     0.33372      6.6483      5.1848      4.7175      6.9515     0.05507     0.49315      2.3763      1.1169
  9.2983e-06      1.6526  0.00040809      3.5091]"
0,ind,ClassOrderSampler,0.0010279165664444404,"[   0.054307       8.501  2.3842e-07     0.32954  5.9722e-05  0.00034148    0.087066      2.4485  0.00033123        9.63      4.9597  0.00040094    0.074529      0.9219     0.45406    0.084742      5.5358    0.022259     0.48831  0.00029321  0.00099312    0.001674   0.0013066     0.43393   0.0086354      6.8762
     0.83015      8.4458   0.0050366  0.00033313]"
0,ind,ClassOrderSampler,0.007678991651471732,"[   0.085931       12.25      1.0999     0.21378    0.064306  0.00026449   0.0026424   0.0011127      2.4414     0.24023  1.5139e-05  6.1391e-05     0.25446  0.00010144  3.5405e-05    0.075152  0.00048709     0.73181  0.00046779    0.016345  0.00094417       2.499      8.6682      7.1581      8.2407      9.2551
      7.3228      7.5875      8.0353      11.052]"
0,ind,ClassOrderSampler,0.0019535380402575177,"[     6.8567      2.4244      12.123      5.2247      8.9121      9.0224      7.6256      9.9891      8.7015      4.3683       6.572      10.597      10.085      1.5535      3.4575      2.8533     0.71946      5.4568      9.1394      4.1245      7.1904      10.924      8.0926      4.1059      11.265      7.3132
      9.0553      5.3644      6.6446      13.026]"
0,ind,ClassOrderSampler,0.045951392325508995,"[     9.7477      14.229      9.7002      4.9416      8.1039      7.4719       6.637         5.9      7.9648      7.9436      9.1873      8.8694       7.001      5.6041      3.9887      12.554      6.9836      2.8054      14.638     0.59685      6.5713    0.061812      8.3196      10.397      0.4968      11.309
      11.567    0.013087      0.1728      3.8545]"
0,ind,ClassOrderSampler,0.7683680758605195,"[     2.4757      5.3932      11.889      2.6769    0.001197        11.7      9.2221   0.0018136      3.2813      5.6476     0.01678     0.11217   0.0098845      1.8399      4.2806      13.804     0.33536    0.043307      6.4196     0.02285      5.8485      11.085     0.72662     0.84304      7.4938      8.6056
   0.0071408      3.8566      7.5908     0.75063]"
0,ind,ClassOrderSampler,0.2269832342804528,"[     4.8407      5.3438   0.0026987     0.18351       1.051     0.03906   0.0069933    0.063352      3.2543      3.4387      6.9769    0.034487     0.11893      7.3801      8.4614      5.3589     0.86221      1.9495     0.32522      1.5474    0.074852      1.3585      1.3832      2.6861  0.00039844      1.7881
     0.17195     0.74278      1.2561    0.015621]"
0,ind,ClassOrderSampler,0.48373408391473827,"[     7.8662      1.1809    0.006552     0.86688    0.068807      2.9098      6.5791     0.25799    0.019338      1.3848      1.8659      10.963       1.138      2.9218      6.7251      1.1649      4.8891      3.2984      4.3932      0.1633       9.107       3.103      5.7723      8.6386      1.0913      1.8675
    0.024208      12.251       13.92     0.03349]"
0,ind,ClassOrderSampler,0.006755514165494848,"[    0.56432      0.7265     0.05956     0.45522      3.2719      1.4901      4.2423      3.7316     0.28163       12.53      4.6643      7.2999      1.3251     0.24753      5.3976      3.4477      1.7263       10.88      3.4121      5.1094      9.3913      2.7718       9.405     0.33895      4.7451      17.055
      9.2151      4.0025      10.316      8.4013]"
0,ind,ClassOrderSampler,0.7776839740385595,"[     13.504      14.844     0.13736      4.0256      8.1047      10.661      9.6582      14.311      4.1054    0.011447      4.9849       3.787      2.0834      3.8232      3.8896      3.8621      1.7985      4.7429      4.9562     0.66383      3.8905      9.6912      7.2224      3.3013      5.6256      1.0725
      1.0566   0.0014297   0.0051599      10.002]"
0,ind,ClassOrderSampler,0.12240576178318034,"[     5.5428    0.025618      1.8339      1.6016      5.3395    0.073548     0.85033      2.1573      2.2352      12.867     0.10889      3.4441        1.43      3.8056     0.38404      7.7471      7.8061      2.0716      1.7865     0.22834       0.834      9.3783      2.3745      6.5431      3.5668      2.7069
      2.5117      5.4386      4.6542      2.2462]"
0,ind,ClassOrderSampler,0.007451982555798986,"[     2.0989      1.8111    0.022772      1.2319     0.18087      3.6663   0.0086067      2.2239     0.56805  0.00018368    0.043698      4.3221      1.8893    0.017442   0.0054544      0.5894      1.9211     0.21662      1.2116      1.7309      1.6479      1.3966     0.50231     0.10695      3.8821      1.1441
      3.0661   0.0033916      7.2218      2.5651]"
0,ind,ClassOrderSampler,0.0009660577231241709,"[    0.12189    0.012752     0.00448       1.383      1.5512      1.0773     0.70385      1.0199      1.3734      2.8074      2.6408     0.51348      1.5967      2.9133     0.33688       2.719     0.16452      0.7449    0.013977     0.78535      1.7149      1.5291      0.1015    0.052226   0.0071812   0.0064344
  8.1059e-05   0.0020111    0.015487    0.020445]"
0,ind,ClassOrderSampler,1.2102169896692296e-14,"[    0.07149   0.0017301     0.02596      4.5313     0.39935    0.012964   0.0097792  0.00053272  2.1815e-05  1.3113e-06  0.00013029     0.98866     0.93969  3.2663e-05    0.011465   0.0015688   0.0030084     0.37413  0.00040618     0.00147    0.016789    0.030761     0.00571   0.0043517      2.5698    0.062242
  0.00030263     0.73882   0.0016087  5.9722e-05]"
0,ind,ClassOrderSampler,0.2786246580013167,"[  0.0016341   0.0026828  5.7815e-05  1.1682e-05   0.0035859    0.023826    0.011925     0.71682      0.6399      2.7591      6.6315       8.472      6.5605      5.7279      12.077      12.474      6.8239      2.6794       4.283      16.699      6.2205      7.7434      4.8116      6.9659      7.1193      2.2706
      1.0546      4.1283      4.0801      13.701]"
0,ind,ClassOrderSampler,0.5236177128600552,"[     11.281       13.66      6.9456      11.457      1.9674      15.115      14.359      7.8575      4.4502      11.564      13.457      1.9405      2.0294      12.076      12.193    0.075583      11.732      5.4013      4.5844      4.8653      9.2291      3.3795      8.2524      9.8489      10.372      2.8211
      12.209      10.044      8.7093      10.568]"
0,ind,ClassOrderSampler,0.38875997039150173,"[     8.9676       8.159      7.6105      8.5581     0.36103      9.6058      6.3982      2.2686      18.554      11.858  4.7325e-05      9.9011      8.5102      16.825       15.33      6.7618      16.479      14.411      4.0065       7.329      9.4074      16.581      3.9823      6.9382      5.5872      9.7922
      2.3458      9.3967      7.8529       6.169]"
0,ind,ClassOrderSampler,0.8755655585472782,"[     11.933      3.7271      15.625      6.1467       16.63      8.0036      11.611      9.3152      8.8498      4.5965      13.588      5.0683      7.0041      14.681      20.228      14.552      10.302      13.451      7.6903      12.888       7.937      9.6142      11.956      18.755      4.4356      15.288
      15.041      1.8106      12.427      14.019]"
0,ind,ClassOrderSampler,0.056274939867672555,"[     15.725      13.481      2.5333       12.69      6.6157     0.56325      10.842      11.367      10.252      15.847      16.931      6.6833      9.0463      16.529      9.6483      15.318      8.5413      14.857      10.572      18.068      16.335      9.0924      11.566      15.711      2.1908      12.819
      14.024      17.014       6.712      11.709]"
0,ind,ClassOrderSampler,0.19430376793389084,"[    0.04327   0.0098732     0.42806      12.952      6.0452      8.1885      7.1919      9.5362      2.5049      2.2083     0.20014      2.8479     0.48858      2.5647       5.881   0.0035786      4.8578      6.6436      8.4234       3.948      3.8495      5.8707      9.8736      2.1575      11.888      5.2148
     0.32327      5.7431      14.354      2.5205]"
0,ind,ClassOrderSampler,0.4071303708611284,"[     1.6864      3.8069      7.2524    0.029205     0.18489       9.132     0.20302   0.0077912      9.1519   0.0043723      7.3293    0.099038      2.2557      3.9671      3.6568      7.1351      6.6124      13.681      0.1368      4.7356      4.8022      5.4185       7.116      0.4007   0.0056211      2.5394
    0.004533      4.4419       12.78      4.6144]"
0,ind,ClassOrderSampler,0.11192458216869895,"[     11.347      8.9917      12.016      10.206      12.178      10.156      1.9715      6.0995      8.0101      6.2681      6.1046      11.809      17.986      9.6306      9.4377      6.1212      16.175      13.323      7.9074      13.406      1.2066      9.9789      4.4985      9.3447      8.3506      17.145
      15.357      3.7285      5.2287      10.589]"
0,ind,ClassOrderSampler,0.11291821817944625,"[     9.8315      11.314      2.4689      9.8985      8.5461      7.9688      4.9856       14.05      6.6816      6.5726      13.989      12.303      6.9228      7.9333      11.649       15.36      6.6406      1.6795    0.001541      0.9937    0.018255     0.14485  0.00069904      1.0235   0.0067136      5.1524
    0.067542     0.57602      2.3269      0.0328]"
0,ind,ClassOrderSampler,0.0057837765656953465,"[      1.831  0.00072918     0.01904      1.7914      10.007      1.2106       2.506      5.0202     0.03274   0.0012796    0.066126      6.9956  0.00039069   0.0090084     0.29273   0.0009581   0.0022794   0.0024746      3.8678     0.58809  4.1603e-05  2.8848e-05  0.00094083    0.031578     0.58102    0.084932
     0.73634     0.31766     0.40866      1.8074]"
0,ind,ClassOrderSampler,0.6345209035285229,"[      5.389  0.00039105      9.3342     0.36876    0.012049    0.010093     0.21351     0.15826       8.519   0.0037913      4.7424       2.657      2.5707      3.1417      5.9494     0.18464      7.6506  0.00018535      3.9938     0.97259     0.11422      1.0529      7.8753     0.33172      1.0936      2.2009
      3.9524      0.3105     0.06967      2.2925]"
0,ind,ClassOrderSampler,0.023364074853529575,"[    0.03486      0.5856     0.62057      5.9151  0.00037925      5.2571       4.906      10.619      4.2609    0.059532      1.1834    0.025495      8.0352       1.333      4.1818      4.6512    0.067077      2.3448      6.6521     0.97195       1.391      1.1661      6.2413      3.2136      9.3052     0.48123
      6.7774     0.01558     0.83802      3.2784]"
0,ind,ClassOrderSampler,0.057171051343407935,"[    0.18687    0.025236     0.44702      1.7985      2.1069  0.00075526      4.6292     0.20475      1.6242     0.51617     0.78327      1.4217     0.11794   0.0014143       6.636      3.2802      3.9792      2.1116      2.4366      2.5985      6.9177     0.63007      0.3765     0.24806     0.69679      6.7903
      9.4945       1.986     0.31469       4.354]"
0,ind,ClassOrderSampler,0.020200972687912468,"[     2.5231   0.0011209      4.9902      0.3243       13.02   2.265e-06      7.5553      2.1847       12.15       3.458      2.6391  0.00048173     0.28631  0.00053177   0.0092287      7.0373      10.395      2.0469       2.113     0.22998      3.6178    0.014103     0.40623     0.59145    0.015497      8.5035
     0.26202     0.04496      1.1012     0.21214]"
0,ind,ClassOrderSampler,0.7770966178861839,"[     7.7182      6.5717      9.4065      5.1765      15.507      8.3496      4.4837      4.2048      3.1427      5.9331      6.4474      4.6036      3.7499      3.3476      6.8498   0.0080388      3.2908    0.045246      6.7129      5.0749      6.3698      3.0804      10.071      11.863      5.2343  2.5034e-06
      11.312      2.6662      2.5057      9.6528]"
0,ind,ClassOrderSampler,0.2782221125822169,"[     1.0626    0.066952      8.9069      8.4796      1.1215      4.1449     0.88047      2.1927      10.359      4.7651      1.1239      0.2396     0.77337      2.1776     0.35297      11.095        2.47      6.1412      1.3302     0.04557      2.3909      1.5787      8.6461     0.18198     0.24836   0.0069896
     0.89878     0.56061      1.3787    0.023776]"
0,ind,ClassOrderSampler,0.14259851497595,"[     4.3025       6.589     0.23873     0.28455    0.072887     0.06641      1.8622      3.3373     0.12048     0.59172     0.60149     0.64688    0.066138     0.85241      3.3586   0.0070274    0.061197     0.11342      2.9526      1.1582      3.9139      3.9089      0.1755      1.4959     0.56459     0.18582
     0.12001      1.3834     0.36515      1.2823]"
0,ind,ClassOrderSampler,0.32275200306011737,"[     6.9833       3.167      1.7947      3.7775      4.0439      6.5141     0.13732      8.5363      7.4626      8.2695      3.2491      3.6145       7.833      4.0416       4.073      8.9482       2.575      8.1014      10.965     0.61787      6.3667       5.387      9.0628      9.1179      1.2003      3.5538
      1.3718      1.9606      4.1424      6.0683]"
0,ind,ClassOrderSampler,0.06631179228573097,"[    0.97119      2.3788      3.6174      5.8631      6.1569      7.7337      6.2131      6.1342     0.10148      4.7468      3.7202      8.3001      1.5104       1.491      3.1625      11.128      3.3559      6.3376      2.1794      5.9838       3.827     0.59302      1.6654     0.10327      10.216      3.6064
      3.8896      3.0717       2.987       4.291]"
0,ind,ClassOrderSampler,0.026663440601641407,"[    0.19144      2.2882      3.9404      10.188       3.139     0.42122     0.34908      1.7225      3.3256      8.4958      3.9305      8.1814      0.2731      5.7029      5.5565      9.0038      5.0673      5.7137      2.6867       8.061   0.0024039      4.9141      1.1601      10.161      4.5498      6.4024
      0.2779      8.9804      4.5647      1.4582]"
0,ind,ClassOrderSampler,0.06838628708530697,"[     4.2272      5.9866      6.1597      4.6135      3.4977      8.1703      2.1739      6.3325      11.529       10.31      12.538      11.783      12.558        6.13      3.2875      6.3392      7.0246      8.9992      13.303       13.95      5.0033      11.241      7.6152      12.135      8.1428      6.4326
      8.7295      8.3795      12.824      9.4191]"
0,ind,ClassOrderSampler,0.023676975695450072,"[     6.3853      9.4157      5.6091      4.7883      4.6794      6.4537      7.8004      17.713      1.9557      7.0643      6.0771      2.1132       1.017      12.077      4.1944      8.2898      5.5437      4.6096      9.8024      13.814       5.433      10.609      12.934      6.7673        6.08      6.5636
      7.8013      9.8322      3.8154      2.6743]"
0,ind,ClassOrderSampler,0.03599591403008182,"[     15.437      6.7814      6.3877      3.6257      6.7404      3.8592      6.1728      12.241      8.0583      8.2065      6.6787      5.1692      2.3927      12.234      8.8634      12.758      5.2551      8.2259      9.9399      7.0595      6.3616      6.7891      1.2006      11.172      14.629       13.07
      7.8903      6.5305       10.56      6.8675]"
0,ind,ClassOrderSampler,0.33540664026774974,"[     6.7758      10.618      10.976      4.1363      3.7805       2.256  0.00031002   0.0001434  0.00084019      0.4527    0.070417     0.36002  0.00033075      1.5959      5.3263   0.0019016  0.00046397     0.40289      2.1045  0.00044253      2.2461      3.5798   0.0010581    0.032607      1.7057    0.015846
    0.098717  8.8926e-05   0.0076387   0.0099176]"
0,ind,ClassOrderSampler,0.13458870118547256,"[  0.0082679      1.0246      5.7826  0.00013577       0.449     0.20676     0.35623    0.019585    0.023479     0.24111      2.4331  6.6874e-05  6.1989e-06     0.85818  0.00029989    0.024198      2.3013      4.8681      3.5144    0.031191      0.2909      6.7873      0.9618      1.3334      0.4019    0.072646
       1.605  2.9444e-05      2.0037      7.4423]"
0,ind,ClassOrderSampler,0.07214863711020371,"[   0.054257      7.4499      8.4549      8.6938      6.2966      8.2194      7.2506      8.7939      2.1801      5.2464      3.4493      8.1859      7.0657       5.162      3.6456      13.279     0.50918     0.25358      10.873      10.006     0.64821      4.8902      4.0271      5.0923      2.5748      9.1425
      11.369   0.0054596      5.1288       9.559]"
0,ind,ClassOrderSampler,0.02136970367848646,"[     17.714      7.2928      9.9328      9.7052      2.0961      16.801      6.7231      1.3432      10.526      7.4748      1.7764    0.050122      8.5286      15.588      1.0106      5.2255    0.062952      11.725      2.6725      3.9433      5.5161      8.2012      5.2708      6.6613      8.3148      14.414
      1.3146      6.3687      10.046     0.78632]"
0,ind,ClassOrderSampler,1.3759897871589502e-05,"[     4.2768      4.0583     0.56475      7.7627      9.2195       4.661      8.3487      6.2365      16.016      3.4341      8.1048      4.9154      6.4371      3.8214      14.204      6.4419     0.83585      2.0444    0.086557      1.4439      6.3516      4.0173      5.7678      4.2203       4.207      2.3932
      2.0785      3.8464      5.0939      8.1363]"
0,ind,ClassOrderSampler,0.02821590719686528,"[     7.1797      4.4262      9.7809      2.3031      7.3826      6.6945      8.5709      6.1825       11.13      8.6406      5.6437      10.425      8.9144      10.434      4.0958     0.25175    0.075325    0.002005   0.0039073     0.78087    0.002086  0.00084972     0.21064    0.023413     0.83326   0.0095351
      4.1363  0.00016473   0.0016002    0.026827]"
0,ind,ClassOrderSampler,0.09265652328482281,"[ 0.00098002     0.13374  0.00040594   0.0055457    0.021881   0.0052651    0.012499   0.0060271      1.4315      1.7481   0.0026069   0.0001254     0.30676     0.10136      4.0494  0.00098942      5.7852      4.1868     0.33414      1.2262      4.3066      0.1933      2.5509      4.8602     0.99792     0.35541
     0.52985      1.6988      2.8525      5.5061]"
0,ind,ClassOrderSampler,0.07974987089072476,"[   0.003582  0.00056346   0.0074847    0.014243      1.3729      1.6136    0.004444  0.00098966      9.3557      8.1261      9.1711       5.125      9.6696      11.951       6.909      1.1376      7.1202      8.7223      10.887      5.9756      5.3966      5.1645      5.4002       4.561      10.406      7.1753
      8.8653      11.606      12.727       11.63]"
0,ind,ClassOrderSampler,0.7724605596926536,"[     8.0205      2.1895      6.2951      4.0266      10.304      6.2994      5.0661      5.5213       12.93      6.7923      4.1842      12.725      1.3987      13.036      10.096      7.9157      5.6666       4.445      8.8757      2.1246      4.9385      8.0782      5.2859      4.2163      9.1424      3.2475
      7.4364      9.4052       16.18      6.2503]"
0,ind,ClassOrderSampler,0.0020147879677588185,"[      1.082      9.3662      6.5049      10.092      5.3212     0.69748      9.0075      7.6146    0.033849      7.6906      1.6069      5.7639      3.4653     0.82766     0.23695      8.0343      6.6701      9.1924     0.67193      2.9643      15.696      5.6089      4.2189      11.861      5.9331      8.9172
      10.671      13.078     0.32892        6.15]"
0,ind,ClassOrderSampler,0.0022402818756001325,"[     0.1217      7.4477      0.8747      7.5543      7.1516      5.3082      2.4805      4.6917      4.6262     0.62735      4.0672      5.3986      7.2986     0.21404       1.575      7.1939      4.7147      1.8174      6.8214      11.138      4.7689      1.4051      2.8079      7.1611       1.901       6.496
     0.47534    0.010225      3.8897      4.8859]"
0,ind,ClassOrderSampler,0.27183802231465415,"[    0.29793      2.3906    0.093781      5.8321      8.6506      2.5339      1.1207      5.7801      1.8029     0.13699      7.9606    0.028043     0.16656    0.051532   0.0013107      4.6857      1.2747    0.096638  0.00057264      7.1864    0.029582     0.73986     0.08798      7.4905    0.012617     0.00663
    0.013124      1.6008      5.8342      6.3083]"
0,ind,ClassOrderSampler,0.06367007844096757,"[     3.9302      3.0999    0.083946      7.5823      5.7731      6.8411      10.959      1.0252      4.4667      7.5714      14.722      10.723      7.4849      6.1278      15.562      10.794      15.049      9.3523      8.4222      11.209      10.481      4.4765      5.8475      9.9598      1.0031      11.166
      8.3765      7.0479      9.5153      5.5502]"
0,ind,ClassOrderSampler,0.3056734143983306,"[     10.763      10.451      8.9392      6.7117      16.449      13.475      5.9044      3.9703     0.13585       6.746      10.998    0.030795      12.902    0.030195        11.4      6.3719      14.203      9.2481      19.301       6.663       2.305      6.8033       3.552      5.8815      2.9801      7.5564
      6.9425      3.8165      6.0518      3.6783]"
0,ind,ClassOrderSampler,0.4154528331591761,"[      9.943     0.21094     0.36919      9.1142     0.70878      8.8244     0.50522      5.3751      1.3549      6.4105      8.8815      3.2317      7.7825      1.7496      2.0792      5.8618      3.7019    0.019259    0.044087      6.6139      1.3946      2.3006      2.7865  0.00015329      6.9975       1.019
      6.7205      3.7634      0.1983     0.98075]"
0,ind,ClassOrderSampler,0.6443882747606273,"[     10.589       0.434      5.4166     0.54508      0.5519     0.15489     0.18402    0.011141     0.64023     0.02609      1.1373      5.4976      4.8944     0.94179      7.0718      6.3015     0.67901      5.5387  0.00010406       7.181      4.9944     0.01849     0.54676     0.87358     0.34253      1.9495
      6.2641      12.444      1.2153      11.515]"
0,ind,ClassOrderSampler,0.826271338817271,"[   0.035914      3.2183      5.5998    0.045473      1.3952     0.37299      8.5621      11.596      8.7692  0.00035923     0.03062      6.2763      7.6946   0.0017044      2.5347      8.3138      4.7449      3.1384      3.8227      3.9368      2.8925   0.0029897      2.9474      5.8142       2.525     0.05788
      10.132     0.25077      4.5611      5.8461]"
0,ind,ClassOrderSampler,0.03857093880835245,"[     10.743      10.525      1.9466      6.7975      6.6872    0.016387      5.2294  0.00054738  3.4212e-05      4.4336     0.59704      9.1648      12.095      6.4359    0.066515      5.2995      2.1305  0.00019954   0.0024362   0.0029379        10.6  0.00022921      10.731      6.9422     0.31515    0.010348
       7.349    0.036872      6.7854  6.2106e-05]"
0,ind,ClassOrderSampler,0.19770873783223614,"[     10.846      6.9713      4.3586      3.4586      3.6003     0.02044    0.030813      4.4325    0.028658      4.8669     0.02861  6.1152e-05     0.16556     0.24666      1.1026      1.1056     0.87726      17.402   0.0031568      0.5517     0.50225      0.1057      3.1821      2.0581      4.8391      11.688
     0.40349      9.1225    0.010838   0.0020291]"
0,ind,ClassOrderSampler,0.023887522307601165,"[ 4.7563e-05     0.68119      2.2597     0.39107    0.058383      2.4176     0.47926      1.9061     0.12932     0.23778      6.3746      3.3529      7.5793       12.86      5.2735      3.8378      6.3649      8.2945      3.9327      4.6504     0.59944      8.4068      9.9687      1.1356      0.1793      4.4733
      6.0598     0.11054      10.054      6.4271]"
0,ind,ClassOrderSampler,0.5218555198096729,"[     1.0246      7.2011       3.968      1.8049      1.4794      1.8663      9.0572      2.7753      4.7622      5.9724   0.0095027     0.28775      1.6534      6.3933      2.3809    0.037163     0.16147      1.7163      2.2006      5.0121      7.3265      5.1503       4.489      8.8083      5.5667    0.024805
      2.5633       1.577      6.1134      4.6625]"
0,ind,ClassOrderSampler,0.2593962823149664,"[  0.0012659      10.175      4.6706      2.1485      1.4422      14.053       4.922      4.3434      20.664       14.36      10.946       13.93      12.749      10.685      14.609      8.2945       8.898      10.925      9.8511      17.836      10.587      2.9022      12.036      7.5717       3.399      13.709
      8.7503      3.7812      13.466       9.289]"
0,ind,ClassOrderSampler,0.0021307229246518003,"[     11.295      14.099      1.6586      12.168      12.025      11.086      8.3336      8.0837      7.0089      6.7941      5.6291      4.4422       6.154      12.484      9.5854       11.61      8.2484      9.8332      10.973      1.5449      3.1404     0.46045      7.3892       10.69      9.8298      17.139
      1.9175      1.3885      8.3978    0.051639]"
0,ind,ClassOrderSampler,0.0040582481441150025,"[     4.4846     0.51341      7.3715       10.17      7.4969      10.456       5.325      3.3708       7.576      9.0709      3.6122      7.4699      1.6045      3.8416      10.171      4.2118      10.387     0.14582      2.7157      7.7837      11.954      10.043      2.9157      7.1676      5.5968      4.7002
     0.76672      2.4957      3.4348   0.0035163]"
0,ind,ClassOrderSampler,1.227499092166692e-05,"[     7.7296      11.624      8.6393      6.2554      8.3613      12.526       11.17      7.7272      11.626      9.6055      1.2924      10.029      6.8516      10.811      5.6444      7.5471      5.8766      5.3208      14.482      8.1771      8.5857      4.3229      5.3354      4.7856       7.411      8.5503
      4.4463      9.6529      9.9062      10.201]"
0,ind,ClassOrderSampler,1.1951186052086162e-05,"[     3.7228      7.9219      5.8882      2.2465      6.4507     0.44318      9.0893      2.1786      6.5256      13.972      8.7491     0.75079       8.699      5.7673      8.4465      8.2934      8.0811      9.5807      14.467      16.184      6.0938      13.469      7.6478      13.328      9.2314      7.0381
      10.695      7.0094      8.8206      9.9894]"
0,ind,ClassOrderSampler,0.7072079406014309,"[     4.0779      8.9823      5.3743      10.227      2.0736       5.748      9.2618      3.2037   0.0098658      4.0554       7.917      5.4435    0.013083      10.585       3.652      1.3177     0.63013     0.92669      7.6897     0.31555      4.6364    0.012521      1.6736    0.057297      1.3494       4.452
     0.13445      14.192    0.050557      8.8971]"
0,ind,ClassOrderSampler,0.21744110183289359,"[     9.3313      1.9403      2.3057      0.2967      7.4822      3.6489      9.3104      13.462     0.24619    0.066298      1.1989      9.7957      7.0128    0.067745      3.9447      4.1057       2.555      4.7505      6.7498      12.953      9.5195      9.0427      2.8412      5.4694       10.57      1.8211
       15.19        1.27      9.2086      2.8525]"
0,ind,ClassOrderSampler,0.9206930249495512,"[     14.469      6.9038     0.97525      1.6803     0.17028      9.7013      5.1104      11.297      1.8508       17.16      4.6112        1.69        7.65       13.52      11.956      7.3518      7.6302      6.1004      13.078      11.603      2.1717      8.9523      14.849      9.6539      8.2274    0.032233
      10.634      11.915      7.4568      5.8461]"
0,ind,ClassOrderSampler,0.15610008602939873,"[     7.7377      9.6424       6.221      7.6559      3.8831      14.236      10.852      8.2247      7.3757      1.0949      5.9741      2.6925     0.57967      7.8644      3.2226      5.1672      10.644      13.889      10.383      3.8239      13.364      2.3981      2.3102      9.3972      12.176      3.2636
      9.7762      7.0417      7.6442      11.549]"
0,ind,ClassOrderSampler,0.15713996520859028,"[  0.0021337      3.5807      0.4619      7.6345      11.843   0.0031019      8.3043      7.9645      7.2332      15.012      6.8939      4.4176    0.017905      13.736      8.6156      2.3016      13.573      1.5847      7.0462     0.34232      5.6927    0.031739      5.5161      12.421     0.57911      8.3526
      5.7535      10.882      9.7472      8.1884]"
0,ind,ClassOrderSampler,0.0033041648620950716,"[     11.278      8.2115      1.1952      2.8396      13.474      11.219      7.2363  5.2808e-05   0.0001291  0.00050353  0.00027367    0.091023  0.00076777      4.7755   0.0016508      3.7978   0.0074564  0.00092321    0.014196   0.0050174   0.0010028   0.0021764  6.1391e-05     0.51163    0.055973  9.1191e-05
     0.13749      3.6928  0.00042096  9.3098e-05]"
0,ind,ClassOrderSampler,0.0006658619357769732,"[    0.03096   0.0019904  0.00030084     0.21486  0.00010299   0.0059066   0.0010764  0.00076289  0.00039725     0.13991      1.1587  0.00039677    0.040695  5.1735e-05  0.00032956  0.00078528   0.0017068   0.0075279    0.006678  4.6848e-05   0.0094172    0.098699  0.00054214    0.019014      4.3002      7.2492
      3.9448      2.9414      7.9929      9.1302]"
0,ind,ClassOrderSampler,5.308313578920297e-05,"[     8.6105       9.677       5.513      5.4001      4.2896      6.5631       14.12      7.7417       3.548      5.1803      3.9218     0.82039      4.3742      4.3986      13.131      4.1369      9.2374      9.6483      5.1085      7.1978      3.5226      12.507      5.9625       8.798      14.121     0.58546
      4.0766      1.4267         6.1      7.1098]"
0,ind,ClassOrderSampler,0.16002555218205738,"[     1.6629      1.0202      2.8351       2.669      5.0047     0.22069      1.1837      7.2666     0.30148    0.015762      7.6451     0.18774     0.29273      8.6292     0.14311      4.2449      0.1392      6.3664      1.3111      5.9893      5.9662       7.358      4.8318      6.1614      4.1795      11.094
      7.2509      4.1533      1.6801      3.1385]"
0,ind,ClassOrderSampler,0.6530550626789321,"[     1.9503     0.16614      5.3736      1.0308      3.9266     0.13273     0.36194      7.7861     0.18778      4.4045     0.97693     0.98062      7.1491      5.0658      8.7612      11.298      3.8272      2.0859      8.1072     0.98813      6.1628      11.011      13.298      12.689       17.37     0.31831
      22.786      2.4422        1.53      12.686]"
0,ind,ClassOrderSampler,0.3290352356756369,"[     2.1665      8.5579      15.435      5.7197      3.2054      3.6943       11.39      8.7649     0.81504      2.1045      5.5388      7.4697      9.1762      15.631      13.564    0.029547      2.4279      7.8237      11.233      2.2153      3.1003      9.3829      1.8182      5.2564      8.9617      1.7916
      11.312      11.323      5.5697      11.206]"
0,ind,ClassOrderSampler,0.7133172248140931,"[      11.25      1.3204      5.4335      10.247      12.697      11.368      19.452      16.769      7.5291      4.2273      3.1485     0.18761       2.289    0.041322     0.15903    0.031558      2.7376      1.4374      8.0485      4.8574      4.9257      3.5428       7.815      2.7692      12.643      8.0194
      1.8466      2.4874      4.5948      6.3766]"
0,ind,ClassOrderSampler,0.6080187817584374,"[     5.0481      3.0331     0.21808      5.0137      3.2445     0.94858      4.9726       5.897      12.654      11.408      4.1232      8.1263      14.504      5.7276      3.1747      11.032      4.2184      9.1102     0.29485      2.2206      0.2842      5.9905      1.0993      11.793      6.0327      1.7667
      9.2504      1.7518    0.038602     0.79604]"
0,ind,ClassOrderSampler,4.1168617757305125e-07,"[   0.066331      7.7068    0.012181    0.014462      1.8322  0.00043859  8.4638e-06   0.0071181      3.6922      1.8798      2.8761  9.1668e-05    0.026042    0.020132  1.7285e-05  0.00013899  0.00015234      4.6822      8.5197  0.00016867    0.049595      2.6981    0.024899    0.064418      6.4698    0.081691
  1.5139e-05  5.3404e-05    0.013651     0.19598]"
1,ind,ClusterSampler,2.0343687206250938e-05,"[      13.93      2.0537      3.0583      8.8244      7.7434      8.3043      1.9478      9.6976      6.3877      5.7249      4.3683      11.763      6.0318      4.4837      6.4474      2.5748      4.8831      6.5256      1.9606       4.949      12.883      7.0089     0.47093     0.76562      6.5878      6.2758
        7.13      3.2475      15.711      5.7535]"
1,ind,ClusterSampler,0.0006284166996038673,"[     0.4007      14.323      8.1573       12.78      10.773      9.8223      5.2357      6.8567      2.5401      6.4144      4.3581      13.481      13.437      4.7694      4.7822      3.5877      8.5803      9.1179      0.1396       10.37      3.4948      11.564      5.2022       14.05      9.9877      16.975
      2.0037      8.3001      12.018      3.3529]"
1,ind,ClusterSampler,0.18465163397483308,"[     10.029      3.0446       3.253      5.2735    0.030287      1.6325      14.031      5.0415       1.538      3.7108     0.34335     0.14996      11.745      10.171      2.8406      1.8049    0.019259  0.00015329    0.037163       1.019      5.1639      9.2151      0.1983      7.7296      6.2554      0.5519
     0.15489      8.5458      9.2314      9.6656]"
1,ind,ClusterSampler,0.058653997160444726,"[     9.4562      9.9894      12.364      6.6406      8.2835    0.025045    0.088939      2.1776      7.7068   0.0057674      9.2618      3.6663     0.27948        2.47      7.9929      2.2239    0.020532   0.0026269    0.035409      8.2044      8.1233      2.3909      1.5787      9.9891   0.0013581    0.018687
      3.4575      7.9606       15.84     0.56061]"
1,ind,ClusterSampler,0.046990296489146405,"[     11.094      7.2509      7.2218     0.27485     0.12948      0.1978      2.5651    0.026669      5.2571      1.8622      3.3373     0.18676      12.867      9.3967      10.619   0.0045703   0.0019155      13.636   0.0028912      1.0199  0.00028642      1.6988      7.1484     0.85241      3.3586      2.9526
      3.9139    0.016693      9.3767     0.07487]"
1,ind,ClusterSampler,0.027669775400466803,"[     8.1072     0.56459     0.12762     0.39534      8.9823      7.7414      5.1582     0.28034      1.4618      2.1794      8.2662        10.6      1.6388      8.8653     0.91028      8.2714      1.5182      2.8994      5.0923      3.7228      12.641      7.6967      2.0492      5.8882      6.8939      3.7102
      7.0922    0.031578      1.1961      5.8631]"
1,ind,ClusterSampler,0.01329846751885148,"[    0.16595      4.9416      3.4512   0.0065865      6.6872   0.0099743      5.3191      3.5144      13.057      2.5083      11.626       8.106      13.973      12.095      6.4599    0.064971     0.18728       1.232     0.31055      1.0246      6.9956       2.249     0.38362      10.624      6.2358      3.6231
      12.758      1.6707      12.435      13.701]"
1,ind,ClusterSampler,1.1301117645552749e-06,"[  0.0067926      12.168      2.7249    0.063646     0.57291      10.589      5.8575      5.4976      14.203      13.467      11.011   0.0064344     0.59908       3.714       6.529      2.1801     0.82358     0.23425      8.4222      2.8761    0.045246      14.699      5.5475      7.2838      12.076     0.78414
     0.25675       1.054     0.29646      2.6468]"
1,ind,ClusterSampler,0.08639979053824338,"[  0.0023919      6.9515       4.042     0.21749       6.371      0.6399      3.5807      3.8621      7.1138      9.5758      6.0117      8.2945      10.995      3.2636      9.2774      8.8271      9.4792      11.297      13.396      11.367      5.1234      2.3016      9.3817      14.056     0.89512      12.697
       9.487      2.3031      12.281       8.876]"
1,ind,ClusterSampler,2.8053327327616045e-05,"[     8.6157       14.23       15.97      10.407      7.7052      4.4336      4.2033      7.6388    0.031426      3.5091      5.0913      6.9425      9.7534      2.9007      3.8021     0.41143      5.1331      5.5358      11.166      10.221      6.7129      3.2544      8.3261      3.3994      8.1701      8.8757
      7.3644      8.6613        10.5      7.3293]"
1,ind,ClusterSampler,0.8394746404551013,"[     2.0946      13.681      1.8626      1.9663     0.30455      1.8906   0.0043933      8.1703     0.24155      4.5569       1.456      6.5766      8.6806      6.8044      6.4206      7.9152      4.9882     0.15903      2.1235      1.6333     0.29644      3.6956      2.8846     0.64967     0.22787      9.5252
   0.0023289      1.8133     0.98285     0.21808]"
1,ind,ClusterSampler,0.06554770433521119,"[     2.9105      3.2445      6.7292      2.2787       4.467      4.1176      2.9897      4.2184      9.1102       7.817      6.8221      2.9525      0.2842      2.7796      2.0316      1.2158      3.2042      3.7805      7.5471      4.0835      4.0148      8.1016     0.93882      5.6657     0.36002       2.758
    0.074253     0.13227      9.1924     0.86445]"
1,ind,ClusterSampler,0.00604095867480406,"[    0.78054      4.1388     0.51772     0.57196      1.9618    0.048848   0.0027838     0.62041      2.7974      4.0957      3.0603     0.61779       6.009      2.3181      4.4739      2.2621      7.5725      8.3613   0.0033311      7.6478      7.6838      1.8145      4.1808       4.915      1.7863      5.3743
      9.5796      2.0736       5.748      4.0554]"
1,ind,ClusterSampler,0.5957645220820981,"[      7.917      4.0023     0.31555     0.19144      3.8207      7.2967     0.13445      8.9482      4.3742    0.050557      9.1762      5.8017      7.0595   0.0024039      19.357      0.2779      4.7505      19.301      10.609      10.383      9.9943      8.9952      14.606      10.216      11.052      2.4244
      9.5804      6.8918      8.3487      5.2626]"
1,ind,ClusterSampler,0.04348507656043837,"[      4.585      14.019      8.9602      6.1212      2.1575      6.6787        6.17      15.847     0.32327      2.5205      5.4389      9.1762      15.357      5.3644      7.1657      4.7174      10.963      11.314      10.572      7.2304      11.618      10.017      5.3973      10.223      4.1363       11.18
      0.3231      2.5985    0.075325    0.027265]"
1,ind,ClusterSampler,0.30353015579567744,"[   0.097035   0.0017892      7.0423      7.3715     0.13919      9.9272      3.9792    0.049859      1.6045      0.1142     0.14582      2.7157      8.1394      8.9912     0.34425    0.051469      3.4211      14.194      13.975      9.1858      8.9802    0.041788     0.00238      12.774      4.8095      9.6055
      1.1837    0.015762      4.5284      3.8896]"
1,ind,ClusterSampler,3.675406145267676e-08,"[     4.0358      8.5035      3.3426     0.66383      1.7985      5.7694      1.9353      3.8905      1.6623      5.2629      6.0697       5.442      3.3013      1.9993      1.0566      4.6047      9.9449      5.5311      7.6533      9.3241      7.4295      1.0246      6.1567      3.2813      1.9503       8.344
      6.9453       4.157      6.3534      9.0987]"
1,ind,ClusterSampler,0.8004939687743183,"[     4.4045      7.2986      13.902      12.886      2.6408        6.16      7.4568       7.717      9.2291      4.2167      5.0658       1.298      2.0859      3.5668      5.5003       2.694      2.0989   0.0054916   0.0047816       8.626       13.93      7.7627      10.556      2.9022      9.2247      7.0474
      16.512      11.596   0.0015059      13.323]"
1,ind,ClusterSampler,4.836232259978765e-08,"[     10.439   0.0031181      7.4866      17.697      2.6706      7.8496      17.488      13.452      12.654      8.2274      10.998   0.0026012      1.6136     0.94179     0.22666  2.3842e-07       15.19  0.00033123  0.00040094      8.3496       12.01  0.00026449  6.1391e-05  0.00010144      4.7651      5.9753
       14.38      11.118      6.3376      5.9838]"
1,ind,ClusterSampler,0.12760740041901616,"[     6.1412       3.827      3.8529      7.5875      12.444      8.4371      6.1202      4.2675       7.411      10.015      4.2533      3.6064       3.171      4.1593       2.987      10.286      15.126      3.2788      7.8775       7.833      6.1614      8.5868       10.61      9.6706      2.2009     0.89878
      1.1441      3.8355      5.4568      6.5951]"
1,ind,ClusterSampler,0.009087584169840795,"[     2.2207      6.7153      3.6498      4.3763      4.3025      4.1059      5.2916       6.589      9.4066      7.1003      2.1573      16.581      9.6398      5.0702      10.343      7.1864      6.6446      2.0757      5.8485      4.6512      2.3448      2.8074      5.0673      2.6867      7.6891      10.067
      11.337      4.0521      8.8705      3.4796]"
1,ind,ClusterSampler,0.019394947489041,"[     3.9259      6.5431      1.0387    0.047784      1.5291      10.976      9.3052      6.7774      1.1776      3.9433     0.79604      1.3146      1.8322      4.2768      15.342       7.349     0.74278    0.049595      7.8662      10.237      17.402      6.7205      6.0765      12.763     0.33066      2.1171
      4.7175      0.9634      1.7358      10.359]"
1,ind,ClusterSampler,0.14897672494648748,"[     5.7279      5.2748      13.451      15.648      10.494      7.1202       7.937      12.934      5.3966      16.699      20.525      2.1747     0.13732      7.0077      7.4626      11.498      18.554      0.9188      11.842   0.0035786      10.053      15.545      1.1049      5.2148      5.3116      7.4003
     0.61938     0.72957      4.6794       4.445]"
1,ind,ClusterSampler,0.015025180053748845,"[     4.2031      8.5426      3.7127      16.641      7.4719      4.7356      2.5864     0.71682      1.8675   0.0056211      3.7202    0.015648      9.3662      7.6146     0.13621      5.3208      3.5137       2.972      3.4653   0.0011733     0.67193      1.2085      10.874      5.3976      6.7966      7.0308
      2.4805       8.699     0.13172      5.7673]"
1,ind,ClusterSampler,1.3843885633316635e-06,"[   0.020398      6.8844      3.6489      3.9489      13.469      2.0644       1.575     0.76787      6.8214      4.7689    0.060769    0.061403      5.4341     0.60991      5.4704    0.056166      1.2032      8.8749      5.9756     0.45475      4.4255     0.36472      6.4419      8.7503      7.6345      8.2031
      8.5519      1.1052      8.5463      1.6586]"
1,ind,ClusterSampler,0.09198062702006009,"[     4.1424       12.26      1.9405      9.1927      8.1792      5.5565      7.7622      8.2484      9.3152      6.5477      7.2136      7.0041       5.367     0.57672      6.3649      7.8616      5.8815      7.8369      7.5564      6.0086      9.9687      5.2995      8.3978   0.0050174      3.8554     0.37698
      1.7067      4.3586      5.1351      3.5082]"
1,ind,ClusterSampler,0.33175439078888863,"[    0.13749   0.0019904      2.7865      6.3933      5.8632      8.8083      9.1225       0.434      2.2819     0.13991   0.0017068      12.526       11.17      2.6294   0.0094172      2.5649      11.664    0.098699      3.6952    0.058782      2.4058      7.5714      2.1305      11.098        9.63      9.1142
      1.4327     0.31515      6.7854      8.3765]"
1,ind,ClusterSampler,0.08608085379841751,"[    0.22003      4.4985      10.763      6.7117      7.3265      2.0581     0.66317      5.0226      5.9022     0.39107      9.8332     0.32141       2.546     0.16117      2.1503    0.002086  0.00084972   0.0095351      1.4315   0.0001254      10.291      6.8387     0.35541      13.199    0.003582      9.7163
   0.0074847       12.15    0.004444     0.17179]"
1,ind,ClusterSampler,2.2672349755461927e-08,"[       1.27      5.5487      1.3177      8.7682     0.37299      5.0673      4.8846      7.2523      10.964      4.9563      6.1208      1.9403      2.9474      5.6927      5.1338      3.9447      2.6204       2.555      5.6908     0.18687    0.025236     0.44702       5.513      2.1069  0.00075526     0.20475
      1.6242     0.51617   0.0014143      4.4127]"
1,ind,ClusterSampler,0.019974232033388502,"[     2.5985     0.63007     0.24806     0.31469       4.354   0.0011209      0.3243   2.265e-06  0.00048173  0.00053177       14.25      6.2141      12.689      8.8751      5.2895      13.889      10.568      5.0416      12.528      7.1412      9.1074      9.5457      13.908      10.849      6.8168      8.7692
      11.989      11.295      11.228      2.6981]"
1,ind,ClusterSampler,0.0015571291961266234,"[     10.043      6.8719      4.6014      6.1856      12.385      10.878      11.621     0.97119      9.3095      10.945      11.787      8.8507      5.9392       16.63      12.379        14.3    0.012049      8.1509       15.65      8.8748      10.379       9.751     0.10972      1.9767     0.13791      4.0689
     0.86375     0.30052     0.12109      3.7392]"
1,ind,ClusterSampler,0.006687505049201508,"[    0.94612      2.8731      7.0479      4.8162    0.027302      5.1208      8.4006     0.28622      3.5358     0.44398    0.021558      7.9281       2.813      1.3247     0.56691      1.3542      8.2524      0.9937     0.80491      14.827    0.087066      0.0328      4.6548      10.112      7.2152      1.4846
     0.11893      9.7532      6.3773      9.7013]"
1,ind,ClusterSampler,1.5057744694439546e-06,"[     3.7869      1.4759      6.2951      7.4059       3.948      13.469     0.83549      4.4215      8.7964     0.29273      6.9765     0.58809      6.7923      4.4176      7.3132      8.2426      1.0999      1.8659      10.152      3.2514      6.7231        8.73      7.7337      3.2349      10.786     0.24023
     0.71647      8.6647      11.298      8.9156]"
1,ind,ClusterSampler,0.2117985769140808,"[     2.3937      3.5881      1.1376      1.2823     0.39482        6.13      1.9715      5.4002    0.027125      1.7855      6.7814      6.7404      6.7853      9.3337     0.56325      5.8902      3.7285       8.205      2.4689      6.3616      1.2006         5.9      4.7468      4.1944      8.2898      11.649
      14.053      13.298      10.128       13.43]"
1,ind,ClusterSampler,3.255821728618161e-08,"[     9.6159      20.228      10.044      8.7093      14.638      14.878      12.522      2.7231      9.6246      8.9596      11.805      15.507      10.007      17.986      10.255      13.978      11.549       17.16      6.5444      14.598      11.843      10.404      13.466  0.00085734      16.479      8.5482
      7.7433      15.015      15.631      1.7225]"
1,ind,ClusterSampler,0.039546166272392685,"[     9.0452      10.779       11.57      15.625      11.279      3.7606      11.146      17.713      15.168  5.4239e-05      9.7957       8.289  0.00026652      8.7612     0.90286  0.00038199      15.143      8.3192      9.6659      9.4048      11.626      6.0156      8.1782    0.069858      2.1065       8.501
       6.842       10.74      8.1771      14.054]"
1,ind,ClusterSampler,8.62525593507252e-08,"[     3.7978      6.4467      7.8986     0.21662      5.5998      3.0717      10.556      3.9777      11.517      1.5535      3.9524      6.2763      3.6788      5.0909      8.3193      9.0893      8.3492      5.3736      8.3207       10.21      7.3976      4.8602      5.8487       8.798     0.60642      6.0938
      13.504      2.4404      11.624      10.661]"
1,ind,ClusterSampler,0.023364074853529575,"[     8.2166      9.5515      6.2413       8.483      7.6854      4.1054     0.78535      7.8092     0.15503      6.5935   0.0037663      5.0455       14.02      3.2543      4.1845     0.14528     0.18739      4.2588      13.951      6.3334        1.81      0.6354     0.42067      9.3986      10.214     0.07495
    0.002799      7.3518    0.013587      3.0869]"
1,ind,ClusterSampler,0.020661545171172684,"[     8.9063       5.507      2.9218      11.408      4.7624     0.85187      13.702     0.36876     0.49597     0.18884      3.2657   0.0033314      8.9143      3.4607      2.6726      5.2927     0.90193     0.31059      7.4423      3.4787      1.7518   0.0020111      3.0731     0.07149      5.1524      4.7918
      4.5313      6.0461      5.3115       5.162]"
1,ind,ClusterSampler,0.2008471401355148,"[    0.25358      5.9848      5.0202      2.5341      10.451     0.37413      9.6259      15.789      2.8393     0.00147      5.3806      2.9098      3.8445      3.3398      1.4057      6.7251     0.89517      7.6612      7.1776      5.8342      0.2798      12.421      2.5575     0.26645       10.03      8.1952
       3.103    0.023826      1.0106       8.519]"
1,ind,ClusterSampler,7.59247438122783e-05,"[     1.1581      7.2363      11.447      3.4226      7.2424      4.7763     0.96583       5.692      4.3229      2.9885   0.0014297      6.8649      1.3986      2.7786      1.6009      4.4902    0.073548     0.16614      4.8155        1.43      1.8037      2.5241      4.4129      5.0973      4.8167      5.9038
      6.3015   0.0023664      11.061      8.6682]"
1,ind,ClusterSampler,0.16619489072591143,"[     12.429      10.795      10.768      15.288      10.767       1.831      4.0738      14.457      11.745      12.727       5.914      8.9992      4.1363      11.809      15.054  0.00019012      14.205      8.1014  0.00080863      10.965      12.034      9.4191      3.9368      4.9062     0.58102      2.5509
      10.726      13.026       9.132      8.0352]"
1,ind,ClusterSampler,0.6919072538266746,"[     11.085      11.312       8.061       5.389      7.1351      10.743      5.4243      10.734      9.4052      10.717      9.5896      2.6664       12.09      7.5823    0.011312      5.5437        7.03      11.725      10.168      5.2708      9.4991      8.3148      12.972      5.9494      13.364      7.6105
      11.783      10.585    0.067933  0.00072918]"
1,ind,ClusterSampler,0.36120892000184085,"[     8.1859      9.8322      5.4851       11.63      8.0205      4.0266      8.7467      12.767      8.5102      4.7019      7.9645      8.8634      13.736      8.2259      4.2398       6.832      9.6483      9.9399      2.0961        6.98      14.629      9.1424      12.484      15.157      7.3826      8.5286
       11.84      4.6796      9.5737      8.6386]"
1,ind,ClusterSampler,0.1608199529631411,"[     6.1969      13.474    0.042834      8.2208      6.5479     0.30714      2.0804      4.1186      6.0598     0.82701      4.8731     0.13069  0.00085222      11.861      4.4463      3.7165      4.0778      3.1991     0.06052      7.1516      4.1849      7.1681     0.11465     0.54711    0.069742      1.2675
       1.577      1.8174      8.2708     0.10778]"
1,ind,ClusterSampler,0.8502489675998202,"[     1.9497      1.1051      1.4978      2.8079      4.2772      3.3771      2.4622      3.1978    0.041322     0.75695    0.031558      15.041     0.30291      4.9915      3.1333      1.6574      3.5342      2.9377      4.5187      0.0463      1.8466      7.9074      1.0004      4.5948       1.954       8.252
      2.4702     0.94858      5.3362      9.1057]"
1,ind,ClusterSampler,0.3205271389770675,"[    0.49475      4.9127     0.29485       7.021      2.6725      4.6096      6.6613      3.5271    0.022527      3.8154       4.661      10.456      3.6257      5.1803      14.192        0.58    0.031984    0.040605      7.0462   0.0030269      14.121      3.6568       8.325      7.8903      9.6424     0.30137
      1.2825      3.9887      1.4708      12.054]"
1,ind,ClusterSampler,0.44808081342980377,"[     3.4373      12.077    0.080564      3.6106        4.56      2.7026      3.5893     0.13662     0.10328      3.3357     0.51826      1.1056      5.6302    0.006552      8.2782      6.5791     0.25799       3.327      8.1712      3.8463      5.7723      2.7958      10.959      1.7738     0.19461     0.34162
      0.4527      6.0452      2.3269      7.3141]"
1,ind,ClusterSampler,3.857478363865172e-08,"[     6.6604      6.1205      1.3882      2.2461      3.5798      11.858       6.703      5.3988       5.881      7.6256      1.1054      8.4234       5.253      3.9404      4.7107      1.4711      7.7853      13.131      4.3399      4.8669      3.8678       9.955     0.16636      8.6156      3.3256      7.4822
      5.0137      4.9763      3.6237     0.73634]"
1,ind,ClusterSampler,0.13367193196303612,"[     9.0924      8.5096      12.819      3.3504      4.6706      2.5394      2.7906       1.605      12.083    0.047776      3.6477    0.091023      8.4068     0.16384      1.4517     0.10547       5.041     0.51163      5.9331      3.6928      2.4366      2.0792      5.5104      7.5543     0.87726      7.4511
      1.7911      3.7647      4.8391      8.9274]"
1,ind,ClusterSampler,0.019046029371745356,"[     2.2517    0.040695      6.2659      4.6625      5.4406       3.458     0.15815      6.3299      9.1302     0.19212     0.13563    0.038482      2.4793      1.1269      10.252      7.8147      4.0098      4.0909      9.6306      10.569      2.5333      6.8441      13.406      1.3821      8.7295     0.59725
      7.7999      2.8577     0.99243      5.6666]"
1,ind,ClusterSampler,7.688517912796563e-07,"[     8.0799      5.5697      2.6376      5.7276      9.7809      7.6163       9.014  0.00072906      9.0427  4.2318e-05      3.0008  0.00058789     0.47444      9.5603  0.00037103     0.34406  1.2159e-05      1.3352   0.0048349  4.7087e-05   0.0066419  0.00013053      5.5452  8.8569e-05      8.0583   0.0029892
  0.00022588  1.3351e-05      10.316  0.00010335]"
1,ind,ClusterSampler,1.0613131985655158e-20,"[     1.8076  9.4886e-05  2.2888e-05      5.0034    0.044217      1.9773  0.00014697  0.00050901      1.6251  0.00024888  2.5391e-05        12.9  1.8477e-05  7.5218e-05  0.00024959   0.0061254   0.0042867  1.0371e-05    0.010877      24.131  1.1921e-06  0.00012564  0.00039093  7.8678e-06   0.0017549  2.7299e-05
  2.7418e-06  5.4358e-05  2.6106e-05  8.2254e-06]"
1,ind,ClusterSampler,0.03286563280585527,"[ 0.00014078    0.001941  2.3007e-05  0.00032634  1.1802e-05      7.7487    0.003108  0.00083471   0.0004181      7.4947       2.256      1.7996      14.482      4.9257      1.7057      1.9648      9.9062      5.0475      6.6975      13.701   0.0014645      4.7622      8.3506      9.8757      5.1756      2.4279
      11.036      4.7887      3.4807      2.1571]"
1,ind,ClusterSampler,0.20658928205128022,"[     4.9385      2.2557      7.1604      1.8941      4.0681       7.001      2.7722      0.4019       6.712      9.2481      8.5221      9.4427       8.184      16.826     0.57967      14.552      5.8761      14.414      10.809      12.538      9.5846     0.34253      6.2783      1.2153       10.72      10.544
      3.2183      8.1428     0.03062      4.6038]"
1,ind,ClusterSampler,0.1413978037088952,"[     4.5363      8.6307      11.731      7.2579      7.2681      5.6647     0.98075       2.525      2.6098      8.5743     0.05788      11.611      8.9551      8.9144     0.95994     0.37236     0.34232      2.3959      3.2111     0.42806      6.1681      8.9676      5.4153     0.22064     0.46174      4.9023
      3.9852      9.6436      3.0547      1.2116]"
1,ind,ClusterSampler,0.00318172686098268,"[     6.2776      5.0661      2.2061      6.5978      8.5461      7.8004       10.36      6.0623     0.25974      6.2655      6.5419      9.6705       11.89      4.2275      5.6041     0.19294      3.9281      8.0962      4.4281      1.8202       8.472      3.6178      2.8412     0.59145    0.015497      2.8525
      1.1012     0.21214      2.6794       4.283]"
1,ind,ClusterSampler,0.26517704259209346,"[     4.9597     0.97525      15.049      1.6803     0.17028      5.8475      1.8508        1.69      1.9674      15.012  2.5034e-06      2.1717      1.0626    0.066952      1.1215      11.732    0.032233      5.9044      7.1016      5.8461       6.221      3.8831      6.3015      1.0949      2.1927      8.2922
      0.4217    0.011399   0.0084156   0.0018299]"
1,ind,ClusterSampler,9.328525347200707e-07,"[   0.032169    0.054869   0.0025764   0.0026918  0.00040058    0.085206  0.00076777   0.0015469  0.00086294  0.00027474  0.00014101       13.44   0.0083451      12.561   0.0002509    0.027349    0.015547     0.11226      2.4522      7.1077      3.1218      10.227      7.9248     0.55677      4.9182      8.9917
      2.2546      5.7197       7.358      7.2825]"
1,ind,ClusterSampler,0.0011031036640468726,"[     6.2994       10.16      4.8136      4.1432      5.4067       4.073      7.4983      7.1904      5.5497      2.2492      3.0342      2.3788     0.87852      9.6465      6.7065      1.8074      1.8477      7.1098      9.7472      4.5647      0.9618      1.6612      7.3472      1.5104  5.2808e-05   0.0001291
  0.00050353  0.00027367      8.2945        14.7]"
1,ind,ClusterSampler,4.234907459298149e-10,"[ 0.00076777   0.0016508     0.36919   0.0074564  0.00092321      6.4105    0.014196      10.731   0.0010028   0.0021764  6.1391e-05      7.2011    0.055973  9.1191e-05  0.00042096  9.3098e-05     0.03096      5.9724  0.00030084  0.00010299   0.0059066      5.3918   0.0010764      5.5667  0.00076289  0.00039725
  0.00039677  5.1735e-05  0.00032956  0.00078528]"
1,ind,ClusterSampler,1.5716153750340023e-08,"[  0.0075279      4.8681    0.006678  4.6848e-05  0.00054214      1.3334    0.019014     0.07201  0.00066413    0.010167  0.00016569    0.063352   0.0018208      2.0143   0.0032368    0.011232   0.0032254   0.0048389   0.0025905   0.0014632   0.0083345      0.3765   0.0034923     0.66921  0.00068558           0
  0.00026985     0.19361  1.6212e-05  0.00023291]"
1,ind,ClusterSampler,0.0003922438260688369,"[  0.0097938   0.0014835     0.17567      11.687     0.17298    0.017803    0.017401  0.00031002   0.0001434  0.00084019    0.070417      4.2961  0.00033075   0.0019016  0.00046397     0.40289      2.1045  0.00044253   0.0010581    0.032607      11.139    0.015846    0.098717  8.8926e-05   0.0076387   0.0099176
   0.0082679  0.00013577     0.35623    0.019585]"
1,ind,ClusterSampler,0.032104288683647945,"[    0.24111  6.6874e-05      2.9461  6.1989e-06  0.00029989    0.024198      3.2136      7.5054    0.072646  2.9444e-05     0.83802      6.9836      12.251      4.6712      4.5028      11.951      1.7985      5.6085      6.2641      6.0876      5.3263     0.14311      4.2449      9.6912      5.1616       10.17
     0.68211      12.036      12.565      5.7644]"
1,ind,ClusterSampler,2.795066419343624e-05,"[   0.025618      12.677      4.6822      6.6833      8.3861      4.7449      14.443      4.5317      3.8227      7.3634      2.2352      3.9639      4.0392      8.0811      8.3336      11.933      9.2064      5.4166      5.4471      7.0381      2.1847      2.2808       10.56      2.5901      13.583      2.2462
      2.1564     0.04327      4.1758      9.3595]"
1,ind,ClusterSampler,0.00010601906856717347,"[     4.3434      13.814      11.333     0.28191      0.6784      8.2407      6.1046      5.2247      7.2579      5.2897      9.3577       12.53      4.8902      8.4224      8.4602       7.552      8.6451      3.0447      14.105      7.2928      6.9382     0.19598      18.343      6.3579      9.6539      6.7941
      4.6476      12.893     0.81417      9.4316]"
1,ind,ClusterSampler,1.7000457076745156e-05,"[      2.898     0.66238      5.4655       3.527      7.4294      4.5455      4.5965      3.3425      5.8786    0.054257       4.922      8.6938     0.19436      9.3459      1.0235     0.36103      9.6555      5.1881      9.4065      7.0657      6.3392      3.6456      2.3906      2.2686     0.50918     0.47056
     0.64821      1.9896   0.0054596      6.7618]"
1,ind,ClusterSampler,0.004189005838840761,"[     10.395      7.8575      3.9823      2.9157      4.0398      14.352     0.46009      3.7271    0.050122      4.1166       3.013      11.836      5.0683      6.8411      3.1404    0.080386      1.9175     0.71445     0.03349      0.2695     0.56432      0.7265      4.5773     0.05956     0.45522      1.4901
      4.2423      3.7316     0.28163      3.6122]"
1,ind,ClusterSampler,0.05506192076102605,"[     3.8416     0.24753      1.7263      3.4121      5.1094     0.26838      2.7718     0.33895      4.4999     0.13736    0.011447      3.4688       1.261      2.0834      3.8288     0.88559      3.2037        6.08      2.3102      9.3972      1.5273     0.59302    0.013083     0.10327     0.63013      1.3494
     0.42122      4.1369      0.2731     0.58546]"
1,ind,ClusterSampler,4.840051450021769e-05,"[     2.3113      1.4267     0.89706      1.6629      1.7588      2.8396  9.6559e-06  5.9605e-07   0.0081853   0.0002596  1.1921e-06   0.0088909  0.00014483           0  0.00013303  9.6559e-06     0.13832   0.0011236  0.00042858  8.7973e-05  8.1774e-05   6.008e-05  1.6689e-06    0.055793   0.0098658     0.57602
      10.794      4.2373     0.92669      4.0771]"
1,ind,ClusterSampler,1.7360346390934822e-07,"[      3.548     0.29347    0.057297      13.078      2.2931      7.8022      2.3057     0.67754      4.8259     0.19251      10.816      1.6122      6.4537      7.5436     0.18203      3.4864      6.0179    0.013794       1.257      8.4549      9.1648      2.2816     0.54676      1.6642      5.6033      6.2205
     0.48186      12.133      5.8321      1.7914]"
1,ind,ClusterSampler,5.337212497452541e-07,"[     2.5115       6.502      9.7277       6.559       11.39       11.28        11.5      11.956      9.0463      9.6483       7.752      6.0683      9.4382      2.5057      4.4733      9.2606     0.83489      3.5083      8.0036      8.3526       11.13      3.3795      5.8726      6.2707      7.4423      2.3763
    0.059683     0.18761    0.006123       2.289]"
1,ind,ClusterSampler,0.0367599109557577,"[    0.20428     0.36374      3.5428     0.35799       6.901     0.36398      4.7085   0.0025277     0.68568     0.53707     0.10523   0.0091194      0.3129    0.008275      9.1359      1.0993      6.0327      1.7667      4.8889     0.04496     0.48858      7.0417     0.48831      4.7359      5.8894      6.6177
     0.33414    0.029205      3.1484      5.4897]"
1,ind,ClusterSampler,0.003458656444033357,"[     5.5061      5.3963    0.004533    0.075152  0.00048709       3.433     0.26539      9.6925      10.157      12.953       5.227      6.5605      12.209      8.9245      10.644      12.888      10.225      10.598      8.4495      8.0353      4.4356      13.239       13.28      13.796      11.606      14.044
      15.435      11.241      11.516      11.161]"
1,ind,ClusterSampler,0.242606975918657,"[      15.33       5.387      6.1551      14.099      13.649      11.495      11.891      10.071      13.359       6.785      5.3161      3.4441      11.062      13.413      16.335      9.5338       6.154      8.6617      8.1706       16.18      11.151       11.31     0.95545      3.1625      4.2273      12.427
      5.2414      5.9577       5.826      7.0345]"
1,ind,ClusterSampler,0.0015438230912341992,"[     3.9938      12.686      11.752      12.279      5.1818      5.9681      8.7015       13.95      9.8174       7.815      10.597      10.006      1.4725      7.5478      10.842      9.1425      3.3494      11.954      11.626        7.65      15.115      6.7213      4.1831      5.9151      6.7384      8.4958
       4.906      12.025      9.6528      6.4196]"
1,ind,ClusterSampler,0.15976042014910827,"[     6.0174       4.614      7.0722      8.2394      8.1039      9.7687      5.8461      7.8453     0.58514      12.902      6.3341     0.59704    0.066515  0.00019954   0.0024362   0.0029379  0.00022921    0.010348    0.036872  6.2106e-05     0.02044    0.030813      4.4325      2.0028  6.1152e-05     0.16556
     0.24666      1.1026   0.0031568      0.5517]"
1,ind,ClusterSampler,0.42441099733209353,"[     0.1057      3.1821      13.778     0.40349    0.010838   0.0020291  4.7563e-05     0.68119      2.2597    0.058383     0.47926      3.9357      1.9061     0.23778      9.1135      8.3421      1.6736      9.7482      7.4477      9.3913      0.4324      11.603      9.6179      2.5122      8.2104    0.083302
      3.9654    0.061293      7.0094      4.7123]"
1,ind,ClusterSampler,0.003055156400649711,"[     14.681      8.1261      11.529      9.7606      12.952      7.1919      5.1645      9.2551      2.4485      7.1753      6.5141      14.143      9.2439      14.356      15.366      13.303      3.6145      5.3331      12.643      5.2576      6.8762      13.603      8.0926      15.129      12.824      11.265
      2.7018      1.3718  2.8848e-05      12.725]"
1,ind,ClusterSampler,0.05819404728533715,"[     5.9842      7.2524      11.863      9.9367      8.1814      6.7746      8.4796      8.0782      6.1569      4.2163      6.4977      14.705      12.029      14.024      17.014      19.452      7.4585      2.8054     0.59685    0.061812      0.4968    0.013087      0.1728      3.8545      2.4757      4.8265
    0.001197   0.0018136     0.01678     0.11217]"
1,ind,ClusterSampler,0.022497146305592734,"[  0.0098845      1.8399      2.0294     0.33536    0.043307     0.02285     0.38404     0.84304   0.0071408     0.75063   0.0026987     0.18351      18.034    0.099616    0.032982      4.5604      6.5417      7.9894      8.9172      4.1335      4.1533      5.4716      8.4049      11.135      5.6505     0.17682
     0.62057      5.2896     0.87353      13.972]"
1,ind,ClusterSampler,3.493569286878947e-07,"[     2.6428     0.89736      4.9848      1.7443      9.8985      11.642      8.7089      9.5854      7.7272      4.9849     0.14069      0.6898     0.65091  8.1059e-05      1.0607    0.015487    0.020445   0.0017301     0.02596      22.786  0.00053272  2.1815e-05  1.3113e-06      3.2785  0.00013029      11.826
      10.339      14.954  3.2663e-05    0.011465]"
1,ind,ClusterSampler,8.097399459723174e-10,"[     7.9709      6.9274   0.0015688      3.9696      8.5197   0.0030084  0.00040618     0.00571    0.062242  0.00030263       6.501      13.263   0.0016087  5.9722e-05   0.0016341  5.7815e-05      15.588  1.1682e-05    0.011925      4.1863      6.1597     0.36515      7.2492      3.9448      8.6497      3.3559
       9.677      6.5631      11.765      6.3723]"
1,ind,ClusterSampler,0.05176330938723689,"[     3.8896      1.2106      7.7417       2.506      6.4157      10.188     0.03274      9.1394      4.3986      6.4326      5.1085      5.9625      6.4875      4.2609      5.2564      2.8243      9.6269      10.526  0.00039105      1.1601      6.2131      9.5924    0.010093      4.5498      5.4935      4.7009
       7.116      6.8675      2.8351      5.9866]"
1,ind,ClusterSampler,0.04727709968747794,"[      10.69     0.10041      10.946      10.225   0.0029397      3.0717       8.898      1.5734     0.07154      3.2574    0.020884     0.01595      2.9837     0.29181      7.7837      10.297      8.7279      11.089      2.3458      13.684      1.9522      11.567     0.20716      2.4957     0.14263      10.154
        11.4       7.085       12.86     0.15885]"
1,ind,ClusterSampler,0.01637291313935874,"[    0.62649     0.56261     0.61205      1.0021      3.4586     0.35563     0.78354        6.15      1.1965      2.7686   0.0077452     0.50848     0.03709     0.10032    0.040876      2.6691      1.8418      1.5449     0.21365      3.9667      1.5767      4.4981      0.1744     0.17323      1.5862      6.6049
      6.0358      2.3826     0.26664      1.4208]"
1,ind,ClusterSampler,0.0077753878859478515,"[     3.0668      1.2449    0.006159      9.3557      1.6795      2.1739      6.6987      10.302      6.7673      6.5713      9.5362      8.4766      6.3982      4.8116    0.048475      7.0246      2.6743       8.615      3.8592      7.6152      11.888       4.452      10.252      14.885      8.3795       7.329
      5.2551      6.3853      9.4157      5.6091]"
1,ind,ClusterSampler,0.14044211657625263,"[     9.7052      15.341      10.258      5.0945      11.934      9.7623      10.697      7.9437      9.6516      1.2158      3.9302      9.4367      8.8498      6.0771    0.086844   0.0010511      2.7237      9.4428     0.91983     0.69965    0.042306   0.0026402    0.021444    0.023951      4.8574      3.0583
      6.6441      6.9713   0.0094717     0.60205]"
1,ind,ClusterSampler,0.21410597758223626,"[    0.32454      3.6003    0.044087       1.621   0.0040993    0.043323      11.086     0.35531      0.2632      7.1753     0.09817      11.761     0.29273     0.12965      0.1687   0.0011632      10.175      4.8944     0.67901       2.657      9.8024      5.5387      3.4977      7.3892      5.8766      8.6044
      8.1433      6.1081      6.6907      6.3216]"
1,ind,ClusterSampler,2.407965784209478e-07,"[     1.3549      2.9643      1.3952      3.8539      4.6643      7.2999      8.3138       10.88      2.3428      2.8925      4.6262      7.4658      9.3104      9.5807      5.8142      5.1143      8.6393      4.0256      7.1939      8.6406      12.303      3.8272       2.258      6.7758      3.4525     0.30022
      4.0859     0.03906   0.0069933      7.4849]"
1,ind,ClusterSampler,0.6043348382815803,"[     8.4171      2.1615      15.192    0.034487      6.5332      3.0635     0.36755     0.86221      1.9495     0.32522    0.074852      14.463      1.3832  0.00039844      4.0271    0.066126     0.17195    0.015621     0.86688    0.068807      16.514      4.5205    0.019338     0.18489      2.4845       1.138
      1.1649      1.0537    0.018263      0.1633]"
1,ind,ClusterSampler,0.1355123619053561,"[     7.7377      10.161      1.0913      2.9556    0.024208  9.2983e-06       10.57  5.9722e-05      9.2086  0.00029321  0.00099312    0.001674  0.00046779   0.0070352      7.5291      2.0259    0.013223       7.576    0.052092     0.69948      2.1113     0.28424    0.012908    0.028658     0.02861     0.83378
     0.03448      1.5933      4.4621     0.61303]"
1,ind,ClusterSampler,0.09892639560999855,"[     2.3726      1.8288      3.6188  0.00016831    0.073108    0.068752     0.74629     0.71122    0.070585      1.9175      1.3885     0.29673      1.9495    0.051639     0.51341       5.316      5.0848      5.6089      4.2118      3.4477      5.3082      5.5968      4.7002     0.76672      3.4348   0.0035163
      2.1498       3.787      6.9878       5.459]"
1,ind,ClusterSampler,0.0007515875011295817,"[  0.0039034      14.133  8.5112e-05      6.6139   0.0027713  8.8214e-06      19.528    0.005047    0.034943  6.9854e-05   0.0010427      15.313      3.9636      3.2226      2.7809     0.68901    0.064868   0.0095951   0.0021337   0.0031019    0.017905      1.5847      6.3739     0.22234      2.2104      6.1828
     0.24619    0.031739      4.5397      1.1952]"
1,ind,ClusterSampler,0.0011359144336097434,"[     8.1509       2.128      4.3478      3.0687      5.1153       3.399      9.0304     0.22985      3.9305       5.011      4.3066      5.5161      2.4812      2.3959      5.2756      6.5142      4.1811       2.499       0.853      3.5864      8.3196     0.23392      2.7788    0.039455     0.44753     0.73965
      1.2747      4.2806     0.10889    0.049875]"
1,ind,ClusterSampler,0.3039548240941732,"[    0.13273     0.36194      3.8056     0.72662     0.32263     0.24278      6.7374     0.98062     0.22834     0.97675      1.0563      2.7069    0.075559      6.7314      1.5621      7.0634      12.749      2.3981      8.7897      12.675      2.5662      6.0709      3.5807      0.4619      10.881      6.3516
      2.9071    0.081691      7.4335     0.74882]"
1,ind,ClusterSampler,0.0025653224549920224,"[  0.0077912     0.57911      2.8187    0.015974    0.096798      4.3973       3.167      6.1278     0.16253      6.2681      4.6681      1.8735  0.00059706    0.097267      8.2734      11.949    0.004439      4.4868     0.20676      9.3447      6.1425       5.408      9.1735      9.0553      5.2287      7.4249
      8.7108       8.709      6.5889   0.0088036]"
1,ind,ClusterSampler,0.4149336675653175,"[     5.8352      6.2843    0.022481      3.8566      0.4531      14.175      1.7059      3.2435      2.6698       2.226    0.081163      6.0518       9.943      0.4418      3.7775      1.0308    0.095178      2.5429      3.2988      4.5915      2.2706    0.087148      3.3879     0.10609      1.3103      3.7499
      1.1839    0.013449    0.018207     0.20302]"
1,ind,ClusterSampler,0.0031305328868816923,"[     2.8988       11.25      13.985       0.194      3.1204      2.1908       5.427      2.8177      3.8002  0.00010406     0.01849     0.87358    0.035914      3.2719    0.045473      3.3708  0.00035923   0.0017044      3.1384   0.0029897      4.0025     0.25077      8.1047      1.9466      6.5939      9.6582
    0.016387      2.6391  0.00054738  3.4212e-05]"
1,ind,ClusterSampler,1.3046848789923922e-05,"[     6.5088      1.2924    0.022772      1.2319     0.18087   0.0086067      3.8897      7.6506     0.56805  0.00018368    0.043698    0.017442   0.0054544     0.50231     0.10695   0.0033916      10.871       5.512     0.12189    0.012752     0.00448      1.0773      2.9133     0.16452      0.7449    0.013977
      5.6955    0.052226   0.0071812      9.3905]"
1,ind,ClusterSampler,0.08201925244819903,"[     9.9402      10.957      4.2449      4.1218      6.0943     0.01523       8.547      6.9412    0.010961      11.423       1.636      6.4017      4.8264      5.0012      11.206      5.3136      7.7645     0.16903      8.6434       3.191      10.239      3.5682  0.00075979      6.1359       7.486      7.5448
       4.679    0.038602    0.012181    0.014462]"
1,ind,ClusterSampler,1.4197850887581236e-06,"[ 0.00043859      3.6756   0.0071181      10.846  9.1668e-05    0.020132  1.7285e-05  0.00013899      3.4459  0.00015234  0.00016867       12.93    0.024899      5.7678      4.2203  1.5139e-05    0.013651   0.0032257      4.4262  0.00085413       5.261     0.54623     0.32397      7.5553   0.0020761      6.3719
      10.434      8.2012       8.855       6.496]"
1,ind,ClusterSampler,9.170104207150856e-07,"[     6.2966      11.328      3.3163      2.3909     0.27103      2.9123      10.925      4.8663      1.2588     0.39935      13.082    0.012964   0.0097792      12.427   0.0011377     0.98866     0.93969       1.671      4.8797      3.3061       9.289      3.1904      11.297      17.145      10.818       9.659
    0.030761      2.8359    0.011057  0.00058121]"
1,ind,ClusterSampler,0.005933842624810212,"[   0.026753      2.5006      6.9801      13.198      14.504      3.1046      7.4748      4.5611      2.8621      8.5108     0.73882    0.090515   0.0090386      7.6411      3.8232      10.416      4.7488      4.8194     0.18774      10.315      4.7429     0.29273      6.4198      8.4347      0.1392      5.9496
      5.6256      1.0725      7.1874      1.8339]"
1,ind,ClusterSampler,0.12563616411338419,"[       11.7      1.6016      5.0749      7.7653      5.7852      4.2127      5.5723      8.6953      1.0308      3.2283      13.078      4.8982      1.7865      4.5891       0.834       4.722      8.4294      2.7176      4.1823     0.25175    0.002005    0.023413  0.00016473   0.0016002       1.554  0.00098002
     0.13374      18.491  0.00040594   0.0055457]"
1,ind,ClusterSampler,0.09470874891355244,"[   0.021881   0.0052651    0.012499   0.0060271  0.00098942      10.387      4.6487     0.52985      10.554       8.317  0.00056346    0.014243      3.3696  0.00098966      1.0537      1.6526      4.5737      2.3278      6.4021     0.14145     0.83326      8.0776      5.3008      8.5714      1.3175      1.8798
     0.94734       4.404      13.381      1.7481]"
1,ind,ClusterSampler,0.18583527654522708,"[   0.064418      8.0719      9.2053       6.095      6.2254      3.8378      3.9327      11.095      4.6504     0.59944      1.1356      0.1793     0.11054     0.98692      8.8815      6.9422      6.4271       3.968      1.4794      1.8663      2.7753      8.5529     0.21486   0.0095027      6.9975     0.28775
      1.6534      2.3809     0.16147      1.7163]"
1,ind,ClusterSampler,0.5295005776711619,"[     2.2006      5.0121      4.9977      5.1503       4.489    0.034768    0.024805      2.5633      9.1873   0.0012659      2.4176      11.138      2.1485      1.4422      7.7402      4.1217      7.9066      8.2194      8.7223      12.178     0.30182      7.1307      2.2083      8.3233      5.5205      10.321
      12.445      7.8013      11.309      15.455]"
1,ind,ClusterSampler,0.0722864965227334,"[     11.228      15.725      4.8578      2.2511      6.6436      4.0301      7.8387      3.1427      10.387       11.95      6.7843      16.931      16.348      13.564      14.832      10.553      9.9328     0.99001       5.897      3.2917      10.916    0.014952      10.733      8.8694      11.011     0.73181
       3.552      20.664      2.9801      8.7036]"
1,ind,ClusterSampler,0.256727587483077,"[      13.92      11.515      8.5621      7.6946      11.359      2.5113   0.0025118      14.844      10.132      10.525      14.311   0.0089398      6.5049      9.8298   0.0027793    0.091339      4.5176     0.52003      7.4969      9.0709      10.201      4.9251      8.7491      7.1676      9.2368      7.8121
      5.7029       7.515      6.9308     0.54508]"
1,ind,ClusterSampler,1.7519896076001722e-07,"[     13.328      6.1134      9.8513     0.64023      5.2294      6.0049     0.95603      5.8023      7.1611     0.48329      8.2584      9.1522       7.181      10.746      8.6105      6.1372       3.652      5.1104        3.27      3.2802    0.026042      10.671      1.3251     0.82039      5.7826      6.9177
      4.0065      1.2003      9.2374      7.1978]"
1,ind,ClusterSampler,4.0042388901434105e-10,"[     3.5226      0.2967      7.9805      4.9902      4.9141      6.1342      5.0199      1.1373      5.0047      6.3746     0.22069      7.7227      6.0633      5.6444      4.2248      7.6906      4.7755      3.6783      5.3354      8.6034      5.7542      4.1736      9.0132      8.5503      3.8495      4.1677
      9.6529      9.4448      1.3946      5.5467]"
1,ind,ClusterSampler,0.012151168936008582,"[      9.405      4.7451      2.4331      3.7634      9.8315     0.12182       1.296      8.4013      11.688      1.1228      9.5874      6.4041      6.7975     0.83555      4.8022      1.3729     0.11739      7.6674      8.8206     0.23541      1.7701     0.59057     0.50522     0.62288      2.8944    0.025975
      3.2317   0.0036783      0.4831  0.00045051]"
1,ind,ClusterSampler,0.046232728318449545,"[     8.0837     0.20857    0.042099    0.011141     0.02609     0.62987  0.00069904      9.6058     0.63818      3.6922   0.0022794   0.0024746      2.8934      5.1789      9.7922      8.1363       2.355      6.1467     0.67365      10.975      11.515     0.15826      5.8991      6.8516      10.092      2.5707
     0.18464  0.00018535      4.3221      10.931]"
1,ind,ClusterSampler,1.4183884846332759e-05,"[    0.97259      5.7639      5.4001     0.11422      1.0529      11.328      9.3523     0.33172      1.0936      9.9011      5.9543      0.3105     0.06967      7.6761       0.449      6.4507      2.2925     0.03486      7.4408      0.5856      2.4235  0.00037925      10.156     0.75079      8.4465      6.4546
    0.059532      1.1834    0.025495       1.333]"
1,ind,ClusterSampler,0.08050040661784481,"[   0.067077     0.97195      3.9026      7.6142      1.1661     0.48123     0.01558  0.00040809     0.40623  0.00034148      12.474      3.7633       11.81    0.074529      1.0546   0.0013066   0.0050366  0.00033313      7.5889      17.537      5.1903  1.5139e-05  3.5405e-05      10.821     0.12848     0.10708
     0.54071    0.013557      2.7692    0.075145]"
1,ind,ClusterSampler,0.20658928205128022,"[     8.4477    0.009655      14.467     0.59517       1.901     0.47534    0.010225     0.29793    0.096808    0.093781      2.5339      1.1207     0.13699    0.028043     0.16656    0.051532   0.0013107    0.096638  0.00057264    0.029582     0.73986     0.08798    0.012617     0.00663    0.013124      1.6008
    0.083946       17.37      12.642  0.00073835]"
1,ind,ClusterSampler,6.687906350122268e-09,"[     11.232  5.0067e-05      10.685      14.469      6.1553  7.1523e-05  0.00022671  0.00010144      8.6506      11.567      5.9662      10.002      12.915      4.1795      10.556      6.2579      17.214      14.931      11.889  1.3947e-05      4.6857      6.7903      16.529      12.225      14.679  6.1152e-05
       12.25      3.9266      13.804      10.786]"
1,ind,ClusterSampler,8.279699318762903e-05,"[     7.7861      16.293      5.3193      7.8061  0.00024924  4.5537e-05       13.02      9.3342      11.695      17.651      9.3783      3.3981      13.639      15.698      8.9471  0.00078028      17.482      8.8984      14.713      12.118    0.000167      0.1703      7.4499      8.3725      3.8046      7.0769
      3.9745      4.9128   0.0027025      4.2471]"
1,ind,ClusterSampler,0.000622686725218733,"[    0.28274    0.078446      2.4422      14.069      10.406      2.1665      3.7833  0.00048935   0.0024508      7.4054      3.2491       12.69      12.135       5.527     0.59035      3.3774      5.5388    0.011121      10.056    0.035939      4.0583     0.56475  8.4638e-06      6.2365      4.9154      3.8214
     0.83585      2.0444    0.086557      1.4439]"
1,ind,ClusterSampler,6.604911518671458e-06,"[      4.207      2.0785  5.3404e-05   0.0039179      6.1825    0.001541    0.067542   0.0032719   0.0018137        20.2      7.6442      16.825      3.3361   0.0009581  4.1603e-05      14.359       9.002     0.65189      2.1933      16.298      18.068     0.39926     0.85383      6.8033      4.9944      4.9562
      1.5959      8.5857      2.5042      1.4217]"
1,ind,ClusterSampler,0.3377002599351285,"[    0.11794   0.0051599       6.636       4.915      2.1116      4.8318      7.4412     0.85033      2.0559      3.1322    0.039735      2.9714      1.7057      7.0249      8.6056     0.11264    0.031191      0.2909      4.7515      4.0779      11.011      11.195      7.2666        15.1     0.30148      2.3973
      7.6451       14.36      11.347      11.674]"
1,ind,ClusterSampler,0.04484075196849118,"[     10.887       8.159      4.4475       13.19      4.2331      17.836      9.1253      6.3664      7.2224      1.3111      5.9893      7.8753      4.8318      13.709      5.5428       7.734      14.689       15.47       12.21      16.561      1.6801      5.3395       10.06      3.1385      10.929      11.579
       13.01      10.531        10.1      10.634]"
1,ind,ClusterSampler,0.08915407270457924,"[     10.067      14.257      9.3188      16.449      12.079      9.6423      4.5466     0.18778      10.759      7.7471      3.9671      7.8573     0.97693      7.1491      7.8228      14.031     0.98813      5.1715      6.1628       10.48      1.5098      2.5461     0.38575      6.4707      7.8776      1.7881
     0.95318     0.84901     0.37859      6.7052]"
1,ind,ClusterSampler,0.154809363179466,"[     4.5084       9.107     0.05507     0.49315      3.3611     0.49522     0.46045     0.31831       5.065    0.014737      3.0727      1.6572     0.35638      4.4451     0.24252   0.0054307       2.575     0.97827      3.9729  0.00018023      1.1621   0.0028785      11.086      3.6411      2.1246      2.5303
    0.013446      1.3204      11.423     0.32309]"
1,ind,ClusterSampler,0.0005857128353407227,"[     10.242      17.005      1.4092      18.853      3.7342      12.315      17.244      6.4626      12.704      17.579      10.605      12.209      15.437      8.6461      9.7154      16.175      10.705      15.672        15.6       12.01      7.2555       3.846  4.5299e-05      9.4945      17.055      10.871
      9.7477      13.462      16.801      11.375]"
1,ind,ClusterSampler,2.553397121267173e-07,"[     7.7734      17.269      10.788      10.148      7.2598      7.6952      11.219       10.31      11.914      7.1581      11.308   0.0067136      13.279      14.597      16.016      11.589      5.0033      4.5731      17.685      17.283      5.8707      4.0416   0.0012796      7.9008  0.00039069      17.187
      14.411      21.071      8.4458      14.869]"
1,ind,ClusterSampler,0.003952151268962929,"[     11.381      6.4698      9.4074  0.00094083    0.084932      12.193      3.5521      7.1809      14.889      13.163      6.4024      9.5973      9.8489      12.107     0.10148      11.709   0.0037913      9.7825      7.6202      6.3325     0.14485      8.7939      10.206      6.7997      10.723      10.769
       4.291      10.127     0.34849      5.8609]"
1,ind,ClusterSampler,0.25786769009487676,"[     6.8498      10.018      13.457      13.036      4.0849      4.6441      4.1449      6.6124      8.2247      10.618      5.2255    0.062952      4.0106      10.395      2.6925      17.139      12.932      9.6142      6.9769      8.7667      6.5459      4.6742      9.9598       3.139      13.658      5.8371
      5.2473      5.2342      8.9392      8.6338]"
1,ind,ClusterSampler,0.001058649957475288,"[     7.8529   0.0043723    0.068971      8.8117      14.236      11.793       12.44      12.265      12.558      7.3875       4.561      12.113      10.587       4.377      3.6943      9.5892      4.1245        11.9      9.9789      7.0483      7.4908      2.2153      3.1003      2.8537      4.9856       3.983
      4.4422      5.4335       11.61      5.2625]"
1,ind,ClusterSampler,0.0015660608418528632,"[     11.649      7.4569      7.2978    0.054307      4.5638      5.4694      3.4387       5.475      5.3751      8.0485      5.3589    0.022259     0.27954      1.5474      5.1756      2.6861      5.0759      3.2908      1.2561      9.7368      1.1809      3.5677     0.21378        3.42      10.123     0.33372
      0.1368     0.21351      7.3757    0.016345]"
1,ind,ClusterSampler,0.03865135169340499,"[     4.7424       1.082      5.3212     0.91099     0.69748    0.033849      1.6069      3.2971     0.82766     0.23695      4.2189     0.32892      0.1217      2.2465      0.8747     0.44318      2.1786      7.4222     0.62735      4.0672      7.8013    0.014281     0.21404      6.0304      4.7147     0.83798
      1.4051      7.5793      10.065    0.013182]"
1,ind,ClusterSampler,5.041620765681453e-07,"[   0.021566      4.4846      6.6701     0.18395      3.0423      7.0455      4.1685  0.00020144   0.0080948  0.00045289      5.8618      8.1813    0.018638    0.068093    0.045985      4.6917      6.7435      2.6285     0.61585    0.037718   0.0087206     0.50179       9.141      10.695      8.9403      7.0718
     0.67328   0.0035084     0.50097   0.0043626]"
1,ind,ClusterSampler,0.252204049449521,"[ 0.00032265    0.016248  0.00036197  0.00014292    0.020518  0.00058467  0.00029131    0.028938  0.00020645   0.0082022     0.44766      10.301      8.3687      9.8042     0.27629      6.1429      10.397      8.5579      15.696      13.528      7.6701      6.2963      9.1048      8.8579      7.9871      7.8237
      8.7519      16.184      8.1263      6.6521]"
1,ind,ClusterSampler,0.12672780398558192,"[     6.8997      11.308      7.4364      7.5413      8.5782    0.024137      7.9333      9.9659      4.6542      7.3901      2.7591       8.655   0.0071272      6.4359       5.193      0.1182     0.01177     0.29026     0.55903      8.3043    0.069514      3.8128      1.3432       1.092      7.1653      10.247
      3.2006      5.9905    0.051212      2.0589]"
1,ind,ClusterSampler,0.09839083835328799,"[    0.12932     0.81806      1.0252      4.4667      9.5195      1.6406     0.25599      4.4765      1.3585       2.571     0.18634     0.74163      6.6797     0.21291      1.3848      1.2047      3.9703     0.13585       6.746      5.1848      4.8653    0.019099    0.030795    0.030195      3.6546   0.0024449
      1.3834       5.125      7.6903    0.030271]"
1,ind,ClusterSampler,0.3488566106248167,"[     1.8106      2.1895    0.031615   0.0031598      2.9412      1.8101       3.074     0.81504      5.1702      2.1045     0.55722     0.22602      8.9523      5.2411      1.8182      1.7916      5.6291     0.14655     0.37935      9.6221      8.9502      1.1169   0.0098732      10.151      6.8881      3.1485
      7.2506       0.777        10.4      15.562]"
1,ind,ClusterSampler,0.12827002437776633,"[     2.4574      6.7779    0.084742      7.6897     0.39891      7.7993      6.2069      4.1842      1.6864      2.3069      4.9726      8.1009       6.475       9.538      9.8115      12.373      11.278      5.7586      10.338      7.3045       6.214       9.945      9.6745      0.9219      9.9037      7.1058
      12.234      5.9433      2.7826      3.0331]"
1,ind,ClusterSampler,0.556309745980877,"[     8.9335    0.023479      4.7883      11.233   0.0010984   0.0037534      14.857      2.4642      12.566      1.3859      1.8111      1.1239      0.2396     0.77337     0.35297      1.8893      1.3302      0.5894     0.94223      1.9211     0.04557      1.2116      1.7309     0.13269      1.6479      1.0375
      1.3966     0.18198     0.24836   0.0069896]"
1,ind,ClusterSampler,0.41231888606753525,"[     3.8821      1.3787      3.0661    0.023776      1.9169     0.23873      12.601     0.28455    0.072887     0.06641      2.6915       1.534       1.383      1.5512      1.3163     0.70385      5.0184      4.1818     0.12048      1.3734      1.3771     0.60149     0.64688     0.51348      1.5967   0.0070274
    0.061197     0.11342      1.5264      1.2702]"
1,ind,ClusterSampler,0.07132798783629704,"[     1.1582     0.33688       2.719      0.1755      6.7873      1.4959      1.7149       1.493     0.18582      0.1015     0.12001      10.811      4.2597      9.0075      8.4284      4.6238      4.1482      2.4308      8.0343      10.054      1.0123      4.1542    0.017524     0.43019      6.4983      5.3986
   0.0011093     0.12117    0.090595      1.0254]"
1,ind,ClusterSampler,0.004189005838840761,"[    0.85818      13.989      2.3745      3.6653      7.5908      2.3715      3.2824      4.2367       2.113      7.1957      6.6315     0.78087     0.21064      1.5603     0.45406       6.572      5.7801      4.9644    0.026827      9.8262      8.4835      6.9674      5.3932      2.6769      3.4179      6.9456
      5.6476   0.0026069      9.0104     0.30676]"
1,ind,ClusterSampler,0.13005021159435232,"[     4.0494      6.6476      5.2343      1.2262      0.1933      14.849     0.99792      10.981      4.0607      4.4162      2.0716      6.3083      7.9648      4.8886      10.852      4.8407      7.1656      1.5461      6.2836      2.1339   0.0020723      0.1312      8.2315    0.026488      6.4078      0.4222
     0.79513      8.3929      12.853      11.932]"
1,ind,ClusterSampler,6.789004223926283e-06,"[     4.4944      2.7346      0.8726   0.0031907      3.4493     0.01904    0.033352    0.012521      12.598      12.052      1.6291    0.066298      16.212      1.1989    0.067745      5.0188      16.285   0.0060838    0.094641    0.012391  0.00036269    0.027987     0.10069    0.027745    0.053536      1.1573
  0.00041524     0.75931     0.31818      5.1672]"
1,ind,ClusterSampler,0.5653449646404791,"[     1.6955      2.1395      1.8211      10.503      9.3058      3.5163      10.113    0.018133    0.004258      2.5647      8.4614      11.209     0.81314      5.0415      6.4937     0.10136      2.5268      6.8967      9.7378      2.8525   0.0064327      10.425       2.305       1.051      7.3639      6.5785
      2.5049    0.048613     0.21094     0.70878]"
1,ind,ClusterSampler,0.30524089948564104,"[     5.2114     0.30238      1.7496      7.0459      1.7525      10.552        6.92      2.6662      10.185      9.9788      3.1059     0.18402     0.73319      1.1999      7.6559      6.6539       6.503      4.1818       6.663      2.0469     0.22998    0.014103      6.7046     0.26202      6.8239      5.2464
      6.5717      6.9038      7.3801      6.8187]"
1,ind,ClusterSampler,0.049926821136641104,"[     4.6036      3.3476   0.0080388      4.6112      8.9637      7.0122       10.98      7.6302      3.0804      11.915      10.372      5.5161      6.8747      3.8239      6.9833      8.4894      9.9862      6.5636       12.43     0.20014      1.6928      2.4874      9.0572      6.6647      4.1868      10.255
      10.367      10.718      3.2984      10.093]"
1,ind,ClusterSampler,0.05217911287375503,"[     6.7783      12.077     0.24022      1.4374    0.071874      8.7552      3.5154      1.4113     0.91925      6.7255      8.3862     0.46584      8.4793      5.7373      5.9759      4.7311      1.8946   0.0045005      1.1431      3.1184      4.3456      0.4165      6.4797      3.1747     0.44796      6.3863
      3.5142      1.8174      2.6595      5.3922]"
1,ind,ClusterSampler,0.0015660608418528632,"[    0.16552      7.0575      9.2504     0.24492  0.00011503      7.7182      6.4177     0.00447    0.030528  0.00065722      7.7825      3.7019      4.4639      11.306    0.032353      2.3006  0.00034982  0.00046946      11.312       5.087      2.4747      8.5413    0.013036      5.5581       3.658     0.11873
      1.6813      4.1626  3.5763e-06  0.00016604]"
1,ind,ClusterSampler,0.00034894654687012876,"[     6.0725       4.855      4.6945      10.662    0.047895      5.0481      1.9135    0.016789   0.0043517     0.13586    0.054106      1.0841     0.02095    0.025311   0.0066374   0.0026828   0.0035859      8.4347      4.3003      1.3224      5.0293      4.9788       5.433      9.6696      2.9579      7.0814
      11.282      9.0001      7.2524      4.3089]"
1,ind,ClusterSampler,1.169125642889645e-06,"[     10.828      9.7762      1.3582      7.6962      8.7649      11.073      9.5153      7.2332      5.5213      9.8987       6.439      1.3987      9.6545      8.9617      6.7891      11.566      6.5726      7.9172      10.882       6.637      3.4957      1.4175      7.1691      9.5175      4.4419      11.435
      3.8117   0.0039073      8.1885      10.156]"
1,ind,ClusterSampler,8.570702632109595e-05,"[      10.14      12.393      4.6233      7.5717      1.9766      9.4377      1.4293      6.6157      3.7547      4.3498      3.7812       7.592      4.3983      8.4381      13.424      9.7874        7.27      4.5894      14.229      14.409      8.5399      8.5073      10.144      1.6385      4.1057      3.9089
      5.3438      6.2503       8.173    0.011996]"
1,ind,ClusterSampler,0.8321179388967557,"[   0.048742    0.072277       3.758      3.3914     0.96304      0.1385     0.13247     0.87642    0.075348      0.3222      4.2048      6.4647      0.3541     0.66578      2.3011      1.2908      2.4651      7.4905    0.067537    0.010456     0.43762    0.052592    0.064756     0.10261      8.9804     0.90716
      4.1271     0.27461       13.49      1.8113]"
1,ind,ClusterSampler,0.3559504333487276,"[     8.2065      4.7034      9.6764      9.7935    0.099038       1.388      1.9557      2.1132       1.017   0.0033573      7.8644      14.722      11.936      11.956      9.2076      1.6654      12.176       3.618      9.8511      7.8869      11.112      2.6389      4.6364      10.873      2.5318   0.0090084
      11.281      10.573      11.268      5.1288]"
1,ind,ClusterSampler,0.09080748719203363,"[     6.9658      4.2919      5.7431      6.3766       13.52      6.3698      3.8069      3.6893      9.6372      9.3313     0.63811      8.9069      11.467      11.323       6.443      11.743      14.296      4.5229      5.7731      4.9782      5.5953       6.909      7.4377      8.7585      12.016      8.1786
      11.778      1.7947      14.609      18.755]"
1,ind,ClusterSampler,0.0334294684937478,"[     8.5363      8.2695      15.975      9.6172      10.481      10.182      10.085      12.241      9.8736      14.204      2.9452      11.369      11.457      6.3667      9.0628      7.4276       9.559      14.354      17.714      7.4697      12.305      10.317      9.9807      5.5872      11.741      10.096
      7.9157      10.589      15.318      11.197]"
1,ind,ClusterSampler,0.5425496048034052,"[     9.1519      12.088      3.6174      4.8891      11.206      9.0038      16.896      5.2859       13.07     0.40866      8.1884      13.588      11.368      1.3648      12.554      8.7731       3.625      7.7677    0.018255      6.8321      2.6232      5.1765      6.9659      7.1193      4.1283      1.8029
      1.0031      2.2882      8.0194      4.0801]"
1,ind,ClusterSampler,1.655888342080835e-05,"[      13.66      5.5502      1.4218      6.1004      4.4502       6.216      1.3639    0.075583      10.634      5.4013      6.6816      4.3932      1.7764      6.6483      1.7245      3.0999     0.88047      7.8324      5.9741      2.8211       1.491      4.3002      11.128      3.1417      2.9414      5.4435
      5.1159      4.2896      8.9121      10.464]"
1,ind,ClusterSampler,0.00031716864749632196,"[     2.6693      5.4368      3.9218    0.070277     0.34888     0.61787      6.9593     0.34908     0.71444      2.0886       3.794      8.2934      1.5769      5.4655     0.71127      5.7137      9.8629      4.0766       1.391      3.2412      5.8429      7.0128      1.0202      1.4582      4.2272       2.669
      9.1948      6.7498      4.6135      4.4733]"
1,ind,ClusterSampler,0.002172725227896856,"[     4.4566      3.2875      5.0006      7.4555  4.7325e-05      6.3593       6.169      8.1261      1.6693     0.25069   0.0029384      8.6292      1.7731    0.025787     0.48007      9.0224  5.4716e-05   0.0031835      3.4281    0.016205      0.1577      1.3489     0.46129   0.0091225   0.0043974      1.3646
      12.817    0.015799    0.053703   0.0011363]"
1,ind,ClusterSampler,0.01625976397107016,"[  0.0018671    0.043861      1.4041    0.058765    0.027401    0.058312      7.2264      9.0872      13.113      2.5117     0.53511      5.4386      3.0985      4.6144      8.0164      6.0995        1.53      8.0101      3.3552      6.0117      6.1728      1.8982      5.2117      10.924      1.2066      4.4062
     0.90163      3.5538    0.029547      9.3829]"
1,ind,ClusterSampler,0.0019047009904940813,"[     7.9688      9.6533      2.2206      8.7617      6.9228       15.36      9.5609      16.769      6.5492      2.7649     0.12055      12.429      2.1396      4.7856      11.411       5.325      8.6442      2.5474      7.4699      4.6653      4.3679  0.00087068      4.6055      4.0096      1.0322      7.9219
      2.5347      5.5751      3.5767      5.4234]"
1,ind,ClusterSampler,0.8783549927301384,"[    0.56158      1.0266      3.6533     0.32508      9.0811      7.9436     0.01788      4.6433      4.0958     0.32954      9.7518      3.2054      10.304      5.9331     0.43393   0.0086354     0.23828     0.83015      9.2221      6.6719       8.839    0.085931      12.051       4.819    0.064306   0.0026424
   0.0011127      8.0695      2.4414       8.268]"
1,ind,ClusterSampler,0.01259299442297825,"[    0.25446  0.00094417     0.32971      8.6686      3.2784      11.511      4.8859      1.9284    0.013743      4.6292     0.78327    0.039862      9.4956     0.69679       1.986      12.507      2.5231      9.7002      7.4938     0.59172       8.633      1.1587    0.066138      2.3013     0.70779     0.28631
   0.0092287      7.0373      5.3046      9.1711]"
1,ind,ClusterSampler,1.3604047191485863e-05,"[     3.8165      8.5581      8.5542      2.7376       14.12      2.8479      7.3154      2.0222     0.61783      6.4541     0.32062     0.71946      5.1692      9.6624      2.3927      4.2012      8.8971      1.7217      6.3541      4.6211      6.6671      6.0915      8.4265      4.1232     0.31766      11.172
     0.15989      6.5305      10.973      7.0643]"
1,ind,ClusterSampler,0.003038627852842767,"[     3.4449      8.2115      5.4185      5.6451       8.118    0.066331      13.495      6.3687      10.046     0.78632      9.2195      5.0836      3.4341      8.1048      6.4371      8.2792      5.0895      4.0173      13.573      2.3932      3.8464      5.0939      4.7464      2.5698      7.1797      4.5844
      6.6945      8.5709      9.0614      5.6437]"
2,ind,RandomSampler,0.7047810915777735,"[    0.21749      1.8074      2.6915      2.6693    0.035914      2.5401      9.4367     0.14485    0.015487      10.464    0.010877     0.59725      11.564     0.10148      12.107     0.19436      6.0049      4.0607       5.162      1.3986   0.0042867   0.0084156      6.0452    0.043307      1.4041      8.3207
       1.575       6.502      7.1874      5.1903]"
2,ind,RandomSampler,0.5066791858329908,"[     6.6406      15.648      3.2824      1.3718      3.2283      5.7029      4.7147    0.069742      3.8232      9.9272      5.5467      5.1085    0.029205      10.556     0.44766      1.3251      5.1756      6.0518  0.00034148  0.00046397     0.01177      11.312      3.2412     0.60149      12.952     0.26539
       5.427   0.0037534      13.474      0.2632]"
2,ind,RandomSampler,0.5306899914654213,"[     7.4626      4.1542      10.882      6.2776      10.152      2.2925      4.1482      2.7692     0.32263      4.9782      4.2896      10.618       14.12      2.0785  0.00039844     0.75063      2.3959      1.9896      3.0446      4.1823      9.1074      10.481     0.71445     0.45475      3.5881    0.033352
      3.6956      3.2514    0.067077     0.71946]"
2,ind,RandomSampler,0.29716261194834476,"[   0.022259           0    0.010225      2.8243      9.4562   0.0094172      10.127      10.556      2.2083        6.17    0.012964      6.4198      6.9674      7.3293      1.6612      9.1924      12.052      3.5893      1.3859      5.3331      4.5894  0.00018023     0.94734      11.086      11.687      12.251
     0.34888  0.00085734      3.0717      1.6333]"
2,ind,RandomSampler,0.3564275052692137,"[     5.7644      8.5108      6.4105    0.064418      10.733      7.3826     0.50097      8.2104      1.9674     0.89878      1.0308       7.358      9.4382      2.4793      7.8237    0.012181       10.14      7.1491      4.4127      12.972      5.0188      5.2114      3.0999      3.0687   0.0090084    0.030195
      5.2255      5.3976       7.576     0.29793]"
2,ind,RandomSampler,0.6820537088771368,"[      7.181       6.439      8.6292      8.8117      2.4235      7.6146    0.031739      7.0246         6.1      1.0106      8.6497      1.6629     0.87726      8.9912       1.296    0.072277      7.6442      1.3952      2.1615     0.84901    0.070585       4.585      12.915   0.0020761      5.8485     0.31818
      7.7653    0.067537        1.43    0.015846]"
2,ind,RandomSampler,0.31042293075880273,"[     4.0098    0.035939    0.021881      12.484   0.0030269      12.867      3.1978     0.89736      4.2118      3.0731        15.6      1.4978      18.554      14.832       6.095      10.685      14.467      16.293     0.18402      5.1503      10.387    0.015799     0.23873      4.1811      2.6769  5.3404e-05
      10.726      13.469      4.7822      13.528]"
2,ind,RandomSampler,0.11034854273023086,"[     6.5477   0.0017549   0.0050366      2.8351      1.6526      3.0583     0.10695        0.58      9.8115  0.00030263      9.6058      4.2248       1.261    0.030287      3.9703      9.9399        11.4     0.24666      0.1983       4.467      7.0634      1.3834      10.225      2.0859      11.743      7.9805
      3.2917      2.3763      10.887      10.945]"
2,ind,RandomSampler,0.11737796460296736,"[     6.0623      4.8889      1.3734      7.4905       3.658      4.1363      7.6906     0.13445     0.35623       5.011      2.5633      10.157       6.169      13.649      4.4944       1.388  1.8477e-05    0.013977    0.027349      6.1856      2.0989      9.3577   0.0074564      8.7731    0.091023      6.2254
      12.178       7.937      1.7863      8.3043]"
2,ind,RandomSampler,0.29548033931616813,"[      7.592      1.0725      3.3426  0.00069904      10.662        6.13      10.201      7.8013      7.8903     0.22834      7.7627      15.725      4.5176      5.3806      7.7182      14.054      9.6483      4.0779      5.6666  5.9722e-05      3.5877   0.0022794      9.4157      9.5195      2.0589      7.8387
      20.228      15.012  0.00013577      7.1809]"
2,ind,RandomSampler,0.7102792646261382,"[    0.13585      1.0607      18.755      6.2641      8.4495   0.0014632      5.4243      8.8984      4.6917      1.0199   0.0043626      4.4255      7.2579      4.0835  6.9854e-05      1.4327  0.00034982      9.6516     0.40866     0.31555      4.2449      0.7449  7.8678e-06     0.59704   0.0028912   0.0025764
      1.8466     0.21351      6.8321  0.00058121]"
2,ind,RandomSampler,0.8517637219872939,"[     10.846      10.634      8.4347      1.4422      5.8461      9.5854      9.3595      10.043      9.4956      4.2961      4.7009      6.9177      8.5035      6.1046      8.9063      1.0949      5.2995      7.7999      8.3978      2.9098       4.679    0.013083     0.37859      6.7117       4.283       8.855
      2.6726      14.699      3.8896     0.34253]"
2,ind,RandomSampler,0.3684630265709741,"[    0.71647      7.4969      6.6816      3.4493      4.0439      3.2802      9.1425      2.6794      1.3648      1.4057      10.556      10.494   0.0098732       11.61      8.2708      5.9331     0.10069      4.7883      8.4381       7.116      13.684      5.3263      0.5519      2.7753      5.3988      1.3832
      3.1484  0.00085222      7.1864      5.1715]"
2,ind,RandomSampler,0.8987541227347999,"[     7.2264      1.9557      3.7775      8.7552      1.9478     0.12048       5.826   0.0097938      4.6548      1.5967    0.084742       3.618      6.1202      3.5083      4.6643     0.13919      3.0342     0.10041     0.83549      4.7174      6.7251      7.9437      7.4585      4.7689      11.061      4.1363
      9.9402        3.42  8.2254e-06      2.5122]"
2,ind,RandomSampler,0.2127862365224357,"[     10.416      3.0635       1.986    0.075348      4.1944      7.2978      5.5697        11.7      9.0614      6.2994      2.3909      11.621    0.070417      7.9157      12.853   0.0033311      5.0121      1.8982      8.2714     0.21378      6.2681      7.8324      4.1059       11.89      7.8529      4.2423
       3.253      7.2524      6.3766        3.27]"
2,ind,RandomSampler,0.8991800066142879,"[     10.849      7.7296      10.148      10.144       5.041   0.0026012      10.503      8.3613      5.2629     0.61303      6.3015     0.91983      12.725    0.014196     0.18687      9.6306      6.8239      7.1516      6.3853      8.1814      2.2686      3.6456      10.818      1.0246      16.581  0.00016569
      11.228    0.030795      1.8893      5.4341]"
2,ind,RandomSampler,0.4674037776169736,"[     2.1113      6.6613    0.027745      10.995      6.3933      4.7856   0.0029897      4.7311      1.2116      9.6423      13.975      2.8577      4.6144       3.552      4.2675   0.0017068  2.7418e-06  0.00050353     0.40623        14.3      1.9503      7.1307      7.3644      5.4851     0.30676    0.067745
      4.0672     0.92669    0.011057      1.7217]"
2,ind,RandomSampler,0.11655630444717435,"[      10.88      5.4935  6.6874e-05      8.4477     0.27948      15.507      2.9071      0.5517     0.17682       8.082     0.73319      8.5529      9.0572      7.6506     0.67193      7.5714      3.8897    0.045473       4.207     0.57672      1.3334     0.76562      12.427    0.018207      9.0893      3.5144
      6.5791      1.3821  0.00016867      5.1338]"
2,ind,RandomSampler,0.14115798614068334,"[   0.020884      3.6257   0.0098658        4.56    0.018638      3.5807      15.049     0.32522      3.4688       6.589     0.78414      6.7966      13.504      7.7337      2.8533      2.0492      4.1758      7.2666      15.054    0.014103      7.4938      8.2012      3.8905      7.2363      7.0643       13.93
  2.8848e-05      15.437      2.5339    0.086844]"
2,ind,RandomSampler,0.7096580971578645,"[     6.8719     0.60642      6.9456    0.054257    0.017803     0.58102      3.0447      3.4373      2.3726      6.0461   0.0010581      10.185      8.7692       7.817      3.9852      4.6822      10.304      7.6533      5.2414      5.4655      12.767      4.5731      8.4265      10.247      10.553  0.00084972
      3.1184      6.1597  0.00012564    0.084932]"
2,ind,RandomSampler,0.2552161366517019,"[      8.839      1.6864      4.2184    0.066952    0.066298    0.016345      3.9654      13.082      14.679      2.7649  0.00039677      0.0328      4.3089   0.0011093      5.7673  0.00092321      6.5889     0.21404      6.0598      5.2859      11.954      3.6106     0.13269      5.9496      6.3579      1.2032
     0.75931      6.7314      14.203      11.219]"
2,ind,RandomSampler,0.18554044231503927,"[     4.2127      1.4725      3.2636      4.7107   0.0095027      7.9709    0.011232      5.1153      8.1047     0.18464     0.84304      4.2331        1.53      6.8967     0.59517      6.3015    0.035409      15.126      16.016     0.00663    0.040695       11.31     0.18198       6.214      8.2922      4.4129
      6.9038     0.93969      17.482       2.289]"
2,ind,RandomSampler,0.9849979834268785,"[     1.6325     0.30291      5.9151   0.0013107      1.3494      3.9302      3.1384      3.6653      8.8751      2.1927      2.2819      7.8092      7.1058      12.749      14.053  0.00068558     0.85383      8.1885      8.1072      2.4522      3.5358      7.6345       5.513   0.0087206      7.0922      3.2544
     0.51826  4.5299e-05       2.657       6.529]"
2,ind,RandomSampler,0.6351233749591483,"[  0.0077912      12.558      2.0316      12.135     0.39926      3.9667      7.7377      12.364      5.4471      5.0199      4.6712     0.12965      4.7505      6.1134      8.5073      3.4575      14.121       2.546      1.1431      14.878      8.4234      7.8013      8.0485     0.04557    0.017442        10.1
      10.372   0.0025118       15.33      4.0771]"
2,ind,RandomSampler,0.3564275052692137,"[    0.29181      5.7276      16.348   0.0031181   0.0051599      4.8095  0.00018368      10.931       4.073       6.501      14.194      1.1269      13.303      9.8174    0.014243   0.0031568      12.029     0.62649      4.5229      1.0936      2.5748  0.00013053      8.8749       15.19      15.313      11.511
      13.323    0.068093      6.4196      11.036]"
2,ind,RandomSampler,0.625867257015119,"[     5.8786      3.1322      7.2928    0.097035      2.7865      6.5726      12.528      9.2606      3.9639      6.5766      1.5734      3.2042      2.1485      10.161   0.0014297      5.2148     0.31831     0.24806      7.8575      4.2768      5.0658      4.7123     0.49475      1.9175      4.1217  0.00018535
      4.6238     0.54508      7.9074        6.98]"
2,ind,RandomSampler,0.31347663618829746,"[     15.288     0.76672      9.9891      8.4796      4.6487      4.4502     0.71444      8.5413    0.027265      7.1202    0.021444      10.316      7.8228      9.7623     0.45406      16.285      3.2111      4.3498     0.85818      6.2659      5.0006      1.7309      6.7384      8.2945  0.00054214       9.487
       3.758    0.059683      5.6927      4.5187]"
2,ind,RandomSampler,0.5165834310044363,"[    0.21064    0.058312       11.81      4.5948    0.051212  1.1802e-05      7.7622    0.096798    0.027125      0.1142      9.4191      11.308      2.8846      5.0137      2.6408      6.9453     0.44318      7.5436       5.227    0.018133      3.2988      5.3743      6.5088     0.11873      5.9848      3.0804
  4.7563e-05      17.014     0.03274       16.18]"
2,ind,RandomSampler,0.5253822810512784,"[     5.2342      1.4208   0.0089398      2.9218      2.3448      7.0595      4.9154      4.5397   0.0024508      9.6259      8.1261     0.59944      3.4512      6.9878       1.019      9.4065      2.4874      4.8602      8.3193      11.745     0.35563    0.058765        6.08      4.9563      2.1717      2.0757
      13.475      8.2194      1.6801      2.5864]"
2,ind,RandomSampler,0.057851327580511834,"[    0.89706       3.327     0.00238      10.067     0.21486  0.00022921      10.242      10.321  9.2983e-06   0.0091225      4.7887      9.8332      4.5647      14.469      3.4387    0.088939  1.3351e-05     0.12109      9.3817      9.5804   0.0029397      17.269      6.1551     0.18884     0.66238      1.0235
      9.3342    0.038602      1.7701     0.03709]"
2,ind,RandomSampler,0.6579874834537125,"[  0.0034923     0.56158  2.7299e-05       7.734      9.9788      1.6736      1.1573      12.675    0.039735      2.0886      11.172      6.4371    0.052592      9.3972      7.5875      1.1169     0.15826     0.33895      2.5707      1.1965     0.91028      12.601      7.0249     0.29644      3.9792  0.00016604
  0.00016473      4.3066      6.5939      7.1939]"
2,ind,RandomSampler,0.7194122677430991,"[     6.9412      4.6504    0.011465      7.2224      2.2461     0.14996      8.2394     0.05788      3.5137      11.095   0.0014143   0.0024362      7.9606      5.3136      8.3233      13.636    0.021558     0.36755      8.2662       13.95      5.2343      0.9618      9.2774      14.609      12.281      4.9856
       3.948      3.2349      8.4006      3.8463]"
2,ind,RandomSampler,0.555110030888074,"[     1.5862  0.00078528    0.020398      11.579      2.5049   0.0026828    0.025618      7.7734      13.452      10.252      2.3181      6.5717   0.0095351      9.9449    0.012049   6.008e-05      2.5341       8.159      2.9007     0.97827     0.27629      13.263     0.96583      4.2163      8.1771      0.1687
      6.5431  0.00072906     0.22064   0.0039073]"
2,ind,RandomSampler,0.8441282890013038,"[      10.37      0.1217      8.9502      10.302      6.7758      13.736      7.8616      5.3193      5.1848      2.8479      1.6136      2.7974      8.2945      3.3771      8.4171      11.933      6.6787     0.30148       2.575    0.041322      13.564      6.0943      3.5342      2.9377      4.9644      0.6784
      5.9753      8.1792      9.8736      8.3138]"
2,ind,RandomSampler,0.7560122724044741,"[     1.4846      2.0469     0.11342    0.097267  0.00010144     0.45522      13.359       1.456      9.9894      8.4068      3.8566        15.1      8.4049   0.0071408    0.057297      8.4347    0.054307       4.922      15.192      2.2206  5.4239e-05  0.00014697      6.6647      5.3046      3.1904    0.025495
  0.00099312      11.073     0.98075      6.5878]"
2,ind,RandomSampler,0.09839083835328799,"[     4.5915     0.11794      4.9788    0.066126     0.13991      12.123      2.5461      6.3863      8.7467       7.752      10.718      6.3773      2.1246      6.3877      4.4733      4.4733  1.1682e-05      2.6389      8.6686    0.004444   0.0014835      0.4217      4.9562      13.078      0.5894    0.026827
      6.0876      7.1077     0.40349      6.9228]"
2,ind,RandomSampler,0.7788318610085445,"[ 4.7087e-05      4.6038     0.28191      9.0987  8.7973e-05    0.002005     0.19461      11.085       1.092      9.1302   0.0026987     0.13662      4.7359     0.14311      10.002      12.704       8.699      4.2272      2.7231      7.1138      14.354      5.5161      4.8859      1.0626      4.1218      1.6479
      9.7534       2.305      11.098  5.4358e-05]"
2,ind,RandomSampler,0.9130282211302269,"[  0.0023919      10.338      2.7786      6.0174      1.2825   0.0080388      6.7853      12.079      8.9335      1.3542      10.395    0.062242  0.00028642      6.6872       5.527      1.8174      8.3492       2.128      3.6174      8.7295      2.6691       2.813      6.8516      0.1728      3.3879      15.129
      7.8496      8.0782      7.7487   0.0011363]"
2,ind,RandomSampler,0.19677513481243827,"[     4.8318      6.2707      8.7682      4.9127      6.5636      16.931      1.5461     0.30182      3.6122    0.030761    0.060769      2.1573      9.1048    0.025975      3.2435        20.2       2.694     0.38404      4.8022      7.1676      3.8592       3.139      8.5363     0.18203     0.36103      5.3212
     0.74163      10.786      3.6922      4.1842]"
2,ind,RandomSampler,0.6777341411015947,"[  0.0001434      4.3763      12.305      11.915      5.0481     0.16556      3.3994      12.883    0.058782       6.746      5.8632    0.055973      2.8359      13.889       12.86   0.0027793      6.6987      15.696      9.5796      6.7975      2.6861      4.4837      3.7285      4.7451      1.8322      7.9894
       5.459      3.5091      2.2009      16.769]"
2,ind,RandomSampler,0.9938586030611242,"[     9.1575      8.0926      6.4474     0.05956      1.7764    0.002799    0.023413      7.4658     0.51772      1.5847      16.184    0.025236      8.2484      3.0727     0.02861      3.1003   0.0018137      12.474      5.3082      2.7591     0.29273      14.229      2.1564      13.381      4.2273      8.6156
     0.97525      10.852       6.475     0.17567]"
2,ind,RandomSampler,0.30481497924806256,"[     1.3549      0.3243       3.167     0.22003     0.48186     0.94179      10.225      3.4477      3.9745      9.3447      6.5444       4.452      2.2557      3.9489   0.0015688      9.7002      3.2719      3.3373      5.2626      5.2916      2.3906      10.589      2.3826       10.69     0.22985      10.093
     0.66383  3.4212e-05      4.0266      7.1681]"
2,ind,RandomSampler,0.429724465062965,"[     11.783  8.1059e-05      5.1524     0.13749      5.9866    0.039862      3.4864     0.27461      1.4315      8.8579   0.0030084    0.012499      11.498      6.9765      3.3013      9.6976      8.9596      10.258     0.22602      1.8663    0.009655     0.50179    0.072887      10.525     0.10972      9.7922
      7.2579      7.1653      6.7231      24.131]"
2,ind,RandomSampler,0.8909882456380519,"[     5.8461      6.3534      3.8214      6.3649  3.2663e-05       6.636      14.359      3.3357      5.8475      5.1104      9.1135      10.924     0.71127      4.6055  0.00024888      10.723      3.4179      10.763       1.491     0.44702   0.0025905      7.0423       6.009  0.00026985    0.013182       11.18
      10.671      5.5475      5.0973     0.13791]"
2,ind,RandomSampler,0.6117064401476392,"[     10.154       14.02      8.0811      5.5998      4.0957   0.0013581      10.379      3.5677      9.1762       5.065       9.405      3.4586    0.013794      2.3013      2.3016      11.381      0.3765      2.5394     0.46045      4.9915     0.33414      7.4499      5.8902  0.00014292      2.1895      9.4991
      8.3929      3.8021      1.7738      2.7809]"
2,ind,RandomSampler,0.6808328224799162,"[     16.514      9.0811      6.8918      9.8513       11.28      7.6142      10.973      5.0033     0.57291      7.4295      2.1801    0.013036    0.013557      1.5291      6.3392      5.7852    0.074253     0.33066      2.7249      4.5466      2.5474      9.5603  0.00031002      4.4045      2.9105     0.98813
      6.9425     0.83802      5.2117      3.3586]"
2,ind,RandomSampler,0.8310668338750687,"[      14.23      9.1057    0.032353    0.004533      4.0173      5.4897      9.6533  0.00043859      2.0037      1.6534      10.404      4.9944      3.9729      8.7612       3.983      3.6237      1.9061       3.787      6.3719      3.7202     0.38362      0.2967      7.6854      3.5864    0.098717      5.1288
    0.006159      10.734       3.458    0.051639]"
2,ind,RandomSampler,0.1930746569101029,"[     14.849      10.221       13.66      4.4566      5.9577      4.6945  0.00010406      8.9952      3.6568       10.72      2.8393      7.2838      10.315      5.9543      2.6294      6.6833      7.1351      3.3696  0.00039105      6.5713       10.57      9.8322      2.7176      1.4175      1.9663      7.3715
     0.23778      3.4525      9.3104       1.493]"
2,ind,RandomSampler,0.2571098923169205,"[     14.236        7.65  0.00038199      7.4697      2.4702  2.5034e-06    0.006678      6.5459     0.03448      6.8498      1.8145      2.9412     0.89512       5.367      7.4908     0.16253      4.3986      0.4007      12.385    0.045985      7.0381      10.963       12.25       11.57      8.2208      3.0668
      4.9849      1.9353      11.209    0.011121]"
2,ind,RandomSampler,0.5926942543164456,"[     9.6159      0.4222   0.0043933      9.3829      5.1881      1.2588      6.3616      0.4019      2.7826      7.4748      10.123      9.0924      1.1837      3.1747       15.36       8.184      8.2274      4.0148      11.566      12.025     0.35531      5.7731    0.048848      8.4222      7.7434       15.47
       1.954      2.9579      4.3733      8.8498]"
2,ind,RandomSampler,0.09350698374629247,"[    0.01678      0.1015      8.5542      10.317      6.1969   0.0035859      8.2166      9.3967   0.0035084       4.855  0.00080863      3.3795    0.002086      8.1813     0.28274      13.198       1.232      3.7647      14.681      9.5175      4.7488      2.5333     0.37935      1.9766       5.408      2.8211
       11.17      11.197       3.794      1.9522]"
2,ind,RandomSampler,0.006704464217855276,"[     3.5142      18.853      1.3111      8.3043    0.034943     0.99243      6.3334     0.24111      11.323     0.11226      5.1094      9.4066      8.1573     0.16452      17.697     0.78354      4.9182   0.0020723       8.633      10.156      5.2294     0.70878      14.356    0.049859      11.166     0.67328
      10.873    0.010167      4.0801      11.408]"
2,ind,RandomSampler,0.6351233749591483,"[     9.6912      8.8271      6.7404      1.5449      9.8985      3.3476      7.2506      4.2031      14.713      10.018     0.37413  0.00098002     0.33688      8.3001      4.0096      1.1661     0.20857      6.1681    0.085931      10.634      10.132    0.001941      6.9956    0.015648      6.4707      4.0958
  1.1921e-06      4.4422    0.010093   0.0090386]"
2,ind,RandomSampler,0.06354623883481485,"[     4.8669      8.6613      7.3228      2.5985   0.0099743      1.8133       7.411      6.5951     0.61205  9.1191e-05      4.1626      3.8355      1.9466  0.00014483   0.0043974      1.7865   0.0026069      11.732  0.00033075    0.063352  0.00075526      4.6681     0.24252      4.6857      8.5482      4.1054
      9.8987     0.13227      4.3586      8.9274]"
2,ind,RandomSampler,0.17680071965517688,"[      15.84      11.567      9.2076      5.6302      17.836      9.3459      12.561   0.0054596    0.068807      2.4957      4.7034      9.6539      0.1385     0.02596      6.5479      7.0722      5.3354      1.3885      1.0999      5.8882      5.0945      7.6163      6.4021   0.0083451      4.6796      5.4166
      12.427      11.368       5.475      7.4054]"
2,ind,RandomSampler,0.6104866796773388,"[    0.82701     0.98062       6.842     0.24155      5.6476      8.2044      5.2756      5.8429      10.395      4.9385      2.0946     0.02609    0.027302      8.8815      4.7356      10.759      4.8982     0.32141      1.9495      6.7941      5.8766      14.323      9.6705     0.10328      7.2967   0.0018671
      11.891  0.00059706     0.90716      11.787]"
2,ind,RandomSampler,0.9480966406630413,"[  0.0024746      6.3698      7.1604       5.387      10.794      1.1441      5.5502     0.53707     0.76787        8.73      5.8631   0.0037663       6.503      4.1831      7.4412       2.499       5.512       11.25      14.463    0.059532      6.4467      8.6034      12.566      10.717      1.2319      0.6898
      0.3231      12.654      1.1373     0.57602]"
2,ind,RandomSampler,0.9169076733689772,"[     12.241       0.592  0.00022671      11.297     0.78632      8.0194    0.004439     0.59057   0.0016341      8.3526      6.0709     0.10609     0.16614      1.7911      7.7433     0.63007     0.62735      2.2808      10.788      4.9141      6.2365      2.6867      19.301      11.312     0.07487      6.8411
      10.609      1.7588    0.063646      7.8022]"
2,ind,RandomSampler,0.614176748316532,"[     7.7677      13.978      5.0184      16.641      1.3177      6.1569      6.7435      7.2555      2.0028     0.46129      2.4757      9.6555      6.4977      5.5723   0.0071812      3.8495     0.94612      11.206      6.7783      9.7163      3.8678    0.041788  5.4716e-05      8.7897      2.2104      3.6546
      2.6925      2.1776      1.2085  1.7285e-05]"
2,ind,RandomSampler,0.3978815272710242,"[     7.9152      10.624     0.12932      0.9634      15.847      10.214       7.552      2.2239      2.3011      7.2523      16.175   0.0020111      4.7002      1.4113      9.5874   0.0043723      14.954      2.4366      4.9902      8.4013     0.83585      9.2551      5.6041      2.8925   0.0018299    0.019585
      11.529     0.66921      5.8815      8.6806]"
2,ind,RandomSampler,0.6437859976940019,"[     5.3963      7.6256      5.7639      1.6795       12.93      12.507      9.3662       5.087      6.5605       16.63      4.0023      8.4614      8.2315      11.151      3.3398      6.7997      9.6545      7.0077      3.5767      2.7686      10.821       4.906      5.1789      3.0603      2.1847  0.00019954
      4.7622      14.099      3.9259  0.00015234]"
2,ind,RandomSampler,0.6110881817906881,"[   0.016205      2.5083      4.1533      2.9643     0.22234      5.9044      7.6946   0.0086067     0.65091      1.4217      2.9452      3.2813    0.006123      8.1782      6.9769      7.3045      14.869      6.0633      1.8508     0.48329      4.6135      11.936      10.188      1.1601      1.0254      9.3783
      5.2247      1.5535  0.00040809      3.9139]"
2,ind,RandomSampler,0.3578586632298358,"[ 0.00076777      10.554      1.0993      11.062      12.634      2.0222      6.6719      1.3771      6.7213     0.99792      5.9893      5.2411      3.8056       8.898      5.8991      4.2189      1.7358      1.5769    0.021566      2.0716      1.0322      9.9659      4.1057      7.3801     0.31469      7.8369
      5.4001      9.8629      17.402      11.375]"
2,ind,RandomSampler,0.7765349405253092,"[     6.4359     0.44796      7.6612      4.5638    0.001541      2.3909      5.2551      9.5892   0.0071272  7.5218e-05  0.00033313     0.02095      4.2449       10.16    0.075559      2.6743      5.1645   0.0032257      5.1639      4.0256      13.701      3.2875      9.8298      17.139      1.8659     0.36194
      6.1081      14.031       0.449      6.9833]"
2,ind,RandomSampler,0.10329821873633263,"[   0.013743      1.6406       1.577      7.8573      7.1904      9.3767      4.2609       1.054      7.0345        11.5    0.034768      5.2473      5.6256     0.29673     0.13273  5.1735e-05      8.4465    0.037163     0.62288      8.1884      4.1593      1.2262    0.042099   0.0081853     0.16636    0.004258
      1.7163     0.27954      7.5889      3.5428]"
2,ind,RandomSampler,0.8032844199090254,"[     11.809      10.387      3.2037      4.7918      1.0375    0.016248       4.354      5.5452      15.545      16.896  0.00058467      2.6468      1.1052      4.6794     0.18774     0.30455    0.064756      3.8554      10.964    0.024198     0.74629       5.442      12.697      9.5362      3.2317     0.10327
      1.5182      0.1392  0.00026449      8.0036]"
2,ind,RandomSampler,0.08833621806352436,"[    0.28775  4.6848e-05      7.6478      6.4017       5.253     0.68119      10.175     0.51348      12.193      7.2681    0.055793    0.051532      5.9724      15.711      11.624       2.555      3.3708        10.5      7.2825    0.016789      14.175       12.53       2.972    0.090595     0.12848     0.29347
     0.21291      5.0661      12.225     0.93882]"
2,ind,RandomSampler,0.33494858834621893,"[     5.5872      3.1204      7.9248      6.2963      8.7036     0.14145    0.010838      10.092   0.0056211      8.9602      1.9497     0.46584     0.68568      7.2011   0.0029379      3.6533      8.1428     0.18739       13.19  0.00046779     0.27485      10.731     0.28034    0.030271     0.18728      7.4555
      0.1577  0.00039725      4.2772       15.97]"
2,ind,RandomSampler,0.36652314559664445,"[     1.2003      5.0202    0.010961      14.629      4.8944      9.7874      1.9169      5.0909      2.8054     0.27103       5.125   0.0036783      10.367      10.976    0.075145      0.1396      10.959      14.031     0.90193       0.194      14.885     0.10889     0.12189      17.579     0.37698      5.9022
      4.8318      8.6442      8.9523  5.2808e-05]"
2,ind,RandomSampler,0.7333182501596817,"[    0.75079      4.8194      4.4868      1.9715      8.1859      10.065      3.6489       12.15      6.4326      4.5084      11.278       8.876    0.054106      15.698     0.16595      7.3757      1.7057      8.3725      7.4569    0.011996      17.005    0.025787      6.7854      3.8117      6.5142      4.3983
      13.681      5.4386      4.4765        1.69]"
2,ind,RandomSampler,0.8901112721215738,"[     10.768      1.6803      5.9741      11.309      2.1665      5.6085      16.212      11.369     0.95545      9.7477      8.2247      2.3788      6.4698     0.83798      7.9066      8.1952      8.3795      4.0778    0.023951      5.0226    0.047895      8.5519      4.5028    0.027987      6.3341      10.054
      3.8069     0.47056      9.4316      2.8406]"
2,ind,RandomSampler,0.014781686589911172,"[     3.3774      4.6096      1.3787       1.831      1.5104     0.86688       1.554      10.544      5.3438      1.4517      14.638      7.0089     0.15503      4.4356      5.3362      7.8147      11.843      11.951     0.65189      12.113  0.00046946      5.4153       1.298    0.096808     0.24278      6.8187
      5.7137      10.255      8.5197      10.237]"
2,ind,RandomSampler,0.15199675435001883,"[     2.5647      11.863       10.17      7.1611     0.73181      14.069      5.8618     0.35541       4.949      4.9977      17.714      13.057       6.901     0.33172  0.00035923      5.0475    0.019014      13.239     0.61938      6.5492      17.244      9.6624     0.95318       7.833    0.019099      3.3425
      5.3966     0.14655      5.7723      5.5003]"
2,ind,RandomSampler,0.9756517403306888,"[     1.7947    0.036872      6.3376   0.0028785      14.105     0.04327      5.1208      7.4276     0.01904     0.57196      5.1331      5.0702      3.2006      10.552      9.1179      1.8477      8.6953      12.444      10.705    0.031426      12.133      7.8775      2.9526      7.1484      3.1991      8.5621
      9.5924    0.053703      4.8891      2.3006]"
2,ind,RandomSampler,0.813253285520513,"[    0.72662      9.6764      6.5141      9.9062      11.241      5.7542       5.389      10.695      7.0128     0.16903      7.8662      10.434      5.2748      2.1794      2.9474      4.1845      1.7881      1.2006      2.1116   0.0029384   0.0091194    0.086557      10.339      10.017   0.0027713     0.08798
     0.15489      6.4797     0.34335      7.0455]"
2,ind,RandomSampler,0.751275645267215,"[   0.061403      1.1952      8.6157      1.8288      4.1271  0.00057264      4.5284      4.1685      5.2735      9.9789     0.34162      2.4308       4.722      10.871      4.0689      2.3981      3.8154      1.7985   0.0060271      4.8831      9.4427      6.0358      0.2842      8.2115      5.5104       14.38
      4.8681     0.89517      5.5953      1.1587]"
2,ind,RandomSampler,0.5896421726046212,"[   0.061812   0.0017892    0.034487      8.6461    0.031984      3.6928      6.1205      12.819    0.075152      5.1756     0.79513       3.191      1.7263      1.7059      7.1978      1.3224      0.2909     0.59172   0.0012659    0.028043      6.7052      4.6476      10.779       6.785      10.598      11.032
      8.5709     0.31515      5.0047      2.2517]"
2,ind,RandomSampler,0.5026348503158076,"[  0.0026918      10.697      2.0792       11.84      7.9688      4.1245   0.0012796      2.5006       6.663      5.1351      4.3478     0.98285      4.4062      2.1933      14.482      8.7503      6.6975    0.074529     0.39482      2.8934      1.2106     0.88047      0.1933      1.9618      4.4739      7.2598
      2.4422      14.827       13.02      2.9414]"
2,ind,RandomSampler,0.7707125207208629,"[      8.061      3.8445      5.1143       8.798      6.1728      11.052      9.7957      6.4647      10.227       1.913      4.9726     0.17179      14.598     0.13621      9.1253      11.146     0.25675  0.00085413  0.00029989      7.1957      1.8106     0.69679      11.934       10.36     0.61779      4.7468
      3.4607      8.0352     0.36002      11.268]"
2,ind,RandomSampler,0.0806512235010113,"[     8.9823      11.709      9.0452       3.399     0.10708       3.827    0.047784      8.2524      3.7547      0.4619       6.909      6.9308     0.26664      17.214      7.6302   0.0002509      2.7376  5.9722e-05      10.439    0.023776      12.774      7.1656      12.234    0.031615      1.5787      12.677
      4.8167      6.4507      1.6707  3.5405e-05]"
2,ind,RandomSampler,0.7393410804513431,"[ 0.00054738     0.23828       6.637      4.8407       6.572  3.5763e-06      11.279  0.00083471     0.55677  5.9605e-07      12.538       1.391   0.0031907   0.0033916     0.34425      1.4439       4.614      4.8259      6.7843      8.5426    0.080564      2.5241     0.68211      4.5604       3.625     0.20428
      6.1553      2.4622    0.043698      11.688]"
2,ind,RandomSampler,0.03335858317780935,"[     3.9696    0.052226      6.3325      3.7805      6.4024      1.3585  0.00065722   0.0045005      5.0673      4.1232  0.00033123     0.28455      14.443      7.1098      3.6952      6.9422       1.051      3.8128      15.041      1.1621      12.522      5.2287       4.915    0.043861      1.0031  1.3947e-05
      8.6682      2.5117      4.8578      6.0179]"
2,ind,RandomSampler,0.40868409517173965,"[     10.568      1.1649      4.1868      3.8529      11.337      3.0717     0.47926      1.7067      8.6386      7.3141      9.4377      1.3639     0.39534     0.33536      3.3529       12.01      9.0628      1.0207      9.6465      7.7068      7.1193      17.145      7.9172      8.6617       8.483      14.844
      2.4812      6.1004      7.1753      1.7481]"
2,ind,RandomSampler,0.03357173551182321,"[    0.56432    0.028938      8.5503    0.020132      4.6512      9.9328        6.16      9.3152      1.7496     0.39891     0.23695      13.495      8.2835      9.8757      4.0392      8.8083     0.54711      6.3299     0.95603     0.20302      6.4078      5.0012       3.433  0.00040594      1.7916     0.17298
      1.6693      8.8705      4.0859      8.1233]"
2,ind,RandomSampler,0.7488874510009528,"[   0.014952      4.3002      5.3208   0.0040993      6.8387      9.3188     0.20676      4.0494      7.9281     0.32327      2.1069      8.9069      1.7057      4.2373   0.0011632      8.9551      11.411      8.8507     0.12001      17.187      9.2481      11.517      3.4211      10.301      0.2396      7.7645
      3.2445        2.47      2.8944      7.4568]"
2,ind,RandomSampler,0.32813510135442764,"[     3.2785      4.4176    0.026669     0.44753      8.7279      9.5457    0.083946      4.8265      2.3031  0.00056346      5.2708      4.0398      3.7342      1.0387     0.05507      3.6188  0.00014101      4.6742   0.0011236      13.457      13.298      4.0849     0.28163      5.4716     0.83326       3.846
      5.4002       8.615      8.1509      3.0583]"
2,ind,RandomSampler,0.3602512098492096,"[     1.0529    0.014281       4.042      17.537      10.406      6.2843      9.6925      6.4419      16.975  9.6559e-06   0.0024449      2.4485   0.0010028      9.7532   0.0016508      10.029   0.0054307      1.6642      10.007      2.2816      9.4792     0.59145  0.00037925      10.085      8.9121     0.07149
      5.6908     0.30022      7.8004    0.013223]"
2,ind,RandomSampler,0.15073341513432392,"[     6.1467      2.5057      9.6246      2.6204     0.46009      11.423      0.4165      5.2564      12.016        10.4      3.9524    0.012617      2.3057      8.4793      2.6391      8.3506     0.81417      3.3611      3.6231      1.5512      0.4324      12.421   0.0059066      1.8202   0.0016002       9.132
      2.8621      14.024    0.099038       10.06]"
2,ind,RandomSampler,0.4674037776169736,"[     2.2787      6.6945      2.2207      7.6152      2.4642   0.0001254      6.0771     0.07495      2.9123      2.0581      13.972      8.3862      13.603   0.0075279      5.1818    0.012752    0.010456      16.335    0.038482      8.7108      2.2931      13.466     0.34232      1.1012      2.0537     0.99001
      1.9405      3.0985     0.19251     0.31055]"
2,ind,RandomSampler,0.25483826948608906,"[    0.15989      5.9838      1.8418      7.0718      9.5515    0.010348      10.286      6.0915      1.9175      7.2986    0.053536       11.39     0.12182      7.1919      4.9128     0.14069      2.9525     0.87852      11.989      5.6451      2.0644      10.359    0.094641      8.0837       2.987      11.328
      9.8024      12.643      7.0373     0.35799]"
2,ind,RandomSampler,0.9523994123379745,"[      9.943      12.315  0.00016831      12.176      3.7812      1.5603      7.7227      1.6251    0.018263      4.5611   0.0057674      20.525      1.4708         5.9      1.9606      2.0804      4.7085   0.0039179      3.2543      9.0709   0.0021337      8.4224      8.0205      5.7586      8.6647      6.2579
  0.00032634      1.1051      2.5347     0.67365]"
2,ind,RandomSampler,0.05605264184516074,"[     2.7722    0.014462      8.0776      1.9767      14.352      1.3204    0.031558      3.1404        1.27     0.24492    0.020445      4.2597     0.82766      12.641      8.6506  0.00045289      11.112      9.8489      6.8649      10.128      8.8634      5.4013      1.1834      12.077      7.4511      9.2618
      2.0736      14.411      6.7903      5.2897]"
2,ind,RandomSampler,0.748310131706462,"[     11.086     0.82039      3.2971      2.4845      6.6797      5.0683      4.5891      2.8761      11.135      7.4335  0.00036269      5.1803      10.531     0.85033      1.1809      9.2053     0.16656  5.7815e-05       6.712      12.303      16.561      7.2218     0.90286      0.4527      13.163      9.1359
      12.083      6.2205      4.5363       7.329]"
2,ind,RandomSampler,0.9142005302024054,"[     3.7606      6.2131      13.588      8.6434      11.011      1.2908      1.3103      6.4546      15.015      4.9062      10.383    0.051469      9.0075       2.506      4.1677       12.09      6.3746       2.525      4.8797      7.5823      3.7869      4.8902      6.1825      7.9871      5.7249      13.639
      14.205       8.519   0.0050174      12.932]"
2,ind,RandomSampler,0.6487185784196654,"[     12.168      1.6045     0.24619      6.1278      8.7093      5.0895      9.3905     0.78054      4.4336    0.087066     0.32508      11.467   0.0064327      8.3196      6.4875     0.32309      4.4215      5.3008     0.64821      3.1059      3.2491       12.21       9.659     0.18087      11.495      10.809
      4.8155      9.3557      13.481      2.5901]"
2,ind,RandomSampler,0.32230318870701213,"[     2.2061      8.1009      1.5264      14.257       10.56      3.6943     0.97195       12.69     0.06967      6.3541      2.2546      4.0681      8.5579    0.068971      17.986      6.0156      9.1142     0.31766       13.07      8.9144      9.5807       2.355      5.2357      13.778      10.743      2.7906
      3.8896      9.2504    0.083302      7.4477]"
2,ind,RandomSampler,0.4541072011456092,"[  0.0054544   0.0052651      7.7861      6.6604      4.4162       8.626      9.0427      4.7763       4.819      7.3154      0.7265      7.8869     0.21662      3.4977      10.096       7.815      8.5857       9.751      4.3742   0.0011377  1.1921e-06   0.0011127      3.8416     0.10547     0.34406      6.7873
      2.4651    0.075583      0.1633      10.113]"
2,ind,RandomSampler,0.9975557135353474,"[    0.94223      6.7129      1.2924      1.8049      7.2999      5.8761    0.072646     0.18351     0.36515      2.1132      4.4419      13.364   0.0099176  0.00011503      4.1808      10.407      6.9836      1.1049      4.9416      2.9133     0.06052     0.66317      8.9802      9.2291      7.3901     0.55722
   0.0004181      7.5543     0.32971       8.118]"
2,ind,RandomSampler,0.7903214918821201,"[     9.6706      1.1839    0.024137      4.1335  0.00010144      7.7417  0.00020645   0.0055457     0.97693      6.4983      8.2065    0.049595     0.62987      5.4389   0.0010764      9.2247      10.767       6.371        12.9       6.559      9.0304     0.57967      2.8537     0.63811      11.367      6.0995
        7.03      2.8525      2.7788       7.717]"
2,ind,RandomSampler,0.5756478458706806,"[     6.7065      3.7127      6.7673      2.9837    0.050122      2.5113      4.3581       11.13      5.8142      9.3523      0.1744      2.6595      4.1849      2.6285  0.00042858    0.071874      4.8391      15.789      1.1356      10.044      4.1736      7.4755      1.7914     0.26838      2.2006       1.671
      6.6157      14.931     0.48007      7.5793]"
2,ind,RandomSampler,0.5945286923923098,"[     3.0661      7.0657      3.9089      1.9993      5.5487      9.0553      5.1159     0.63013      2.4414      9.7935      5.3191      8.8244      6.2758      5.3922   0.0018208    0.045246      5.8321      10.842    0.015621    0.081163     0.00571   0.0092287      12.429     0.51617      1.3987    0.058383
    0.031191     0.77337     0.49315    0.011312]"
2,ind,RandomSampler,0.034073678558719435,"[     1.6069      8.5463      7.4983       9.559      13.078  2.6106e-05      7.4364      13.658      10.589      4.4475       13.43       3.171      7.3518      0.6354      5.1616      5.1765      9.1927      3.4348   0.0077452      1.3946      4.8731      8.4458  0.00098966    0.003582    0.017401      1.9648
      5.6657      5.5387      0.1057       9.141]"
2,ind,RandomSampler,0.6789842989896053,"[     2.7069      1.6586      2.5509      1.6291      3.9938      3.7228      7.4822      5.3395       3.548      2.5318      6.3687    0.025311       2.758      2.0961      5.6437    0.023479      1.7667      9.7052      4.2471       5.897      8.5581     0.61783  0.00048709      5.8017       2.258    0.066138
      3.4281      1.8675      2.7796      8.9804]"
2,ind,RandomSampler,0.14872868508420506,"[     6.4144      4.9597      14.857    0.019338      0.1755      13.328      11.611      2.2597  0.00066413    0.013124      14.133      7.7402     0.10136     0.96304      5.6505     0.16384      2.3428  1.3113e-06      4.1863      1.0004      3.9448     0.52985       3.074    0.018255      7.5448      1.1376
      7.6891   0.0017301      11.457      5.7801]"
2,ind,RandomSampler,0.6419324955248533,"[     3.3163      1.2158    0.013446      9.7368  0.00087068     0.14528      2.7346      7.5478       3.968      7.7993      2.5042      12.565    0.043323       6.703     0.22666      3.9368      9.8511      2.8988      5.6033      6.5978      6.9659      11.589  0.00058789      6.6139    0.064971   0.0067926
      9.8262   0.0021764    0.040876      6.3667]"
2,ind,RandomSampler,0.1589701799993157,"[    0.56805      9.3913      9.9687      9.1873      9.5737      11.914       8.252      8.7491      12.817      5.5388      8.5803      0.8747      2.2462       2.571      4.2367      1.8906     0.15885      11.232      5.0923      9.3986      4.5773      11.778       3.714      12.888      8.5461      1.2823
      10.151     0.66578      12.379       13.52]"
2,ind,RandomSampler,0.7133172248140931,"[     4.4902    0.047776      8.9172      11.089       6.221       1.621      7.5908     0.21214   0.0066374      4.2203      12.118      9.2439    0.020518     0.69748      11.664      9.1519      5.0455      15.157   0.0048389      11.195      7.1797      11.333      10.053    0.032982      6.6476      13.796
      8.3765      11.447      7.5291     0.37299]"
2,ind,RandomSampler,0.5014732014397948,"[   0.016387      8.9471      8.7667      5.5161      16.298      12.088      4.0271      14.457      11.435      2.1305      6.0683      9.4448      6.0697      8.7585      12.686     0.29026      6.7153      4.0025      2.2465      7.4423      6.9658      15.318      9.3313   0.0098845      2.8187    0.013449
      3.6477     0.54071      1.0266      6.8441]"
2,ind,RandomSampler,0.2843012496585668,"[     0.5856      6.6907      4.9763       4.561      2.8177      10.597      7.4003  0.00024924      8.1048      9.6528      11.206      12.886      4.1186    0.080386       1.257      6.9975      4.6706      5.9681       7.349      4.1818      11.861      4.1424       10.31      6.2655      0.8726      3.6663
       13.49       6.154      8.8757      1.1228]"
2,ind,RandomSampler,0.4045446327247009,"[    0.24836     0.56261      9.1522      5.5581      5.4568  0.00010299      7.5717     0.21094      4.5313     0.53511      1.3582      6.7255     0.95994      3.9357  6.1391e-05      1.4293   0.0002596  0.00053272      5.9759     0.35638   0.0076387      5.2576     0.56061      4.4981   0.0011733     0.58809
      3.1046      9.6142      4.4281      5.5428]"
2,ind,RandomSampler,0.9352078890174345,"[  0.0024039     0.87358      8.4284      10.811      16.801     0.42806      3.7978      6.7498      3.1821     0.11054      3.8831  0.00039093     0.23425     0.25599       1.901      1.4374     0.28424      1.6955      12.953      7.7471      9.3337   0.0018136      3.0331      15.625      13.469       5.433
       13.44   0.0064344      5.5061      7.3634]"
2,ind,RandomSampler,0.4905683474009697,"[     2.3113      5.4655      3.8239     0.19598      0.4418     0.71682     0.36472    0.044217      4.5737      10.291      5.0415  0.00078028   0.0010984      1.6122    0.022527      13.989      11.858  8.1774e-05      2.5115      3.5538      8.3487    0.017524      9.7013      7.0094      4.7424      6.0725
      11.752      0.4831     0.50918     0.15815]"
2,ind,RandomSampler,0.32230318870701213,"[     11.836      1.9211   0.0026402      1.8399     0.16117      12.642      6.2413      1.9284      9.9367      2.3269      1.3489      6.9713      4.8886      2.5575      2.5268    0.003108      3.2908  0.00027367      5.8371      2.1739      3.1333     0.78535      1.8941      7.3875     0.12055      0.4531
      8.8971  0.00072918      5.5358   0.0095951]"
2,ind,RandomSampler,0.9731994925373925,"[    0.18634      13.413      4.6433      10.946      4.6036      5.6291      8.7964      8.2584      6.0765     0.25799      4.3434      4.0106      6.6483      4.3003      1.7996      16.449      1.6009      8.0583      1.4092      13.437     0.13069      16.825      0.3222       9.107      5.3973      11.642
      4.1166      8.9617      11.725      9.1225]"
2,ind,RandomSampler,0.7417203765307657,"[     9.6582      7.2304    0.017905    0.095178   0.0045703     0.74278      10.957      16.512     0.59908      5.8342      5.0416      5.1702      8.6044      6.6049      11.314      8.7649      10.216      7.4699      9.2221   0.0067136  0.00094083      2.3458      4.8574      3.2574     0.01558      3.3061
      2.5985     0.01595    0.013587      9.5153]"
2,ind,RandomSampler,0.6351233749591483,"[   0.050557      5.7678      6.1614      6.1828      5.4335      11.515      8.5458     0.86445     0.47444      4.8116      8.8206      6.6671      13.951      4.3683      11.118      1.1581  0.00042096      7.1581      9.9598      9.4048    0.008275     0.13374       8.268      0.2695      9.1648      12.018
      10.661      2.9714      5.4067  0.00048173]"
2,ind,RandomSampler,0.7506727586524434,"[      3.652     0.41143    0.016693      11.308     0.56459      8.3261    0.091339      5.9842     0.19294   0.0027838     0.72957      2.2492      3.7633     0.32954      5.5751   0.0047816       13.01       14.36      0.1368   0.0020291      9.5973   0.0019155      4.2275     0.35297      2.5651      7.8061
      1.4582       10.48    0.048742       4.489]"
2,ind,RandomSampler,0.6425348360764424,"[     12.054     0.43019      3.4957      5.8609  6.1152e-05      22.786      5.0673      6.1567      3.2475      6.3739      4.3221      10.015       8.205      1.3247      13.462      12.902      5.3161   0.0039034     0.11217      3.7316      9.5846      8.5286    0.027401      3.9218      7.6761  0.00029131
     0.13586      9.7809      5.8707      7.1412]"
2,ind,RandomSampler,0.11987037910444469,"[     7.2424      6.4041      1.8211      2.2882      14.552    0.015974      13.573      3.7102     0.22787       4.661      6.4157       3.103     0.04496     0.70779      6.2503      12.934      15.672       5.881      7.0479      2.9885      7.6411      10.239      5.4185       2.898  8.5112e-05      10.769
      2.3102     0.00447      1.9135      1.3882]"
2,ind,RandomSampler,0.4180791270194074,"[       6.92  0.00040058   0.0032368      0.3105      7.9929      2.2621      9.8315      19.357      6.8762      18.034     0.21365   0.0032254      6.7814      21.071      2.2153      14.504       14.05  0.00098942   0.0032719      4.4639       8.106      2.6428      1.2561     0.32892      1.0021     0.98866
      2.6981      13.451      7.4294      2.3932]"
2,ind,RandomSampler,0.3963523822552702,"[     6.4599  0.00048935      8.1016      8.5096      1.4759     0.22998      2.7018  8.8926e-05      3.0547      7.0041      6.8221      0.9188       2.669      10.619    0.064868      4.4621       12.26      1.4051      1.6008        10.6      11.603   0.0014645      9.7762   0.0027025      3.9671      3.4341
     0.01788      1.2747      3.8545      15.435]"
2,ind,RandomSampler,0.25597223677456765,"[    0.22069     0.17195  2.3007e-05      10.252      1.3848      3.2984      1.1776      7.7837      7.2524      1.0563      9.9877      12.095      1.3146      12.445      2.3069       8.472      13.814      2.0143      5.7373      5.1582    0.067542      10.206   0.0083345      5.4435     0.48858      1.5621
      8.1014      3.3504      8.6938   0.0015059]"
2,ind,RandomSampler,0.09470874891355244,"[  0.0026424      4.0738      1.6574      1.4618      5.4368      14.606     0.10778      4.4451      12.689      8.9245      9.7472      9.8042      4.0358      1.2702        6.15      1.5273       1.333    0.015497      9.0132      7.6105  0.00013029      11.956   0.0031835      3.9281      9.9037    0.029547
      2.3745      3.8464      3.5682      1.1207]"
2,ind,RandomSampler,0.5896421726046212,"[     17.055  0.00053177      7.2332    0.042306      10.572      11.842       8.325      1.1961      4.2048      6.1212      2.5231      5.7535      3.2657      3.9404    0.044087      5.0913      7.9219      1.7731     0.18676       4.291    0.037718      5.3932      5.3644      1.5098     0.73986    0.069858
       5.914  9.3098e-05  0.00022588     0.54623]"
2,ind,RandomSampler,0.9094618639938853,"[     2.3715      2.4279      2.6725      6.3083      9.6424      6.0938      3.2788      1.3729    0.039455      1.4901      6.5332      3.2136      4.3025      14.409      6.4206      3.4787      2.2352      10.006     0.49597       8.709       5.261      10.425   0.0019016      5.2896      8.9637     0.86375
      3.7165      3.8207    0.019259      8.1394]"
2,ind,RandomSampler,0.05981661072931359,"[     14.143      1.0566      4.4846      6.3216      14.689      10.828    0.015762      8.4835      1.7443      15.631    0.023826     0.48123  2.5391e-05      1.1054   0.0019904      12.824   0.0026269     0.36374      7.3265      2.7958      6.4271      4.7019      4.7464        11.9    0.073108      7.7414
      8.9403      6.6446  1.5139e-05   0.0010427]"
2,ind,RandomSampler,0.03286563280585527,"[     13.583      2.5649      4.3399  4.7325e-05      11.549    0.022481      7.5564      8.6307     0.20475      0.3541      3.9887      11.626      1.8626      5.4234      3.3361     0.24022       8.655      7.7272      0.6399      2.4331      8.6393  0.00045051      1.6623    0.024208      8.1363      2.3809
      6.9274       13.93      2.1503      3.8821]"
2,ind,RandomSampler,0.22183323890767032,"[    0.29485      5.8894     0.74882     0.09817     0.56691       14.25      11.649     0.34908  0.00029321      8.2426      5.4694      8.5399      11.094      3.5798  0.00094417      4.8846     0.56475      5.8575  6.1989e-06     0.11739      8.5743      6.2951      6.6177      0.1312      6.7374     0.01849
      4.5965      3.5271      7.4222    0.048475]"
2,ind,RandomSampler,0.9314746011309525,"[     7.6451     0.25358      9.1858  8.8569e-05  0.00036197      9.0872      1.0537      13.424  0.00037103      4.8162     0.34849      1.4711      4.9023    0.056166      12.598      9.7687      8.1261       9.002      4.5569      2.4244        7.13      8.5221      0.4968   0.0029892  9.4886e-05      5.9392
      2.6232      7.4866      2.2706      9.5758]"
2,ind,RandomSampler,0.5491152730577167,"[     12.265      3.7634      8.1701      10.881      11.161      11.761      2.1786      7.1003      14.192      4.8663      8.5782      3.8165      2.3937     0.13563      5.2927      4.7651    0.090515      5.7279      9.6398      10.171     0.60991      5.5968    0.081691     0.97119      9.7378  1.6689e-06
      6.8844       6.216      4.6625       7.085]"
2,ind,RandomSampler,0.9176676373110075,"[     11.295      11.011      7.6967      4.8136      8.9992    0.025045      9.3052      10.916      9.7154      14.889      5.3751      1.1026      9.5609       3.013      1.0246     0.59302      12.209      1.7855      6.5256      5.0939    0.000167      6.5049      5.4406      10.056  1.0371e-05      8.0343
     0.85187       12.43      3.4226      2.1396]"
2,ind,RandomSampler,0.7435159096390146,"[     14.311     0.03096      1.2675      8.7223      3.6003      10.965     0.59685      3.4449     0.01523      10.773       1.138      2.8074      4.2588      10.343      12.076      7.6388      6.1412      4.6542      3.0423       2.249    0.026488      5.5497      2.3278      4.2806      5.0293      6.7923
      3.3914      19.528      15.357      5.9494]"
2,ind,RandomSampler,0.6246380448764925,"[     1.1999  0.00019012     0.23392      6.2554      2.5698    0.030813       6.832      2.5205      10.071      1.1239      8.2782      4.3229      3.5154      6.6539   0.0023664      6.0304      1.6016      14.705      6.5419      7.0459      4.4985      2.0294   0.0037913      3.1417  0.00020144      11.888
      7.3639      12.036      3.9823       11.63]"
2,ind,RandomSampler,0.720616103600254,"[     8.5868     0.30052     0.78087      8.6105      5.5311   0.0035163      9.7606      2.2511     0.20014     0.19144      9.9011      11.765      1.7985      1.9773      15.366      11.741      0.1703      11.949  8.8214e-06      7.3976     0.64967      1.6928     0.50225      2.7718      6.2141      13.113
      7.4947      7.8121      6.4177      6.4626]"
2,ind,RandomSampler,0.6240175292024422,"[    0.75695    0.032233      1.8182    0.024805     0.20716      4.3456       9.014     0.49522      0.2731      9.2064      4.7449      3.4653      9.3095      9.6656       0.834      18.068      6.1359     0.81504      3.1218      6.3516      3.8378      7.7853     0.02044      4.2167   0.0097792      3.6893
       4.404       11.95      9.6179      10.456]"
2,ind,RandomSampler,0.3640995288380663,"[     9.6659    0.040605     0.88559  0.00084019     0.31059      12.526      9.5896      3.8227    0.096638      7.1657        1.81      6.9515      5.5437      6.2836       12.01      8.0101      6.0318  0.00044253       6.443  1.2159e-05      17.651      5.2895       15.65      2.9801      1.9495      10.644
      8.6406      7.1016    0.011447      14.056]"
2,ind,RandomSampler,0.6419324955248533,"[     6.8675      9.6221      14.019      8.0695      3.8002      2.9897    0.026753      3.9026      11.674      2.8079      4.6047      11.745    0.030528     0.13732   0.0061254      0.9219    0.052092      10.816      7.7825     0.44398      13.199   0.0071181      11.956      3.2054      2.5662      2.0444
      8.8748      7.6559      0.1793      7.0417]"
2,ind,RandomSampler,0.5774695421944128,"[      13.28   0.0054916      2.9461      4.6441  0.00050901     0.90163      4.1818      2.7026      4.7624   0.0060838     0.38575      12.077   0.0013066     0.87642      1.0537  0.00086294      12.961  2.1815e-05      7.1753      7.6701      6.6521      19.452     0.56325   0.0031598      9.7518  0.00073835
      5.0848      8.7519     0.00448      4.5317]"
2,ind,RandomSampler,0.617870016675436,"[      5.325      4.6262      2.6698      2.4689      5.2022      6.2966      8.7939      11.618      4.0583       7.021     0.55903      6.1372      9.7277      9.0038     0.64688      5.7694       10.98      11.138      10.998      11.626      5.5667      5.9662      9.5252     0.81806      3.6783      1.0308
     0.39107      5.6955       10.03      7.5054]"
2,ind,RandomSampler,0.4519154465939817,"[     6.7774  5.0067e-05      4.4262     0.10523        14.7      7.3132    0.098699     0.73882      11.626     0.25069     0.36919     0.40289      6.8567      9.4074      9.7825      6.4541       4.445      5.7826  0.00010335     0.28622  0.00026652      3.4807      15.342      1.8735    0.011399      7.8776
     0.12762      1.0202   0.0065865     0.11264]"
2,ind,RandomSampler,0.8379117060978798,"[      9.289      3.4796     0.97259      5.1672       10.61      12.279  4.1603e-05       1.082      11.265      8.6451     0.83489     0.03062      9.0001  0.00076777      6.6436      3.5521    0.012521      10.046      7.6838      6.8033      9.0463      4.6112  9.1668e-05      8.9392  1.6212e-05      0.0463
      6.5935      10.156      7.6962      6.9801]"
2,ind,RandomSampler,0.8961968308038101,"[    0.73965    0.029582      6.0086    0.066515      11.282      7.0575      6.6315      2.8396      4.0521     0.73634      4.9882      3.6788  6.1391e-05     0.10032      1.3352      2.4058      8.2734   0.0066419      8.4958      7.6202      1.8029    0.069514     0.32454     0.14582      11.516      13.279
      7.5553      14.204   0.0033314     0.47534]"
2,ind,RandomSampler,0.20917935602074433,"[    0.37236     0.18761    0.011925     0.13832      4.9257      15.168      4.4667   0.0082022      1.4218     0.60205   0.0094717      4.1449   0.0031019      10.112      8.3861      4.7694      14.296      7.2509      7.9008       4.157      14.044      9.2151      9.6483      1.6988      3.6064     0.87353
     0.29273      5.3115      6.7618      14.722]"
2,ind,RandomSampler,0.6616942002701315,"[    0.16147      3.3256       17.16     0.30238      8.1509      2.8525  0.00015329      11.932     0.61787      15.588      6.3593      15.455      3.6498      5.4976      6.1208      7.0308      5.5213     0.17028       4.915      1.0546      9.1711      6.7746      2.1235      3.4948       2.226      11.139
  4.2318e-05      9.2314      13.702      4.4463]"
2,ind,RandomSampler,0.7096580971578645,"[     9.1762      1.3302      2.3927       12.78     0.33372      2.1908      5.2625    0.099616      2.1171      1.5933  0.00024959      13.701      1.6385      5.9331    0.020532      3.5807      4.0766       8.547     0.29273      9.4945      12.758      2.5429      15.115    0.032169     0.24023      6.5785
      10.975      2.7237      4.5205      6.2763]"
2,ind,RandomSampler,0.9218095378079443,"[   0.018687      11.347      3.8046      7.0483      5.7197   0.0023289     0.42122      8.0962      7.4408     0.19361      6.8214     0.26645   0.0001291      8.4371      8.0353      8.1039      11.328      13.467     0.50848      8.3421      9.2368      9.3058     0.54676     0.03906    0.087148      1.1989
      11.763  0.00023291      3.7108      4.6211]"
2,ind,RandomSampler,0.05093998251988152,"[    0.58546      7.9436      3.2784      5.3589      1.2158      3.9266      5.9038      2.0834     0.03486      12.727      11.649      16.479      3.8288      5.0749      1.8339      4.0301      5.3918      7.6903      8.2934     0.29646      5.3986   0.0011209      3.7392      4.9251      2.1065      4.0554
      13.973       9.955      5.0836      8.7617]"
2,ind,RandomSampler,0.14847892803963944,"[      2.719       7.917      4.8264      7.0462       1.605      9.1394      12.209      18.343      11.128      7.5471      2.4574     0.85241      10.605      1.2449     0.83378      4.1283      0.2779      2.6662      11.011      8.9156       10.74      7.4719      3.6145      1.7245      7.5413     0.64023
      10.585      7.2492    0.054869     0.71122]"
2,ind,RandomSampler,0.003747500767521822,"[     1.0913    0.061197      6.7046      1.2153      17.488      4.7175       5.748  2.3842e-07      10.168      6.7184      15.975      5.0034      2.9157      13.396     0.50231      6.6441      4.2533  2.2888e-05     0.82358      11.695       5.316     0.32062  0.00032265     0.70385      12.429       7.486
     0.06641      16.699      11.567      10.182]"
2,ind,RandomSampler,0.02877146857641283,"[     1.8622      1.7225    0.012391   2.265e-06     0.57911      3.8539      1.1215      6.5417      7.0769      7.7052      6.5305      8.5102      5.9433      3.6178      5.0759       8.289     0.18778      8.4549      9.2195      9.6269      6.4537      3.3552      4.5844      3.5163      15.341     0.11893
      15.143      2.6664       7.515      6.6701]"
2,ind,RandomSampler,0.6839010094464236,"[   0.015547      1.3163      1.4959      8.3496  0.00013899      11.889     0.94858  0.00039069     0.63818      9.9862      1.8113      8.3336      3.2226      7.9333      3.8272      11.596      9.8223      6.7292     0.13699      1.8798    0.022772     0.46174      3.1625      7.8453    0.075325      3.6411
      8.3687    0.005047      17.283      8.2259]"
2,ind,RandomSampler,0.12672780398558192,"[    0.25974      4.7429      2.4805      10.526     0.36398      4.1432      9.6172      3.9433      2.1575      11.298      8.0799  4.5537e-05    0.064306      16.826   0.0070352      11.228     0.03349      1.1582   0.0017044      3.7271      5.1234      13.026      5.2571    0.067933      2.0559      2.1747
      7.9645      7.4423      9.4052       10.21]"
2,ind,RandomSampler,0.712700207080122,"[     4.2398      9.2086      6.7891      4.7515      4.3932     0.16552      8.9482    0.006552       10.17      2.8412   0.0009581      1.3432      7.9648      2.9556    0.078446     0.11465    0.011141      5.3736     0.42067      1.8076      3.9447      2.8994      9.9807   0.0082679   0.0088909      9.6745
      3.4441     0.79604      3.1485      9.3241]"
2,ind,RandomSampler,0.689437960917532,"[     16.529      13.804     0.47093     0.68901      9.6529      1.5767    0.032607     0.21808     0.07154      11.233     0.67754      13.985     0.13247      7.1776       1.017      2.7157      7.4249      7.6952     0.24753      4.3973     0.25446      2.3973      10.223     0.58514       1.538      11.805
      6.8168      5.6444   0.0033573      7.8986]"
2,ind,RandomSampler,0.06171751027406453,"[     8.3148      6.3982      9.1948      6.1425      11.281      3.9636      9.1424       9.945      6.8747      7.0474      12.393      1.6388      4.4325      11.826      1.2116      6.9593        9.63     0.91925      7.8753   0.0035786   0.0010511      6.9382       1.383      7.3472      3.3559     0.30137
     0.23541    0.013651      8.9676      6.2783]"
2,ind,RandomSampler,0.45962425519420896,"[     1.8946     0.78327    0.026042      2.5303    0.068752      4.0065      5.1692      1.0841   0.0074847      1.7149     0.81314      8.1706     0.83015     0.18489      11.731    0.033849      1.8111      3.5226      12.893      1.3646      5.6091      18.491      4.1795      12.554      1.7518      12.373
      6.8044    0.049875     0.19212      9.4428]"
2,ind,RandomSampler,0.8562700830458004,"[    0.36876       8.173      0.1978   0.0069933       0.853      9.0104      10.871      1.2066      4.6653      7.6674      1.4267      3.8621      5.8726      8.4294     0.10261      3.4459     0.51341      8.2898      6.0327      3.9327    0.014737      5.8487       7.001      3.6756      8.0164     0.30714
    0.074852      4.5498           0      9.6372]"
2,ind,RandomSampler,0.018702615705949156,"[     9.7482      4.8653      11.297      10.795  0.00027474     0.15903  0.00013303      4.6233      13.036  0.00032956  0.00030084      12.051      8.9917      4.7755     0.69948      7.4849      6.1342      3.5668      15.562      1.5959    0.031578      5.9756     0.26202      1.1056      6.7205   0.0025277
      2.1395      8.7015      10.255      9.2374]"
2,ind,RandomSampler,0.1296036360583395,"[   0.012908      6.2358       5.692      1.5474     0.62041      4.4999      3.4121      6.0117      5.5565  0.00076289      4.6292     0.11422  1.5139e-05      6.8881    0.062952       2.113      8.3192      10.929       5.507       6.496  0.00040618      6.3723      5.4704      3.7019      2.4747      8.0719
      1.3966      10.874    0.066331      2.4404]"
2,ind,RandomSampler,0.9191882490323502,"[     2.1045     0.80491      5.6089      2.8731      10.297     0.25175      9.1102  0.00041524   0.0070274      6.1628   0.0043517    0.048613     0.12948      4.6364      4.9848      3.9305      7.0122     0.00147       2.256       0.777   0.0086354      1.0773      4.3679     0.18582        7.27      4.1176
      3.3494      4.5455       8.344      8.1263]"
2,ind,RandomSampler,0.05572072261852301,"[  0.0015469      4.0909      3.7499     0.28631      6.1429      10.397      1.8101      2.1045      2.6376    0.028658       9.538      13.902      8.1433      10.878     0.12117      6.6124      2.1571      8.7017       3.527      1.0123      5.6647      7.5725      8.1786      10.925       9.677   0.0048349
       13.92      0.3129      5.0415      1.8174]"
2,ind,RandomSampler,0.789165082573157,"[     7.8644       1.636      5.5205      2.6098   0.0088036    0.073548      6.3664      7.0814      10.587      5.8023    0.024899     0.32397   0.0069896  6.1152e-05       1.534      7.6897    0.001197      1.8037      10.746     0.13172      3.2183      5.9625     0.59035      3.1427     0.18395      3.1385
      12.435      8.2792  0.00075979      8.4894]"
2,ind,RandomSampler,0.7230535495096784,"[     5.3116      3.5082      2.1339      20.664     0.91099      9.5338      6.8997    0.085206      1.6654     0.51163      4.1369      13.908      1.9403     0.50522     0.17323      2.1498      7.2152       4.377      11.359      11.793      3.9777     0.39935     0.52003      2.3959      7.3892      10.573
     0.02285     0.07201      3.7833      8.8653]"
2,ind,RandomSampler,0.9420156715992117,"[    0.83555      6.8939       12.44     0.13736      1.2047      8.5714      10.569     0.62057      10.786      8.8694     0.43393     0.43762     0.98692      9.6436     0.25077      17.713      8.2407      8.9143    0.001674      6.4937      7.4059      17.685    0.061293   0.0080948      14.414  0.00040094
      13.406      8.1712      6.5631      12.034]"
2,ind,RandomSampler,0.0360716486761342,"[     1.6242     0.61585      5.9905       8.501  6.2106e-05      3.3981     0.97675      11.306      7.4377      4.2012      2.0259     0.69965      1.3175      5.8352      8.7089       5.193       17.37   0.0016087      1.0252      9.1735      9.9943      4.2033    0.013087    0.042834      4.1388      7.1691
      2.4176  0.00014078      11.423      8.4766]"
2,ind,RandomSampler,0.2124560441223258,"[    0.86221      0.9937      14.597  2.9444e-05      10.981  7.1523e-05      9.6696      0.2798      10.451      12.763      13.709      1.4794      8.2031  9.6559e-06      2.9022     0.67901      3.0008      1.6813      2.6706      0.1182       0.434      7.2136      1.6572      8.1703      5.2464    0.070277
  8.4638e-06      1.7525      4.2919      6.7779]"
3,transformed_0.05,ClassOrderSampler,0.6308171289561502,"[   0.010051      2.1161     0.21749      0.0352      8.0879      3.4488     0.20028      4.8363     0.27399      6.4939      2.8254     0.21034      1.0294      9.1608      2.4103      11.609      2.9753      6.9207   0.0086552      1.6646       13.96      6.2622      9.4088      9.1961      1.8373      9.5704
      4.1288      5.7906     0.12672      10.084]"
3,transformed_0.05,ClassOrderSampler,0.4372361557109309,"[     2.6642      3.6219       4.893    0.072465      4.0592      1.9344      1.7387      10.168      5.7662     0.42295     0.19404      1.3224     0.89983      5.8402     0.21595      3.1526      6.6886      6.5823      7.9098      9.7961     0.89805      6.2646      10.951      6.3637      6.8672      9.7059
      6.7218      4.1547      4.5392      9.9887]"
3,transformed_0.05,ClassOrderSampler,0.3626523822369071,"[     4.2198      2.2027      4.4625      2.9449      4.2558      10.569      10.595      9.4778       8.549      1.4833      6.2524      5.7605      3.4911      6.2997      5.3807      8.2475      12.832       5.312      3.8111      12.887      8.9113      11.873      7.5759      8.3427       7.473       3.653
      5.9653      8.0228       7.694      1.7489]"
3,transformed_0.05,ClassOrderSampler,0.8572587636718147,"[     13.233      5.1034      10.775      5.8844        13.3     0.72926      6.8333      7.2834      7.7542      10.872      17.608      1.4786      9.7387      6.5738       6.131     0.93868      4.6075      5.6422      4.3638      3.2661      6.3434      11.977      7.6395      4.3785      6.3068      9.5642
      4.7079      3.0366      4.2922      6.7115]"
3,transformed_0.05,ClassOrderSampler,0.27501838949836627,"[     3.2718      6.9346      9.8955      8.9559       9.965      13.406      5.6183      7.8801      1.4193      9.4133      4.3069      9.0919      3.1445       1.242      6.5205      7.0185      2.0474      7.0062       8.052      10.127      11.233      5.5586      4.1824        7.55      7.2893      2.4324
       3.588      10.083      9.0309      10.969]"
3,transformed_0.05,ClassOrderSampler,0.07201158022625648,"[      6.521      14.644      10.082      7.8736        10.2      10.606      10.331      7.0034      10.281      15.236       5.818      8.5629       1.259      12.188      15.627      22.254      6.6254      10.928      9.8572      11.295      9.6054      10.647      19.341      7.5402      15.797      8.2839
      18.202      12.199      10.196      15.315]"
3,transformed_0.05,ClassOrderSampler,0.34791847449380364,"[     9.7579      11.511      4.7576      14.504       19.72       16.26      12.486      10.623      9.5697      20.132      6.1387      13.423      15.061      10.075      10.917      12.811      13.467      10.636      13.029      6.0939      16.871      9.8532      11.326      11.588      10.629      9.4285
      7.9018      5.7613      8.5023      11.112]"
3,transformed_0.05,ClassOrderSampler,0.002054692739731066,"[     10.259      11.513      9.3983      10.845      12.312      12.319      14.662      11.934      9.4552      8.6685      10.022      11.157      11.472      12.416      6.0792      16.451      7.7708      14.595      11.092      12.642      7.1756      13.058      9.3341      12.391      13.844      11.473
      8.8833      10.777      9.7234      7.8742]"
3,transformed_0.05,ClassOrderSampler,0.0008474952135971654,"[      12.32      12.183       12.51      10.936      11.898      4.1259       8.383      10.778      12.338      10.279      1.4129      8.6744   0.0018161      6.4944      1.9457      17.044      8.3435      12.908      1.0457      12.289      7.1155      12.618      10.328       11.54      3.3827    0.024428
      12.374      0.3908     0.12065       12.32]"
3,transformed_0.05,ClassOrderSampler,0.02285067722944699,"[     9.9635      4.3189      6.3492      8.3167      1.4561      9.5233      13.248      12.368      3.0305      5.0392      10.086        15.1      14.911      8.5848      8.2043      7.4276      2.5239      3.6913     0.27511     0.41463      10.929      10.475      3.3479      10.108      6.5721      12.776
      7.5315      15.373      14.997      13.196]"
3,transformed_0.05,ClassOrderSampler,0.16483889057700213,"[     15.194      13.488       10.19      15.691      13.788       16.57      11.811      8.7542      13.995      12.341      8.0974      13.464      6.5657      14.342      14.202      15.545      11.036      11.288      17.659      11.321      14.287      13.898          12       10.65      17.274      9.2958
       12.22      12.853        12.4      11.914]"
3,transformed_0.05,ClassOrderSampler,0.2389853214977409,"[     13.457       10.82      17.126      11.793      10.983      17.674      9.4532      15.886      14.791      14.012      11.023      19.317      9.7582      9.9251       6.126      9.7085      17.341      8.7497      15.825      11.153      7.7488      9.4822      6.2047      12.497      6.4897      12.801
        10.1      7.4913      10.335      14.732]"
3,transformed_0.05,ClassOrderSampler,0.005244532367764307,"[     9.8519      9.7354      5.4187      4.8189      10.404      3.8801     0.75851      6.1278      1.4636      7.1496      10.178      9.8423      11.606      8.5772      1.7002      6.5942      7.6795      8.6609      2.9712      8.8139       6.782      6.6804       12.15      8.2423      5.4873      7.6837
      10.481       5.081      4.1016       7.222]"
3,transformed_0.05,ClassOrderSampler,0.324092130480453,"[     6.4862      11.394      5.8732      9.8449      1.2078       8.722      14.181      4.3698      4.5896      8.6786      9.7478  0.00015293      8.4581    0.091392      6.5172       6.491     0.23498    0.036688      8.8953     0.47552      4.3059    0.096306      8.0247       5.156      4.1084      7.9214
     0.15108     0.18493      7.5983      10.693]"
3,transformed_0.05,ClassOrderSampler,0.7800040635959613,"[     6.9883       11.23    0.022804      7.9468      3.9067      1.3132      4.0155    0.013672      2.9074      7.5836      7.6257  0.00053272      8.8813    0.042364      4.7496      7.9501      8.1597      5.2178      6.8267      7.1903      2.1037     0.32873      10.246    0.000369    0.039736      5.1611
       8.296    0.026803      3.4612      10.431]"
3,transformed_0.05,ClassOrderSampler,0.00157054121375707,"[     4.4014      4.9063      1.5284      7.1193      8.4148     0.29993       18.22      4.1744   0.0037325      8.5815      14.181      1.8521      3.6198      7.7085     0.54427      6.7901      11.004      3.0096      1.1958      5.3301      7.6229     0.34316      9.8273     0.92217      15.361     0.49358
      5.9607      4.4802  0.00016569      2.8853]"
3,transformed_0.05,ClassOrderSampler,0.1675626316660318,"[     8.4053      1.2096      10.312      8.4662     0.31637      5.0041      11.469      8.3975      7.1032      10.274       9.614      8.4813      4.5296      9.6325      1.5823      10.735      6.9145      8.4567      3.9252      11.488      10.308      1.1183       3.551      2.9541      5.1592     0.12926
      5.6039      5.3328      4.2536      3.5632]"
3,transformed_0.05,ClassOrderSampler,0.4377705572180828,"[  0.0042159        5.37      3.9893      3.7923      1.7492      7.5935      5.6968       3.648      8.4656      4.8055      9.3187      6.0674      3.2591      5.5477      10.558       6.995      5.0372       11.56      4.3833      2.1076      8.0897     0.66448     0.60874      5.5175       6.239     0.45724
       5.217     0.31149      5.4565      1.5863]"
3,transformed_0.05,ClassOrderSampler,0.5859812304232933,"[     2.4552      2.8642    0.079271    0.024122      6.6689      6.7619      4.8822      12.677      8.9692      7.6083      5.2802      8.4235      10.896      11.078      9.1428       12.65      7.1845      8.5026      5.0591       1.329      11.286      10.145      4.1212      10.546      8.5029      7.9075
      20.959      7.1266      9.1887      8.8395]"
3,transformed_0.05,ClassOrderSampler,0.05672155005439247,"[     8.8479       10.36      7.7595      7.6539      9.6684      12.322      7.5574      12.942      5.7518       11.63      10.069      2.0018      9.7176      12.289      10.937       10.72      13.168      11.223      14.884      4.0335      11.759      14.163      9.3993      7.8867      8.0185      11.528
      11.226      5.6608      7.4201      3.8317]"
3,transformed_0.05,ClassOrderSampler,0.00044467580987552147,"[      14.43       9.329      14.995      10.556      17.679      6.7616      11.534      10.395      11.883      10.909      13.147      14.982      13.277      12.683      12.846      8.5366      15.466      9.8745      12.881      8.0805      7.3388       12.04      11.879        13.7      10.278      10.301
      12.291      7.9981      5.1232      9.7571]"
3,transformed_0.05,ClassOrderSampler,0.0004242900884893689,"[     12.787      12.907      9.7543      9.0285      5.7463      6.4358      9.8114      11.619      16.416      7.6459      7.0295      7.2955      12.771      8.9985      10.328      11.368      11.263      17.299      15.373      10.249      13.788      8.9361      11.702      7.0341      14.166      14.129
      15.129      13.057      7.8821      14.423]"
3,transformed_0.05,ClassOrderSampler,0.003403392446510657,"[     12.559      16.925      13.342      10.972      10.757      11.843      13.007      9.7091      15.646      13.078      11.636      15.232      14.289      16.098      15.258      11.608      11.945      8.3635      13.341      11.554      15.519      15.587      13.066      12.683      11.833      3.0104
      14.425       15.75       17.25      10.817]"
3,transformed_0.05,ClassOrderSampler,0.11113435498801148,"[     20.628      10.421       14.92      15.302      13.263      9.9339      18.693       10.86      12.522      13.825      13.351       7.323      5.3274      6.4004      21.021      11.614      14.043      5.4999      12.641      8.3484      0.2931      12.599      7.9358      10.926      11.886      6.9135
      6.9909      11.396      12.803      12.201]"
3,transformed_0.05,ClassOrderSampler,0.40300024569981735,"[     16.373      10.833      8.9545      15.489      12.888      10.156      11.416      4.0368      7.4689      8.9446      3.9453      6.4388      9.9603   0.0017032      9.7555      13.685      14.218      10.703      14.981      11.658      9.3631     0.15662      12.074      14.724      15.453      5.4686
      16.757      12.122      11.812      12.042]"
3,transformed_0.05,ClassOrderSampler,0.012267645089132325,"[     5.4898      6.8052      13.675      11.958      15.558      14.209      8.1745      13.785      4.8849       16.23      10.423      10.597      13.031      14.643      7.8575      13.597      14.614      15.905      13.312      11.288      10.952      14.949      5.2629    0.071466      12.818      10.025
       13.88      14.762      15.578      18.641]"
3,transformed_0.05,ClassOrderSampler,0.027132940841475137,"[     17.045      15.489      14.333      10.057      1.9066      10.819      11.985      10.212      8.6797      14.386      12.053       7.384      12.239      14.063      14.097      15.322      11.771      13.886      6.8363       13.39      9.0583      10.085      9.1335      13.618      9.7779       12.32
      14.797      2.5129      1.0193      6.1909]"
3,transformed_0.05,ClassOrderSampler,0.09164434749097716,"[     7.3994      7.5741       6.958      8.2143      13.776    0.013505      6.1785      4.4607      7.0768      8.3976      1.9324      6.2101      8.4899      2.9062      11.312      13.097      9.9597      2.2259      10.882       10.59      1.0742      1.4163      12.627      10.024      3.5068      11.356
      8.7195      5.8875      5.2842      11.385]"
3,transformed_0.05,ClassOrderSampler,0.11074135660654778,"[     6.9169      6.8175       16.36      4.1082      8.9103      4.3397      2.6521      13.953      6.0954      9.3389      9.3228      5.3988       6.911      5.4861      8.6572      9.5093      7.6919      6.0562      5.1218      7.5129      8.4205      6.2817      9.6963      10.389      6.8814      7.1604
      5.8919       9.206      1.6548        9.44]"
3,transformed_0.05,ClassOrderSampler,5.178181017623663e-05,"[      9.247       6.025      4.5114      6.8132      11.338      3.4128      11.672      10.276      2.5136      9.9906      10.132         6.4      8.3928      7.2492      10.366      7.0348      11.966      6.4613      10.799      10.416      8.8907      8.7742      5.1841      10.188      8.1134      7.0782
      11.846      9.8011      8.7776       10.16]"
3,transformed_0.05,ClassOrderSampler,0.0014082827909447878,"[      10.77      5.2669       9.153      7.7723      9.3838      5.1742      1.1464      9.0945      0.1674      4.4224      1.7164       4.456      3.1247      2.2362       2.834      9.3251      1.6799       2.283      8.0507      5.5224      3.4383      7.3759      6.4567      11.737        2.21      3.3202
      2.0405      6.1362      3.9246      1.7323]"
3,transformed_0.05,ClassOrderSampler,0.014006061904810432,"[     1.7031      2.4676      1.8986      2.1539     0.92657      8.9885      2.6272      5.9679      3.5023      2.2087      5.3049      6.7903      0.5481      0.2721      1.9352      3.7425       1.296     0.60588      6.7831      14.017      9.2215      9.0672      16.322      9.9773      14.404      8.6715
      16.525        1.79      7.8361      15.988]"
3,transformed_0.05,ClassOrderSampler,0.002394430844513156,"[     15.383      13.887      12.403       9.289      11.761      12.284      10.552      9.7628      11.513      4.4786      8.2656      10.505      7.5121      13.846      9.5847      9.9577      14.195      8.4974      9.6457      11.653      9.9927      7.5057      16.351      7.1214      8.4234      2.3781
      14.366      9.8944      8.4027       10.13]"
3,transformed_0.05,ClassOrderSampler,0.01183608065743342,"[      11.95      3.7032      5.5696      4.1362      10.221      6.2873      10.491      11.149      10.966      11.959      7.7355     0.29887      5.6749      1.3466      4.2116      13.522      3.9913      10.252     0.11041     0.42392      12.955  0.00064102      4.2622      4.0383      9.8578   0.0069053
      8.3116    0.016428      14.299       5.369]"
3,transformed_0.05,ClassOrderSampler,0.008418830568682867,"[     7.5128       12.34      21.826     0.20549      1.4323     0.39184      2.8876      14.913      6.2166      2.6232   0.0076214      6.3063       3.183      6.2184      0.1674    0.026248        3.08     0.28123      3.5717      7.8435      5.9911      1.6492       8.566      14.628      13.215       12.72
      13.668      9.7309      13.092      11.772]"
3,transformed_0.05,ClassOrderSampler,0.000674005173156003,"[     14.692      16.943      13.766       10.42      13.952      9.0554      8.7212      11.217      12.197      11.939      13.443      11.858      14.384      7.1229      13.276      13.099      13.996       13.41      17.005      14.847       12.45      12.177       14.19      11.436      7.6341      11.869
      13.447      12.051      13.533      12.314]"
3,transformed_0.05,ClassOrderSampler,0.464061159750382,"[     11.977      14.818      15.081      15.809      12.827      14.805      11.803      13.445       12.23      17.892      13.038      13.832      11.978       12.87      23.547      3.6204      7.0056      2.9902      8.3025      8.0546      5.2049      16.651      5.6002      3.3918   0.0032466      11.272
      5.4933      9.3174      2.2882      8.3906]"
3,transformed_0.05,ClassOrderSampler,0.332211923794293,"[     5.8274      6.4646      9.5816      13.519      4.3344      9.7956      15.294      13.538      3.4053      9.2917      6.8164      7.8582      13.711      12.919      4.8298      1.2361      13.545      12.186      6.8952      4.5377      9.1431      5.4121      7.8665      14.112      3.1592      12.791
      12.235      9.5286      7.5857      2.7606]"
3,transformed_0.05,ClassOrderSampler,0.06379374523892752,"[    0.34872     0.05028     0.48186   0.0027883      1.1075   0.0078296      2.1049     0.47162   0.0010918     0.10851     0.64642  0.00054392     0.86357     0.33302    0.005934      1.7822    0.016623      4.3744   0.0012877    0.065166    0.096936    0.001482     0.15622      1.4472   0.0028644     0.68231
     0.26963    0.004138     0.54096     0.07046]"
3,transformed_0.05,ClassOrderSampler,0.28799376646574676,"[    0.05828     0.13828     0.12837      1.3221     0.99434      1.0288     0.10602     0.22991      0.0223     0.19023    0.025022    0.076756      0.1885     0.04604     0.43212     0.51413     0.23029    0.089027    0.016433     0.22442    0.013118      1.3399     0.15753      2.3066      2.9118      9.9579
     0.43896      1.6213      3.4389      0.1489]"
3,transformed_0.05,ClassOrderSampler,0.7260716693532132,"[     9.4081      6.4002      6.8269      8.4486       8.746     0.41317      10.299    0.016319      1.0564    0.077159      9.2981      1.8727      2.4237      11.279      0.2648      8.5861      8.7022      12.045      8.0744      12.957      11.375      6.5504       5.824      10.102      14.033      7.9711
      7.4004     0.25646      4.2377      5.1912]"
3,transformed_0.05,ClassOrderSampler,0.5130810151537313,"[    0.12398     0.16345     0.45353     0.42191     0.66821       4.291      4.6558      4.6064      1.7456    0.039591      2.7267      2.1685      12.412    0.090195      1.0511      3.1078      2.4587       5.764       3.633      7.7421      1.7605      4.2675     0.47979      6.6561      7.8977     0.73295
      6.9545      5.5652      5.9511      7.2363]"
3,transformed_0.05,ClassOrderSampler,0.06005156847899719,"[     3.2952     0.51124      5.7698      1.2437     0.43573      9.4052       4.105      1.3065      3.6775      4.3908      3.5844    0.001834     0.20021      4.5895      8.6112      3.4487  0.00017618     0.22864   0.0016276      5.3297      5.8693      2.7108      4.4912     0.50666      5.2419    0.067381
      4.4058      5.1759      0.0341      1.4953]"
3,transformed_0.05,ClassOrderSampler,0.37877252313442866,"[  0.0078414     0.89364      2.5962      4.3727      6.4152      2.7606      2.6082      6.7372      7.0071      3.9593   0.0062121      1.1976       2.711      6.3365    0.052436      11.215     0.27682      2.3364      7.2202    0.012918      6.5504      3.9404      8.4805    0.010332       7.837       6.098
      3.1244      11.951      5.1866      3.1481]"
3,transformed_0.05,ClassOrderSampler,0.6320411206020408,"[     2.0987      10.092       8.963     0.29381      8.0935      7.8322  0.00065639      4.3984      5.5184      4.1854    0.049451      5.0955      7.7988      9.0261      9.7392      10.613       8.203      10.841      8.1381      7.5604      5.2231      6.5505      8.0012      2.7993      10.014      2.2717
      5.7151      5.4274     0.57802     0.32621]"
3,transformed_0.05,ClassOrderSampler,0.18882718196899737,"[      2.088       10.79      3.9306      8.7859      8.8515      8.1388       6.294      6.4162      5.1079      8.0558      9.2134      9.8361       11.34      9.5301      1.5921      13.664      4.7534      11.398      7.8559      4.9016      8.4926      5.4519      8.1346      5.7048      6.9329      8.1715
      5.4212      9.7984      9.2725      4.8494]"
3,transformed_0.05,ClassOrderSampler,0.0327261921911091,"[     6.0005        8.65      8.4119      12.462      10.093      9.6535      6.7395      2.8247       11.96      11.728      7.1378       4.047      5.2694      5.1804      13.723      13.914      17.083      11.837      8.7044      8.4702     0.86541       9.951    0.069111      7.2772      1.7554      14.838
     0.50649      11.847      7.4412      4.2012]"
3,transformed_0.05,ClassOrderSampler,0.10668061900300314,"[     10.712      8.9697       11.12      1.7033    0.018775      14.317     0.51143      7.6141     0.47625      5.0923      4.7893      11.897       19.34    0.077076      5.6188      12.392      8.1299     0.91643      12.731      12.993      12.127      5.8754      7.8999      2.8298      12.085      10.794
      6.4704      2.0442      14.739      8.5466]"
3,transformed_0.05,ClassOrderSampler,0.023364074853529575,"[     15.187      11.248       2.134      12.644       16.12      17.261      15.018      5.6748      13.338      5.8607       2.393      2.7877      8.4811      9.8021      6.4239      3.8585      8.0052      1.7171      5.8428      2.0043      14.455      11.132     0.69552      13.515      18.364      7.5905
      3.4358      6.4923       11.18      12.085]"
3,transformed_0.05,ClassOrderSampler,0.18054549995492974,"[     9.8172      10.215      7.5013      6.9867      14.794     0.56646    0.098491      7.1173      10.891      3.5229      11.006      5.8011      6.6549      14.377       10.21      17.116     0.98931       14.49      12.438      10.696      5.4262      9.4222      7.4512      4.2599      16.701      8.0371
      4.5805      9.7723       5.065      11.785]"
3,transformed_0.05,ClassOrderSampler,0.07051523163356646,"[      12.07      8.9929       7.444      4.2331      4.0322      8.8733      8.6594      5.0717      2.5393        9.93      9.5609      12.216       10.93      11.984      9.8875      4.2256      4.5204      10.139      8.2047      7.9967      6.7998      7.3772      5.5677      6.4808      3.1456       8.489
      5.9763      7.1164      15.825      10.649]"
3,transformed_0.05,ClassOrderSampler,0.000678112247964199,"[     11.231      8.5323      4.5054      8.0218      13.142     0.64481       8.898      7.8417      5.6798      13.154      10.775      4.1067       9.579      11.124      3.4921      10.296      7.4923       8.805      7.3719      5.2293      5.8634      6.5084      3.6663      6.6755      5.1543      3.8011
      5.5166     0.12236      6.7505      4.0946]"
3,transformed_0.05,ClassOrderSampler,0.0035525859069783987,"[     10.323      9.4731      6.1188      3.2113      3.0901    0.061807       6.824      3.1517      1.8498      4.3406      1.1617      2.6061      7.4551     0.30141       4.642      5.3666      5.1387    0.014222      5.3405      4.3014      1.7664      10.028      5.8926      1.2328      1.0472      2.6108
       3.771     0.52262      2.9076      10.365]"
3,transformed_0.05,ClassOrderSampler,0.9655978128503268,"[     3.7169       11.17      4.6315      12.406      4.3222      4.6308      6.4224      2.8861      5.2761       2.645     0.20141      9.7003      1.7818      1.4332      8.2903     0.97617      5.0325      5.6235      5.1204      0.1057      2.2796      3.7856       1.354     0.40104     0.21042      3.7322
      6.6285      3.3759      4.0399     0.23022]"
3,transformed_0.05,ClassOrderSampler,0.7988091721630671,"[    0.24884      4.5809       1.736      4.8876      4.1792     0.71056      2.3801    0.036421      4.0199     0.80771      4.4489     0.76896      2.4907     0.22307      6.5226      12.337      3.9274      2.8092       4.688     0.23555      6.7161       3.252      2.7574      4.1194      1.5187    0.015207
      3.0009     0.77571      5.8034      3.6563]"
3,transformed_0.05,ClassOrderSampler,0.023729383678225673,"[     2.0644       4.436      4.6914     0.83522      6.5685    0.096557     0.45793      4.3347      1.2498      6.7368      11.899    0.015917      6.3958     0.20666      4.3092      7.6446      4.4132      2.6879       5.624      5.8109      1.3897      3.5102      5.5498      6.4052      1.8972    0.028357
  0.00080386      2.9049      6.9786      0.3193]"
3,transformed_0.05,ClassOrderSampler,0.09367797023469816,"[     1.2375      9.5816       7.445     0.05397      9.2187      4.4649      5.5442      2.1804      4.1749      4.4245      6.0149      1.9298      3.8082      2.1356      0.1744      3.6852       5.313      1.0774      10.446      9.1748      5.2459      5.7254      13.657      2.9712       4.935      7.5559
      0.5024       15.54      9.4081      15.845]"
3,transformed_0.05,ClassOrderSampler,0.006324539572197502,"[     10.676       11.21       6.697      9.7462       7.307      8.3808      6.8777      7.3158       5.895      7.9641      7.7058       11.12      11.969      7.0244      4.4331      8.9307      12.782      10.117      5.2829       9.489      12.692      13.483      7.1221      7.6313      9.6525      6.7089
      4.3998      2.7741      2.9352     0.98263]"
3,transformed_0.05,ClassOrderSampler,0.08997775663063881,"[     4.7256      10.137      9.9744       17.33      21.859      5.9195      17.722      18.399      19.191      11.856      20.509      16.068      13.095      23.073      14.353      17.799      16.357      7.5593      19.159       22.68      12.629      16.943       18.13      16.004      14.753      20.046
      12.872      13.991      18.118      12.751]"
3,transformed_0.05,ClassOrderSampler,0.15048069585276347,"[     14.293       8.359      2.1648      20.987      11.573      13.487      17.273      15.402      11.583      13.425       27.61      11.266      23.393      16.459      6.6624       5.259      15.984      1.2719      20.403       17.69      10.553       21.34      9.5903      18.786      15.944      12.396
      27.525      9.1244       20.13      17.483]"
3,transformed_0.05,ClassOrderSampler,0.04012480637886749,"[     15.044      7.1341      9.8714      12.705      7.2478      10.241      4.7214      7.1478      11.493      9.7379      9.3954      1.1706      10.477      11.185      9.6927      12.216      8.0736      7.6754      7.8234      9.1987    0.016895      9.8902      7.2121      9.5641      11.922      13.753
       5.692      4.0687      9.2504      13.233]"
3,transformed_0.05,ClassOrderSampler,0.4066109511272183,"[     11.893      5.4095      14.546      12.529       16.38       11.52       10.36      3.5163      10.381      9.8323      10.072      8.8368      11.954      11.638      11.735      9.1446      6.3627      9.7973      7.4294      8.9951      4.2979      5.2623      13.062      7.6382      6.7173       11.22
      5.5945      0.2246        14.3      11.611]"
3,transformed_0.05,ClassOrderSampler,7.645384295844231e-05,"[      14.11      16.618       14.37      8.0355      17.346      9.6346      12.836      16.153      15.151      4.0939      9.4734      5.8105      14.825      13.123      10.751       10.03      15.644      12.087      13.844      13.626      11.012      10.262      8.8551      12.171      6.0873      6.9272
      14.037      10.016       10.16      13.422]"
3,transformed_0.05,ClassOrderSampler,0.003994277170787297,"[      14.81      6.8615      13.838       16.03      6.1732      8.9889      6.5568      9.3635      7.0413      2.0209      6.4368      7.6633      4.7594      2.9956      9.2031      2.3246      2.7865      9.0491      2.8164      10.114      2.7976       15.76      6.0391       6.495      4.0705      9.0934
      9.7635      5.4718      7.8866       8.411]"
3,transformed_0.05,ClassOrderSampler,0.053125333237796064,"[     7.7917      4.5021      5.9972      7.0737     0.01052      9.1041      7.3225      5.8573      11.783      5.6148      9.2702       12.66      9.8954      9.2243      13.115       5.221      2.6865      4.8281       1.388      2.6814       2.447      1.5382      3.2316  1.0252e-05      7.2121      11.091
      1.7316      3.8535    0.063011      5.0289]"
3,transformed_0.05,ClassOrderSampler,0.5926942543164456,"[     3.2908   0.0050388      1.8177      6.7176      6.0135      13.794    0.017268      4.3526      8.8991      8.0998  0.00019048    0.022983      10.138      12.487       5.894      7.8037      0.1357      9.3064      7.6819   0.0016916      9.5708      10.182      7.8675      2.4697      1.6132      6.9762
    0.079395       1.525      6.6056      2.8631]"
3,transformed_0.05,ClassOrderSampler,0.004763812178608031,"[     4.1733      12.298      6.0977      3.7607      5.1214     0.43204    0.070022      13.035      1.9455      5.8642      4.0741      4.3677       7.906      8.8958      10.489      8.0883       11.76       9.565      10.043      4.3443      11.511      7.7583      4.2756      8.7251      7.9581      11.916
      9.8936      11.036      4.9361      12.362]"
3,transformed_0.05,ClassOrderSampler,0.0814088522395843,"[      1.056      3.2415      2.9967      5.5766      3.5746      12.297      13.726      14.428      17.874      10.291      12.715       11.62      2.0965      14.038      6.0308      5.0744      17.685     0.04123      3.5021      7.8453      7.3545      0.6956      6.4355    0.027929      3.9446      7.3943
      11.179  0.00066687      3.1627      2.8987]"
3,transformed_0.05,ClassOrderSampler,0.07536890282928374,"[   0.015181      12.099     0.10191       2.104          13      1.3362      3.4895      4.3013      7.5296      6.2152      3.9965      7.5263       5.146       10.02      5.7114       9.057      8.2034      10.078     0.14286      7.2549     0.52477      2.7105      4.6593   0.0010761      9.0264      10.092
      10.243   0.0060185      4.3989      8.5255]"
3,transformed_0.05,ClassOrderSampler,0.0018517535053114037,"[     8.6604      11.156     0.14684       7.241      6.4862       12.17      7.2205      7.6283      1.8488      8.4072      9.0854      10.126      8.5951      11.465      6.2665      8.4322      7.1701      8.9309      11.298      4.0698      11.638      6.9266      12.605       12.51      11.303      7.7511
      17.049      9.7422      7.9518      14.608]"
3,transformed_0.05,ClassOrderSampler,0.1402034058899878,"[     12.079      9.6065      10.632      6.4187      10.697      10.885      8.6735       10.79      8.4612      10.683      13.373      15.834      9.6989       9.546      10.486      11.738      10.994      15.812      8.4485      12.829      11.181      11.246      11.058      2.4834      8.4345      10.505
      9.7433      6.2915      17.365      10.235]"
3,transformed_0.05,ClassOrderSampler,0.07011179555712066,"[     9.0962      16.928     0.60929      16.347      10.605      13.424      10.626      10.474      14.562      11.007      16.918      10.756      10.807      12.535      15.641      6.9878       2.137      11.285      7.6564      11.063      12.846      18.262     0.54837      16.927      10.617      13.322
      10.094      10.527      15.471      13.909]"
3,transformed_0.05,ClassOrderSampler,0.905821961147771,"[     15.261      11.539      13.951      13.283      21.427      8.0771      6.4931      7.8024        13.1      12.063      13.696      17.082      11.458      10.979      12.457      12.948      13.558      12.818      12.479      12.736      17.187      7.9072      12.679      3.9857       8.652      6.5113
      5.6942    0.014109      10.395   0.0016643]"
3,transformed_0.05,ClassOrderSampler,0.06838628708530697,"[     7.4914      9.1819       3.969      8.3251      9.1027      6.6364      7.0676      8.3675      6.3955     0.24663      5.6438     0.94541      8.7713      12.831      6.9335      7.7128      11.267       3.162      8.0872      16.728      5.1516      8.4131      10.997      9.7722      7.7652      7.2231
      1.9863      7.7004      4.5279      4.1167]"
3,transformed_0.05,ClassOrderSampler,0.4957233766487332,"[     13.375      6.6147      5.5434      3.3781      9.1552      13.402      13.579       12.54      8.9809      6.1634      2.8827      14.194      5.2596      3.9295      7.3409      1.0113      6.2637      4.1373      10.395      5.9478      3.7495      3.9048      6.2914      10.625       7.125      7.1931
      12.357      7.4416      1.4592  0.00026926]"
3,transformed_0.05,ClassOrderSampler,0.08263313339119621,"[     4.7865      9.2094      10.607      2.2321      2.2357      5.1403      8.1446       6.129      7.1858      10.526      6.5408      11.757      5.0309      13.311       8.392       7.204      16.213      5.8296      8.2102      5.4697      8.7151      7.5051       4.735     0.26081      3.6415       6.194
      7.1789      3.1885      10.217      7.5322]"
3,transformed_0.05,ClassOrderSampler,0.06734199655507234,"[     8.1582      4.3704      11.535      12.403      10.887      7.5137      12.584      11.272     0.32836      9.0895      18.567      9.0353      11.666      13.004      6.5231      10.541      11.787      7.4075      5.0053       13.15      14.327      4.1142      13.507      13.752      9.7862      7.5706
        15.1      10.861       12.78      8.4736]"
3,transformed_0.05,ClassOrderSampler,0.06838628708530697,"[     18.491      9.5558      7.3778      7.0572      9.0071      7.6975       6.366      7.7878      16.011      8.0375      14.056      11.519      3.9024      7.7351      10.507      10.048      11.742      9.7622      11.633      11.871      12.609       8.086      9.4385      10.729      11.063      11.677
      7.6598      10.079      2.1462      7.8685]"
3,transformed_0.05,ClassOrderSampler,0.014541680944285082,"[     10.101      11.295      3.3166      2.4326      8.2678      10.692      4.9854       10.11      6.2989      6.5152      7.0674      5.4395       8.908      12.701      4.6652      7.5819      13.459      4.1587     0.95636      4.8084      7.8675      3.9939      9.7083      11.358      2.0162      5.8614
      4.1512      6.1458      3.8214      17.421]"
3,transformed_0.05,ClassOrderSampler,0.042688780560037456,"[     9.3255          10      10.879      7.5801      1.1827      10.974      12.243      9.6554      4.7982      1.6319      5.8244      12.833      6.4906      6.3803      9.5354      9.4858      11.333      12.615       12.81      10.505      7.8833      10.211      18.384      9.5323      6.6012      13.823
      18.021      18.149      14.229      13.956]"
3,transformed_0.05,ClassOrderSampler,0.04873382109685027,"[     9.9705      17.768        8.79      15.616      19.782      20.405      10.098      8.3145      5.1165      5.8884      8.4385      11.406      18.038      16.822      18.799      7.0793      14.674       11.22      4.0718       11.65      20.079      10.051      15.312        17.3      17.025      15.544
      18.807      19.984      13.472      18.581]"
3,transformed_0.05,ClassOrderSampler,0.17452339807738806,"[     11.344      7.6637      13.159      12.543      16.174      7.8992       6.593      7.5456      10.986      5.8708      11.013      9.6809      5.9278      9.5574      11.258      11.348      9.3316      3.4045      8.0105      9.4898      8.8402       11.04        10.8      7.1346      11.887      9.2762
      6.9198      17.895      11.805      9.2548]"
3,transformed_0.05,ClassOrderSampler,0.06429050868555299,"[     13.904      11.019      7.9506      14.229      7.5266      11.339      12.218       8.024      9.3509      16.136       9.539      2.8456      11.884      15.046      8.8607      5.3484      4.1434      6.4999      12.335      1.3266      10.874       3.478       9.163      4.5738      4.0037      2.0867
      11.139      9.8017        10.5      7.6529]"
3,transformed_0.05,ClassOrderSampler,0.08656012695228937,"[     8.5444      9.0887      13.432      12.765      7.7239      7.1692      9.0823       8.986      9.6876      13.522      8.3201      4.0364      11.601      8.2634      11.953      12.668       3.045      11.716      10.036      6.1594      10.112      5.9627      9.5496      5.6278      9.7942      16.927
      10.263      13.272      3.5432      13.662]"
3,transformed_0.05,ClassOrderSampler,0.2571098923169205,"[     12.425      11.252      11.062      5.4231      5.3217      5.6297      10.444      12.847      8.6542      14.561       7.581      7.0769       13.04      9.8894      8.9403       10.87      12.508      12.455      9.9871      11.964      9.5103      10.053      6.2409      3.8849      11.278      5.4706
      11.714      7.2452      6.5883      6.2027]"
3,transformed_0.05,ClassOrderSampler,0.2144395399059843,"[     7.0247      4.8281      8.0119      6.3246      8.9499      7.7709       13.67      8.9272     0.06641       14.25       15.61     0.40262      7.9618      13.739      7.6476      4.9816      2.0741      7.8276  0.00055274      10.988      10.113      10.417      7.4557      12.163      5.9697       11.71
      10.692      6.8871      5.1623      9.5355]"
3,transformed_0.05,ClassOrderSampler,0.08624040537785602,"[     4.6855      8.1429      8.7418      7.3429      7.4962      9.5886      11.378      10.125      10.743      11.504      12.556      19.723      10.274      8.0973      8.1337      10.484      8.2618       9.407      12.042      4.5928      6.1087      8.5479       6.537      6.8519      7.0854      8.9239
       4.439      9.8717      8.0897      10.048]"
3,transformed_0.05,ClassOrderSampler,0.002516379839458142,"[     6.7368      6.3111      5.0522      8.2953       6.592      7.5216      7.4471      8.3508      11.511      11.034      7.7272      6.6849      3.3273      8.0007      4.5418      9.6569      1.4767      11.621      9.8124      7.5774      7.7439      6.1327      7.5988      9.0168      6.4851      6.2062
      9.8093      10.216      9.0199      7.2157]"
3,transformed_0.05,ClassOrderSampler,0.2510823646696668,"[     6.2039       6.448       3.676      6.0462      11.901      10.485      12.504      5.3598      7.5749      9.5973      9.1919      2.1091      2.0065      5.3815      7.2615      3.6258      8.1712      5.9835      10.059      9.6475      1.9385      10.041      6.2274      9.9486        5.97      7.4373
    0.047933      1.2884      6.2895      15.922]"
3,transformed_0.05,ClassOrderSampler,0.993153422678668,"[     3.1016    0.096078      3.1212      4.4907      10.157      7.0558      4.9347      9.7565      19.487      12.936      2.1709      5.5933      10.557      7.7837      6.0117      11.569      8.2409      4.4056      3.4614      6.8579      7.0823      5.0262       3.721     0.03714      4.3077      8.5664
   0.0083484      10.194      4.6806      7.5572]"
3,transformed_0.05,ClassOrderSampler,0.34511190311177264,"[     8.2032      11.586      5.5002      6.7559      13.493      11.656      11.669      12.039       1.835      14.967      7.0166     0.54953      12.379      11.493      8.8118      13.908       6.488     0.23553      6.5509      7.8146      9.3325      15.368      3.2311      9.5777      1.5727      17.501
      16.163      14.167      3.7843      15.455]"
3,transformed_0.05,ClassOrderSampler,0.021226379158438436,"[     10.467      12.038      13.089      16.891      7.4715     0.52677      11.191      6.1398      12.564      12.274      11.763      6.6445      4.4991      4.2332      10.522      11.434      10.557      17.161      13.549      13.575      14.399      14.176      14.108      12.028      10.981       9.773
      12.286      11.931      12.886      13.168]"
3,transformed_0.05,ClassOrderSampler,0.015415161992644142,"[     13.732      7.5298      7.1387      9.7186      10.942      14.073      13.436      12.244      13.735      14.883      9.3392      13.786      11.338      8.2365      8.3759      6.0567      7.4984      8.0542        13.3      6.1204      15.786      10.717       10.25       7.325      12.214      8.2274
      12.774      10.091      9.6802      13.828]"
3,transformed_0.05,ClassOrderSampler,9.867852789347319e-05,"[     9.3953      10.968      13.389      9.9818       9.401      7.2433      11.125       12.31      11.705      7.9933      8.4533      11.241      9.0792       8.761      2.0811      10.461      10.614      12.789      13.138      11.064      12.501      1.3055      8.4619      9.7427      8.4989      8.9844
       12.59      1.9739      6.0831      6.0001]"
3,transformed_0.05,ClassOrderSampler,0.00024122507089318308,"[     6.3626      9.4094      7.8524     0.78369  0.00035542      14.103      3.4929      3.3964      12.703      10.026      8.6066      0.5983      4.2513       7.762      10.282      12.957      6.4949      7.2941      8.1435      2.9164      10.779      10.899      10.377      4.4561      13.288      11.592
      1.7799      8.2485      13.023      4.1635]"
3,transformed_0.05,ClassOrderSampler,0.9066446835314381,"[     2.5891      11.427      2.9965      11.168      5.2126      6.8262      1.1905    0.094601      4.5964       8.884        15.5     0.69945      4.9616      7.8139      16.295      6.9277      6.7134      2.9069      9.1113      8.5732      1.6324     0.32884        7.85       16.98      1.7221      1.9326
      1.6781       7.047      8.9998      0.1428]"
3,transformed_0.05,ClassOrderSampler,0.13505072115558894,"[     6.1109      10.245       1.086      5.2608      4.2418      2.9704      3.2401      5.4268       2.534      10.155      5.8261      10.999      1.4766      3.8437      6.5338     0.16409      7.5682      5.8311       5.505      3.0696      7.5945      7.4607      6.9164      10.248      3.0345      7.3786
      1.0849      14.887       13.87       16.28]"
3,transformed_0.05,ClassOrderSampler,0.01992906176316028,"[     9.2552      9.7538      1.2044      13.869      10.104      12.786      6.9673      13.713      9.1537      13.523      13.046      9.4364      5.5718      6.9641       14.08       11.28        9.88      12.164      6.1782      9.1535      12.796      10.231      12.712      6.0273       11.88       17.74
      9.8514      5.2309      2.7098       11.96]"
3,transformed_0.05,ClassOrderSampler,0.03532012381997605,"[       16.7      13.637      8.0242      12.211      12.147      11.791       10.85      13.115      13.109      10.844      10.126      9.1066      8.2247      5.3257      6.9767      10.699      8.4255      5.4063      7.6461      5.1339      7.7572      7.3382      8.6668       4.973       6.418      6.4816
      8.1063   0.0080101      1.7351      9.6296]"
3,transformed_0.05,ClassOrderSampler,0.015379346919988277,"[     9.2852      5.1099      8.6735      7.8591      4.9366       6.578      1.1652      7.8133      1.0316      11.423     0.96565      8.0896      4.8911      4.9686      3.3601      8.1749      9.1416      9.0939      5.4689      3.9735      3.8629      9.9105      3.2602      9.3833      7.1148     0.82899
      4.1977      5.2926      11.345       6.829]"
3,transformed_0.05,ClassOrderSampler,0.21744110183289359,"[     8.9046    0.005784    0.011079      0.1563    0.082753    0.035448   0.0016348     0.29752    0.014828  0.00037341   0.0035496       1.988   0.0065609    0.011354    0.012326    0.018671     0.49146     0.81312     0.23454     0.24301     0.74509     0.28115   0.0029186   0.0087061    0.015951     0.43916
     0.22766     0.41743     0.13684     0.22612]"
3,transformed_0.05,ClassOrderSampler,0.16674201577878006,"[   0.043903   0.0013279    0.032949     0.12176    0.084918    0.047359    0.018502     0.74116     0.18454    0.043852     0.46696      0.3733      1.3899     0.18797    0.024239     0.35234     0.15579    0.049743  0.00075526    0.091806    0.058269    0.088228     0.31339   0.0049697    0.098868      6.2125
    0.001083      7.9387      10.761     0.49582]"
3,transformed_0.05,ClassOrderSampler,0.00034127492927989086,"[     5.7469    0.093583    0.081996      11.804      5.9331      2.3023      9.5338   0.0077478  3.4571e-06     0.29174      2.9812      10.272      1.2099     0.03764     0.69312  0.00036352       2.932       9.801      10.897     0.24169    0.033619      7.4183     0.26086    0.018272      6.6449      12.174
   0.0038932      16.355      2.6437  0.00032074]"
3,transformed_0.05,ClassOrderSampler,0.6592175574262876,"[      2.266    0.056248      0.1795  0.00022445     0.02488      7.1371   0.0067594      6.5602    0.043094      5.5354      3.6276      5.9191      7.0856      8.6654        11.1      7.8883      4.6916     0.13056      4.3587      15.359      6.8765      12.227       9.712      7.2099      2.5939      1.6059
      4.8506      6.0334      3.1464      8.8239]"
3,transformed_0.05,ClassOrderSampler,0.020292414993241532,"[     11.303      9.1121      8.9569      5.2876      2.6544      16.263      7.8681      10.019      6.6041      11.111      13.458      2.8554      5.5966      9.7675      16.775     0.68089      11.004      8.3492      5.0141      12.355      6.9009      8.4608      4.1713      13.865      6.1103    0.023079
      8.3801      6.2723      6.4383      7.3111]"
3,transformed_0.05,ClassOrderSampler,0.720616103600254,"[     1.9901      5.0844      7.9073      5.8328    0.082197      7.8733   0.0087755      2.1636       14.83       3.815  7.7486e-06       6.077      7.9068       12.01      3.7351       2.491     0.89789      3.5339      2.6885      1.7903      0.6381      6.3366      7.7393     0.50298      1.5041      7.4222
      6.2923      3.1634      10.225      1.2001]"
3,transformed_0.05,ClassOrderSampler,0.15636002207068533,"[     8.1357      8.8704      5.7482      2.2789      10.887       5.713      6.1682      2.0025     0.38134      3.6214      3.1874      7.8571      4.3367      12.614      8.4036      10.659      8.0184      11.624      8.4657      6.6715      12.277      7.2345      16.049      6.5901      10.915      12.702
      4.3881      2.2097       19.18      8.8421]"
3,transformed_0.05,ClassOrderSampler,0.7375400107439734,"[     11.791       11.41      2.5705      13.494      10.072      5.2002      8.3709      14.283      8.4162      9.5665      9.0736      5.6547       2.794      8.5679      9.1492       11.21      1.6927      14.368      8.6716      14.688       9.533      6.1564      13.572      13.894      2.1091      12.202
      11.713      10.402      4.6207      12.723]"
3,transformed_0.05,ClassOrderSampler,0.0033130862740186296,"[      1.712       12.12      10.283       6.674      10.303      7.3487      8.2462      6.0067      4.6639      5.0197      9.3485      3.0556      4.3654      2.9976     0.63551    0.044338      9.4761      8.5917      7.3909     0.35864     0.83265      9.0928      13.595      5.8721      9.9145      0.5989
    0.069289       6.519      10.323     0.40276]"
3,transformed_0.05,ClassOrderSampler,0.1949181214595426,"[     3.0385      12.651       5.372    0.013157    0.015038      9.1679      2.4466    0.062702      6.0788      4.7564      6.6393    0.033617     0.17418      2.3811      10.694      6.9577      3.4488      14.136      3.5385      3.6681      1.8686      4.0973      5.4511    0.084902   0.0016468      1.4062
      5.1704      7.4704      11.989      7.7323]"
3,transformed_0.05,ClassOrderSampler,0.7023225105673265,"[      5.792      6.5385      12.301      10.651      10.418      10.146      1.5858      4.5626      9.9897      6.7323       12.81      9.1024      6.5537       9.938      8.5392      13.915      9.4785      16.797      6.0945      16.599      2.4631      12.345      7.7479      6.8948      9.8416      10.537
      13.915      2.0822      3.1624      11.801]"
3,transformed_0.05,ClassOrderSampler,0.7187939353566264,"[     8.7203      7.5999      6.8692      8.1808      5.2731      7.3389      13.317      9.9249      4.3427      7.8087      9.6051      14.553     0.74116      8.0016      13.752      10.596      5.6418      3.1871   0.0010094      6.7607       1.287     0.54475     0.01671     0.11329    0.086341     0.91133
      5.5049       5.088      1.8977    0.022977]"
3,transformed_0.05,ClassOrderSampler,0.07065045704074277,"[     12.567      1.5411     0.03274      4.5098      4.4389      2.6317    0.097546     0.37804      3.0499     0.33859   0.0057587       2.169     0.42573       3.662      3.5427     0.12286     0.17059     0.01154     0.55559     0.98988    0.074681     0.57923     0.12825    0.090135     0.86626    0.059065
    0.012037       1.652     0.19638      5.6341]"
3,transformed_0.05,ClassOrderSampler,0.005858371261009598,"[     6.1549    0.018197      4.4932     0.27661   0.0073121    0.012156      2.1821     0.17022     0.62368     0.61357     0.50921      9.1693      10.668      10.219      1.4764      7.0358      11.975      5.1308      10.726      4.7094      7.4672      5.1099      10.027      9.1426      9.4856      10.637
      9.8758      1.9149       11.15       1.495]"
3,transformed_0.05,ClassOrderSampler,0.00045167213044954843,"[     5.0201      8.0569      6.1117      6.4359      2.7137      11.042      5.4917      10.003      5.0422       1.238      5.6457      3.1777      4.2182      8.0478      6.3014      3.5826      6.1469      12.889      10.487      6.0016     0.64666      7.9792      10.924       2.891      10.088      4.5796
      8.8205      7.3277    0.061458      8.1701]"
3,transformed_0.05,ClassOrderSampler,5.033185399067167e-05,"[     5.0032      4.1058      7.8774      6.0209      9.1146      6.0535      7.7885    0.098262      10.109      5.7624       2.279     0.20882      1.4008     0.38851       8.582      5.4697       8.253      1.5095      7.1226      6.4975      1.7055      5.2393      9.1459      6.8686     0.28037      9.9672
      8.2624      11.331      9.7278       8.081]"
3,transformed_0.05,ClassOrderSampler,0.045951392325508995,"[     2.5075      7.4399       2.907      10.442      11.251   0.0065764      1.0954      8.4118      8.3629      4.0818      8.2061      6.3424      4.5917      2.1101     0.37699      8.0364      14.671      13.574       10.41      19.081      9.2111      10.604      1.6085      3.6757        10.9      12.489
      11.224      1.8323       7.046      5.5414]"
3,transformed_0.05,ClassOrderSampler,0.015201364738112707,"[     9.9889      17.027       10.65      10.985      15.813      5.4058      12.214      6.6907      4.8505      9.3071      8.7616      11.076      5.0069      9.9151      9.1763      14.132      5.0773      7.4458      9.4932      9.7857      10.909       19.61      13.811      13.785      10.683  5.2452e-06
      9.8937      8.1422       13.42      14.432]"
3,transformed_0.05,ClassOrderSampler,0.014439889180316995,"[     12.763      8.4259      14.549      13.833      13.915      12.782      6.7426      6.9597      12.414      3.7117       4.306      5.7275       3.829        5.94      6.8403      9.3184      6.5187      5.2413      3.3426      2.7499      4.1958      5.6546      5.5725      7.2851      7.5326       7.808
      2.8607      3.1019      6.3786      1.4805]"
3,transformed_0.05,ClassOrderSampler,0.00020828991572234022,"[     7.0618      4.2734      3.4398      4.2864      5.0273      4.2184      3.4601      2.8404      3.7148      8.4083      2.9306       5.157      3.4956      5.7215      6.3548      5.2785      1.5793      3.3154       6.381      3.3171      4.8421      3.5161      3.8824      3.9546       5.157      3.8106
      2.5834      7.5049       5.045      9.7478]"
3,transformed_0.05,ClassOrderSampler,0.4668512455145654,"[     5.1334      8.9786      3.5558      6.5688     0.92892      5.3186      9.2927      6.2824      5.5399      10.104      8.9277      7.2937      7.6436       6.793      4.2214      10.283      2.0461      7.0231      10.106      4.9471      8.9945      8.4753       8.193      5.0646      1.7683      9.3279
      5.4187      14.022      10.032       12.13]"
3,transformed_0.05,ClassOrderSampler,0.517746439880334,"[     6.2138      6.1154      7.4267      7.9889      6.0389      9.1622      5.8558      12.405      9.2188      8.3796      10.971      9.0305      5.2297      6.1889       7.296      7.6801        5.53      6.4439      5.8337      5.5514      4.7865      4.3045      2.8421       4.136      4.0701       5.867
      1.2404      4.4471      3.5401      6.6521]"
3,transformed_0.05,ClassOrderSampler,0.1689367042285281,"[     4.3498      7.9785      6.0487      8.8053       5.773      4.5858     0.92495      2.6609      5.3754      8.2864      5.0174      6.6422      2.2303      9.6062      5.5244      6.0411      5.8927      6.2177      2.0274      7.2807      5.8799      7.4373      2.1377       6.848      3.8289      10.051
      2.5675      10.932      5.5781      3.2823]"
3,transformed_0.05,ClassOrderSampler,0.08356167208456147,"[     5.8855      4.2751      3.0715      8.2129      1.5407       10.06      1.9862      4.8323      6.1532      11.642      9.4822      2.9462       8.976      3.3115      1.6668      9.7714      8.4716      7.3549      10.504      8.8037      6.4529      6.6081      4.8019      11.242      8.9156      5.0305
      10.587      6.3765      7.5497      7.7185]"
3,transformed_0.05,ClassOrderSampler,0.1464982109803707,"[     5.3309      5.1986      2.2834      3.5197    0.069132      9.7109      9.2817      8.7476      4.7407      4.7422      5.7587      6.3284      5.2498      7.7208      7.7867      7.0082       7.976      2.1149      8.3685      10.827      5.5507      7.3746      11.029      8.7674      8.9083      6.8837
      8.8035      8.1097       9.894      7.6093]"
3,transformed_0.05,ClassOrderSampler,0.26362368680759946,"[     7.6953      1.9428      8.6443      8.8244      5.0116      4.2788      7.2658      4.7042      7.0705      4.8307      8.0381      11.659      4.9346      7.1384        9.68      11.886      4.1101      11.216      7.2906      9.2241      6.2004      5.8865       3.312      5.4173      6.3669      5.7682
      6.6702      13.999      14.006      7.7387]"
3,transformed_0.05,ClassOrderSampler,0.0003836859223923922,"[     7.1889      11.764      6.2543      2.9195      4.2157      8.1759     0.52635      0.5092       7.082       1.327      1.5421      7.2377      2.4348      8.8689      9.2138   0.0072728     0.74519      3.3737      7.5095     0.17808      4.4094      7.6234      0.1468      2.8812      3.8564       7.726
      4.7207     0.53981      6.4568      3.0034]"
3,transformed_0.05,ClassOrderSampler,0.00015416573021449315,"[      4.534      7.6207      1.3443     0.14558      1.4979      7.7935      5.4852      5.2251     0.66629      5.2031      5.8631     0.67607  0.00083936      8.0051      5.5333      3.2709      7.5905       1.359      8.9249     0.19376      8.2915      10.598      4.8495      3.4489      5.7625      4.6475
      6.7813      5.1047      7.0002      4.0585]"
3,transformed_0.05,ClassOrderSampler,0.5455299104991165,"[    0.14232      9.6983      6.4306      12.119      10.477      5.5947      12.402      8.5572      2.2312      11.397      13.289      13.838      8.1703      9.4874      6.3103      8.5094      5.3668      3.2687      18.528      10.765       6.594      8.6755      9.6578      6.3984      4.4946      6.5167
      6.5645       2.608      8.0143      7.3348]"
3,transformed_0.05,ClassOrderSampler,0.6160230020023908,"[     6.9752      7.2316      7.4431      12.365      3.6387      7.3987      6.4654      17.037      8.9217      18.647      3.8155     0.96898      8.0179       7.849      12.366       7.715      4.1714      6.3081      7.0828      8.6744       8.465      13.267      3.1023      3.1816      9.7604      7.1135
      5.3413      9.7203      8.3712      5.7313]"
3,transformed_0.05,ClassOrderSampler,0.0270737275084285,"[     9.1036        6.43      5.5137      16.191      9.0283      2.6673      14.094      4.1418      11.186      4.8722      6.4652      4.9081       8.741      5.9004      8.2653      10.133      10.622        5.07   0.0023457    0.010782      9.4296      4.6271      4.3709      2.6682      13.378      5.5691
       3.607      5.7347      10.077      18.225]"
3,transformed_0.05,ClassOrderSampler,0.6456396591147366,"[     7.1769      8.2504        12.8      1.5923       8.514      8.8318      2.2191      5.0482      8.0588      11.433      9.9486      11.456      17.706       7.164      9.5318      1.6719    0.036656     0.12143      2.3281      4.7725     0.44148      1.0065      7.4372     0.76238      3.0997    0.044363
      5.1573      3.8678   0.0013425       1.728]"
3,transformed_0.05,ClassOrderSampler,0.01329846751885148,"[     9.6124      3.8137     0.46157      2.5729      4.0383      1.5255      1.6955     0.61574      5.5202      4.4371     0.72664      6.1886      11.367     0.49171      4.1419   0.0065987       6.582     0.64623       1.365      6.4808      6.1181      3.1195      2.8537      5.1129      4.7421      1.6925
      5.1393       8.374      2.4888      4.7273]"
3,transformed_0.05,ClassOrderSampler,0.007971538370814919,"[      3.382     0.62283   0.0030449      6.5221      8.7362     0.18425   0.0028876     0.56007      10.142      6.9462      1.5693      12.913      3.7258      6.3511      3.3476       1.611      11.767      7.6997      3.2795      7.6285      11.349      10.315      2.9781      14.449      9.6847      1.9888
      6.5998      6.3486      5.9735      8.8334]"
3,transformed_0.05,ClassOrderSampler,0.3578586632298358,"[     3.4712     0.24982      6.6395      2.8571      10.614     0.12563      1.6734      9.8153      12.794      2.3786      3.9097      10.169      4.9711      10.681      5.9923     0.90706      7.0836      4.0552      5.8727   0.0028094      2.5386      9.8108      4.8642      7.3255      5.2264      8.9133
      5.0499       5.907      3.8192      12.703]"
3,transformed_0.05,ClassOrderSampler,0.0013642980357552574,"[     13.825      13.251      16.071      16.806      6.7464       9.975      11.538       11.19      13.608      13.155      17.167      12.829      9.8519      10.206      14.386      12.914      16.055      11.389      6.4941      12.387      16.647      10.372      12.833      14.557      9.6183      13.444
      23.577       28.55      5.6425      4.6989]"
3,transformed_0.05,ClassOrderSampler,1.7000457076745156e-05,"[     8.9436      14.162       5.524      13.447      10.043      14.116       14.26      4.2443      12.552      13.587      14.765      15.491       13.43      2.3211      11.451      13.998       9.707      11.174      7.1266      11.043      10.419      6.9545      12.014      14.518     0.89926      8.4218
     0.76939    0.076129       6.425      1.6439]"
3,transformed_0.05,ClassOrderSampler,0.004702043084506207,"[     3.0429      2.7126    0.021776      3.3266      8.9565      3.1922      4.6049      6.3184      2.1357      4.9404      6.6615     0.80963    0.028598       0.206    0.029304      2.2121      4.4991      6.4164    0.035806      6.6807   0.0026551      0.7507      2.9842      8.3962     0.15609       2.556
   0.0022622      3.9214      1.0798       3.669]"
3,transformed_0.05,ClassOrderSampler,0.005622730983252441,"[     7.8051      7.3475    0.013575       6.678      2.4916      3.4384      11.755       13.21      16.811      11.299      14.197      13.245      16.096      12.525      22.689      10.492      7.3915      11.999      13.038      9.4398      15.198      16.882      14.975      15.454      6.5029      12.732
      8.1336      18.118       14.29      12.193]"
3,transformed_0.05,ClassOrderSampler,0.7459144075115571,"[     12.148      10.975      14.033      13.701      11.921      25.289      8.0247       9.993      3.5709      21.594      22.044      16.162      15.291      5.0994      16.355      17.731      20.247       17.75      23.058      20.632      2.2752      13.572      6.1119      9.1633      7.6548      5.7068
      11.723      8.9913      15.208      7.4803]"
3,transformed_0.05,ClassOrderSampler,0.01891659998699813,"[     15.415     0.52836      3.3109      5.1086      10.951       13.41      9.5752      6.5587       5.649      4.0032      8.6354      7.3585      13.223      2.5581      2.9171      2.8206      6.1677      4.5609    0.022049      7.5833      7.3221      12.477      8.5671      1.4801      7.1746       9.163
      13.225      5.5359      3.1574      3.6567]"
3,transformed_0.05,ClassOrderSampler,0.004838930529821224,"[     7.4428      1.3802      10.205      3.0597      6.0161      5.7277      8.1346      4.0388       7.382     0.47791      5.2463      7.0852      5.2849      6.7988      1.8217      6.9522      11.096      11.691  0.00031669       11.75        10.6      5.1676      6.1902     0.91711      7.4875       3.434
      5.9402      5.2976      8.2626      7.0726]"
3,transformed_0.05,ClassOrderSampler,0.0024143706668994297,"[     7.0281      8.0959      7.8934      4.0601      4.2604         3.8      8.8004      5.3299      9.0933     0.98577      4.6571      5.8312      9.4694      5.7762      7.9892      10.752      9.3911      2.6724      5.0641      8.1322      5.9287      4.4591      8.1913      7.0438      3.9136      6.6601
      4.9969       5.225      7.9282       4.828]"
3,transformed_0.05,ClassOrderSampler,0.0075081583504912055,"[     7.9505      5.8637       2.192      4.2605      5.0643      2.8491       7.995      3.3611     0.17092      6.9333      17.018      15.482      14.505      13.841      4.3531      8.4931      9.0511      9.2578      9.3561      5.1689      13.068      8.9382      9.4498        12.1      8.5458      3.4818
      7.2919       4.786       19.12     0.34449]"
3,transformed_0.05,ClassOrderSampler,0.08997775663063881,"[     14.006      10.722      11.634      7.2794      10.215      13.199      9.2846      1.4805      8.4529      10.475      2.8039     0.16253      22.634      7.9828       7.918      8.0983      12.849      18.774      5.2979      11.656      11.575      11.173      16.555      9.6022      14.592      15.237
      6.1254      12.301      4.7718      1.2162]"
3,transformed_0.05,ClassOrderSampler,0.004380844811414785,"[     3.3534      17.452       16.84      6.9392      1.5826      6.9685      12.717      8.9044      14.335      5.9712      8.2587      10.701      14.643      14.755      9.1469       8.757       10.33      8.0876      6.5934      9.5713      13.438      7.8918       14.52      9.7837      7.9618      13.228
      9.5199      14.354      13.695       11.29]"
3,transformed_0.05,ClassOrderSampler,1.4564970227183925e-05,"[     8.9426       7.684      8.3518      7.4953      10.416      9.8348       13.39      12.346      11.333      9.3067       9.796      8.6256      6.5671      10.024      11.224      5.8892      7.9795      5.7655      7.8526      4.9872      12.403       7.999       12.39       14.21      11.909      8.5673
      9.8176      4.9799      13.101      12.291]"
3,transformed_0.05,ClassOrderSampler,0.15766099389342866,"[    0.71235      13.149       12.31      10.631      12.639      19.807      15.475      11.464      14.083      13.479      15.001      11.249      19.271      16.384      13.623      12.731      5.3222      22.818      19.983      14.972      14.223      13.765      13.052      11.092      8.6805      12.006
      15.114      5.5531      10.026       11.93]"
3,transformed_0.05,ClassOrderSampler,0.10237394793405072,"[     19.968      12.388      5.8018      15.467      19.973       7.214      13.587      17.207      18.386      15.058      8.2256      9.2575       14.26      14.889      9.9782      15.269      12.482      9.0619      14.713      9.6336       5.228      10.547      8.9677      9.1388       7.518      12.799
      8.6794      1.8449      5.7474      7.0235]"
3,transformed_0.05,ClassOrderSampler,0.0005130448602578337,"[   0.041663      6.7365      10.625      8.1015      9.4682      12.771      6.1428      6.9994      14.257      8.8398      11.493      9.1293      4.5216      2.5384      9.0078      12.076      11.427      3.5751      2.8848      8.4302      9.0318      14.337      12.653      10.771      7.1667      7.1181
      3.0007      4.3964      8.6394    0.044897]"
3,transformed_0.05,ClassOrderSampler,5.294115519291451e-06,"[     8.9109      10.458      11.046       7.571      11.002      7.3198      9.4221      8.3611      11.976      6.4736      5.8787      11.092      10.034      14.639      10.959      11.164      11.657       13.82      16.477      14.292      7.5755      7.8998      12.615      8.3356      8.7135      11.133
      7.7599       10.91      14.965      15.162]"
3,transformed_0.05,ClassOrderSampler,0.00011780170956626494,"[     14.871      9.8418      8.7782      9.8259       9.133      9.5419      11.271        8.26      12.473      13.989      11.912      6.2883      10.168      12.032      12.741      8.9852      11.551      10.439      12.822      15.759       11.69      11.616      15.943      11.434      11.816      11.966
      12.909      10.212      13.365      10.156]"
3,transformed_0.05,ClassOrderSampler,0.9122465384888181,"[     11.101      10.842   0.0064973      3.7748      1.0683      2.6566     0.36367      0.4553       1.549      7.2295      2.5299     0.85802    0.018802       4.025      4.9558      1.1517    0.038682      0.0323      2.3608     0.50574      3.0938     0.22504      2.0029      4.7714      0.2178     0.41641
     0.12915      7.5382       1.225      1.1019]"
3,transformed_0.05,ClassOrderSampler,0.44263768130698256,"[     1.5941      6.2489      7.3197    0.041263      3.4523      1.3271       5.272     0.21021      0.4057      3.2819      5.6122      2.1502      2.2938    0.003453      1.4729     0.49115      6.4282      3.0316      5.5153       17.36      16.941       12.77      16.319      16.936      10.662       4.963
      15.059      16.343      13.162      16.567]"
3,transformed_0.05,ClassOrderSampler,0.30481497924806256,"[     11.999      11.608      12.803      18.363      12.614      12.553       13.83      13.316      12.948      13.224      13.283       12.21      19.949      19.916      12.829      12.832      14.702      13.315      13.399      15.493      11.861       18.61      20.291      19.229      12.509      10.537
      14.609      15.677      10.592      18.614]"
3,transformed_0.05,ClassOrderSampler,0.18882718196899737,"[      10.91      13.253      12.283      11.526      25.098      20.834      15.122      17.464      16.705      15.832      9.4541       6.434      9.2036      10.639      4.4379         3.9      8.7026      12.608       11.16      2.8728      8.7124      8.9459      8.6614        9.72      8.8455      11.677
      8.3985      8.9082      11.049      8.6448]"
3,transformed_0.05,ClassOrderSampler,0.11093714254392016,"[     7.6299      5.5579       8.272      11.127      7.8118       8.357      13.803      7.8368      8.3512      9.2897      8.7648      10.074   0.0058541      9.3484       7.795      6.4073      5.3965       8.351      9.1421     0.35299      9.1739      2.6829       7.981       9.361      10.284      12.662
      9.4616      6.3007       7.686      8.9364]"
3,transformed_0.05,ClassOrderSampler,3.556293398673955e-07,"[     9.1671      8.4803      10.436      1.4584      10.471      8.4403      9.1158      1.9504      4.3803       4.366      4.4421      8.4463      1.7092      8.3165      4.5578      13.518      12.185      4.9803      5.2265      8.6766      9.3392      5.3405     0.64994      7.8872      9.3074      5.0122
      4.4439      11.114      2.2104       6.062]"
3,transformed_0.05,ClassOrderSampler,1.9546797269957705e-07,"[     8.1771      11.592      6.7764      9.2422      1.5271      4.2592      11.793      6.1501      10.494      4.2552      12.958      5.0592      10.904      2.7393       9.382      9.3426      6.0561      2.3951      10.001      3.8229      4.1912      12.051      10.632      10.321      8.9129      15.292
      13.857      5.0148      10.969      15.175]"
3,transformed_0.05,ClassOrderSampler,0.01039291915426889,"[     7.4183      8.6463      14.426      6.3909      7.5979      7.4807      13.161      9.3851      5.9175      18.284      16.074      7.9437      12.433      11.776      16.881      12.935      4.4115      13.503      11.248      8.8434      6.4999      13.838       14.95      14.897      16.217      0.1267
      13.525      1.6593      10.108      10.705]"
3,transformed_0.05,ClassOrderSampler,1.2228256200505634e-05,"[     2.2193      6.5905      12.687      6.7575      12.934     0.44819     0.73146       1.928     0.54458     0.12374      6.2757     0.14586     0.86871      2.5437     0.09668      6.3959     0.33085      4.6444    0.033348      5.6736    0.093676      2.8946      5.5696      4.6547    0.026146      9.6858
      4.3119     0.37747      1.1453      1.0929]"
3,transformed_0.05,ClassOrderSampler,0.0025302808723134613,"[    0.24569    0.016807       2.251    0.083284     0.23471     0.12293      1.2851     0.14436     0.31607       3.009     0.71363     0.32081      4.7817      3.4372      1.1278      3.4379      4.4202      1.9084      4.2367     0.95968      3.0979       12.86      14.832      15.576      11.869      14.978
        27.4      17.332      15.208      13.514]"
3,transformed_0.05,ClassOrderSampler,0.12982593486600513,"[     12.301      9.2703      15.333      7.7481      12.639      13.529      14.302       15.39      9.9912      12.841       16.94      16.424      13.325      14.587      15.031      9.1868      11.613      15.058       10.62      20.922      25.738      14.696      20.479      15.261      11.159      14.047
      13.527      23.837      18.716      15.287]"
3,transformed_0.05,ClassOrderSampler,0.020989390348541012,"[     18.768      5.5574      12.577      15.792      14.479      20.065      14.744      14.062      13.213      9.9911      7.1225      6.6928      10.808      13.285      7.7739      15.418        12.6      6.8643      10.066       10.62      9.9918      8.8832       11.76       4.803      17.837      13.057
      8.6633      8.2474      8.2627      13.444]"
3,transformed_0.05,ClassOrderSampler,0.00717676650017667,"[     8.2014      11.741      3.4953       10.02      5.3258      12.093      10.671      11.843      16.929      17.139      5.3573      15.713      16.444      14.565      10.916       14.65      17.234      13.926      4.5645       12.65      11.974      12.186       3.996      11.982      8.9307      11.349
      11.193      5.7212    0.035394     0.57459]"
3,transformed_0.05,ClassOrderSampler,0.00016099065257551903,"[   0.067937      7.1518   0.0035825     0.01317     0.45206    0.056299    0.018613     0.30886      3.7931      5.9544      1.2678  6.5801e-05    0.060053      2.9231   0.0002925  0.00028523  0.00014686       5.195     0.47488   0.0013777      5.9521      3.5846   0.0041234      1.5235      3.1215     0.73808
  6.6874e-05   0.0045124   0.0045651      1.8465]"
4,transformed_0.05,ClusterSampler,0.3938078847191338,"[     7.3002      16.539      14.463      8.9647      12.104      7.9832      9.2799      8.7716      12.375      9.3662      6.7673      8.0743      21.305      18.141      13.595      13.989      11.744      12.321      13.127      16.613      12.246      19.856      10.427       16.33      6.7974       8.091
      1.3713      13.392      11.511      5.1531]"
4,transformed_0.05,ClusterSampler,0.11820319410713849,"[     11.605      11.332      15.629      12.143      7.6081      14.801      10.962      2.5034      9.9446      6.7804      7.3705      5.2506      14.887      14.514      10.538      6.2227     0.13131      5.9935      4.7841      15.938      6.5376      18.708      9.5571      9.0993      13.468      3.8452
      7.5788      5.9036      14.609       11.88]"
4,transformed_0.05,ClusterSampler,0.00018749263806518263,"[     5.9926      2.2908      6.5839      8.4683       9.356       5.119      13.228       17.11      13.387       13.12      5.1453      11.832      14.129      3.8729      12.566      14.951      7.9602      3.5454      9.0902      15.252       9.761      11.002      9.0604      2.6906      8.5974      11.462
      4.0532      4.7702      4.0558      7.0184]"
4,transformed_0.05,ClusterSampler,4.283905971287411e-07,"[     8.4663      4.3819      8.8511      10.722      3.9673      10.215      13.977      3.7013      9.0381      10.493       6.318      10.203      6.0068      7.2555      6.9142      8.1314       6.607      9.5565      2.7609      3.3186      5.3244      6.8944      11.737      7.9438      6.6237      4.8646
      2.6448      7.3149      4.7133      1.9792]"
4,transformed_0.05,ClusterSampler,0.5084197337010843,"[     4.8028      11.564      12.014      10.632      1.5592      13.063      15.589      2.1679     0.22323      2.8489       12.55     0.42469       4.854      2.5951      1.5501     0.45121      3.6279      10.411      5.7579      5.4599      2.0153      2.8337      1.7218      7.9759      8.3203    0.036297
      18.586      5.9035      7.1073      7.9556]"
4,transformed_0.05,ClusterSampler,0.6826806283726559,"[     9.9583      10.183      9.1827      7.6721       7.312      2.1045      5.3961      2.6758      12.671      30.559      4.8323       7.489      4.0904      16.295      3.7788      9.8636      2.1114      7.8273      11.381      3.5087      6.1946      11.423      9.6945      1.5744      8.3192      4.9937
      5.7988      4.2012      6.0135      9.7016]"
4,transformed_0.05,ClusterSampler,8.514511923983439e-06,"[     7.8799      9.2311      5.2244      9.2903      5.9708      8.5419      3.6112      7.3117      4.8492      3.3778      3.6248       7.786      11.853      8.1532      12.314      15.332       9.009      13.833      12.873       13.64       4.087      16.074     0.51962     0.28456      6.8645      5.1266
     0.66083      7.6913      4.2346       9.603]"
4,transformed_0.05,ClusterSampler,0.05280830659285274,"[     4.1281      4.1279      9.9181      15.773      14.315      12.517       7.675      16.223      17.475     0.30752      17.749      8.9275      10.265      18.527      15.541      13.887       12.07      12.691      8.8651      17.267      8.6883      11.793      5.2536      11.966       12.41      13.311
      9.6426      13.742      2.3119      17.214]"
4,transformed_0.05,ClusterSampler,0.3531017636819863,"[     16.783      15.442      9.0157      7.6265      6.8222      12.459      13.473      17.706      13.908      15.448       10.61      12.471       7.143      9.9919      5.9682      19.851       10.32      11.411      9.6451       13.06      12.059      10.747      9.5906      11.076      14.899      17.067
      1.7209      4.5203      5.3862      2.1777]"
4,transformed_0.05,ClusterSampler,0.011949805729156633,"[     13.343      7.5577      9.9251      7.8626     0.99773      7.6816      2.1835       9.618      6.8291      13.095      8.8095      4.9672      3.8535      2.2929      11.844      8.0061      7.8421      8.1966      9.9007      14.619      8.6107       11.81      3.9506      10.446      12.887      13.074
      5.9792      2.0085      12.928      12.454]"
4,transformed_0.05,ClusterSampler,0.00027454530353293106,"[     9.5957     0.40788      8.4241      3.8743      8.7837      11.886      8.6604       4.315      12.574      6.3739      9.3074      10.283      12.728      13.571      7.0503      3.9951      10.127      10.981      9.6813      14.853      8.0694      11.274      3.6543     0.55481      10.515      9.5852
     0.15703      3.8787     0.53347      10.255]"
4,transformed_0.05,ClusterSampler,1.2997278882466048e-05,"[     13.218      13.923      7.6776       5.704      9.7157      4.1076      4.1031      4.0205      16.167      11.463      3.5165      10.544     0.13519      3.3375      10.513      7.0015      5.6212      9.0532      9.9178       2.697      11.437      6.2961      9.3277      8.8559      9.3095      12.312
      7.5376      5.7111      7.0149      9.8812]"
4,transformed_0.05,ClusterSampler,1.533969519595246e-07,"[     12.445      6.6968      17.605      12.164      7.5186      13.592      11.938      10.041      15.238      7.1911      4.0813      3.6254      11.011      10.476      1.5841     0.56346      9.3851      5.9346      8.7355      11.821      12.253      10.124      9.6435      3.1107      10.601      3.4979
      12.149      4.5242      9.9199      4.8612]"
4,transformed_0.05,ClusterSampler,8.28598731727426e-06,"[     9.2135      4.9342      9.4488      10.259      16.197       6.585      7.1324      9.3404      8.4555      8.9116       9.937      5.2153      3.5802      7.6938      2.0308      4.3308      4.7553      9.2478      3.7585       13.44      8.6935      4.7427      8.7976      2.0883      1.7872      13.765
      11.413      8.4864      7.8716      9.7113]"
4,transformed_0.05,ClusterSampler,8.186646970315185e-10,"[     8.2309      2.7506       5.654      3.9254      3.3536      3.2439      6.1875      1.9165      2.0137       10.66      1.5455      10.133      7.2553      12.413      7.6389      9.0202      5.7595      3.3908      3.7626      11.941      7.0069      5.7996      5.5399      11.503      6.7364      5.3149
      11.087      4.2341      6.6658      7.4292]"
4,transformed_0.05,ClusterSampler,0.0005911251063995293,"[     11.188     0.13062       8.611      11.817      1.3387    0.057267      7.7348      9.7612      10.372      6.6801      3.6503       7.176      12.113      3.7979      15.614      6.4603      3.4021      3.1329      10.838      4.2918      5.5904      6.5359      12.391      6.4802      1.7375      3.1446
      8.6351      8.0733      9.3047      5.7896]"
4,transformed_0.05,ClusterSampler,0.01698829181364379,"[     14.389      7.6288      10.745       6.552      8.1752      13.752      11.456       4.343      2.4636      13.829      5.9414      15.477       9.125      13.218      12.382       10.58      1.0635      6.6429      3.2966      6.7653      3.6736      12.996      8.8926     0.12242      10.585      7.9521
      2.9839      4.8013      21.045      9.3116]"
4,transformed_0.05,ClusterSampler,0.0012219309920570537,"[     11.093      10.224      3.5125      13.793      11.806      7.5641      19.632      2.7523      11.727     0.87696     0.58791      16.417      0.3122      8.6443      3.2553      9.7927   0.0094542      5.3883      7.9323     0.13483      1.3174      12.573      4.7306      1.3379      3.5485      7.4165
      6.8922      9.6139      5.4282      14.383]"
4,transformed_0.05,ClusterSampler,0.003747500767521822,"[     9.7348      12.626      4.2191      6.4491      5.3368      10.336     0.44422      12.487      5.9428      4.0519      7.1778      16.693      8.6249      4.8221      10.405      6.1502      16.646      11.629      15.987      13.098      8.2306      6.8363      7.1483      7.9543      7.3628      14.203
      13.472      7.0577       3.138      7.6425]"
4,transformed_0.05,ClusterSampler,1.1805829886137413e-10,"[     9.6255      11.393      1.4559      15.072     0.16741      3.7948      9.7483    0.093195      3.5096     0.66439      6.1105      10.978      3.9126  6.6278e-05       3.256      2.3865      1.2303       2.004      2.3065      6.7195      4.1603      9.2748      4.2674      5.6694      4.4705      7.3037
      8.4547      2.8673      5.9071      9.9368]"
4,transformed_0.05,ClusterSampler,0.026956039353760387,"[     11.155        9.32      6.1406     0.66334      11.814      10.205      0.6965      4.7987      10.933       6.103      3.4665       9.433      2.2419      11.126       4.456     0.99911      2.3918      14.179      4.5802      9.2535      5.1683      11.577      10.289      11.864      11.876      12.603
      7.9396      7.4127      6.2123  0.00055012]"
4,transformed_0.05,ClusterSampler,0.007087081656364503,"[     9.8122      7.0186     0.03844      5.1497      1.1336      15.041      4.0457      14.091     0.20315      7.7546      6.0373      5.1934    0.027709  0.00064817      9.1605       7.537      4.3099    0.079285   0.0042109    0.060428      7.6758      2.4091      6.4258      6.5722      8.3378     0.21392
     0.16008      5.9667      0.4874      1.0575]"
4,transformed_0.05,ClusterSampler,1.0943413063837107e-05,"[     2.2433      0.1012   0.0044169    0.023106      5.2276       5.548      16.222      10.662      10.103       9.226      18.133      15.658      10.694      10.179       9.826      8.0216      4.2838      5.1091      12.609       12.95      10.555      10.642      17.047      17.652      11.514       11.95
      23.779      9.3528      9.9427    0.034834]"
4,transformed_0.05,ClusterSampler,0.3963523822552702,"[     8.7693      8.7411      3.0714      22.826      2.2472      16.454      18.093      21.271      11.628      3.3298       10.23      6.0782      14.957      9.6142      6.4035      9.1954      4.7551       4.669      9.9414      6.0046      13.737      9.4742      7.3078      12.061      5.2915      10.559
      12.677          13      14.016       1.465]"
4,transformed_0.05,ClusterSampler,0.00012393618035904153,"[     14.175      5.7463      7.3572      2.7814      6.6933      6.0412      8.8681      14.982      12.986      6.0335     0.69442      4.5698      10.053      5.6904      12.314      8.0978      5.1454      5.9035      10.614      2.2795       9.042      7.8364      2.1974      8.8864          11      7.5269
      5.8161      8.6849      12.079      1.7317]"
4,transformed_0.05,ClusterSampler,3.405875933199765e-06,"[     3.4635      3.3832      12.329      10.192      10.579      8.1053      11.893      1.4131      4.4811       10.11     0.18525      11.039      8.7264       8.066      8.6224      6.8201       7.338      13.574       12.93      13.856      5.3352      11.718     0.27505      5.4545      3.5838      10.162
      3.3542      3.6203      20.814       11.76]"
4,transformed_0.05,ClusterSampler,0.4541072011456092,"[     16.949      13.765      5.1892      12.474       12.88      8.8191      10.951      8.6276      6.9683       10.22      11.916      13.268      16.619      14.625      20.075      22.363      11.182      12.284      4.5953      4.6217      6.9386      17.295      7.8615      10.286      10.523      9.7781
  6.9141e-06      9.2867      4.4231      5.7707]"
4,transformed_0.05,ClusterSampler,0.02895877422766112,"[     12.257      8.8305      3.9999   0.0014684      8.3197     0.96046    0.013344      10.873      8.9144       11.58      9.8983      6.8908      8.2023  0.00010275     0.01777      12.741      7.7882      10.498      7.4969      9.0711   0.0064219       3.657      3.9122    0.039115    0.041089    0.071755
    0.025344   0.0057976      3.6669      8.6382]"
4,transformed_0.05,ClusterSampler,0.0006264998794460319,"[     0.2986      11.069     0.15408      12.913      6.2908      1.7375      7.7658      10.523      10.886      5.9747      7.7474      5.3394      11.628      9.8899      7.2919      13.519      12.284      4.9777      5.1442      1.0841      6.3415      10.078      9.4725     0.50934      5.2027      11.342
       3.402      13.637       8.214      14.458]"
4,transformed_0.05,ClusterSampler,0.09030868353167977,"[      5.351     0.01137       7.663      19.338      3.5834      11.655     0.12101     0.98332      2.9468      9.9453    0.013841    0.038057      6.0787      5.0394      13.613      9.6279    0.039508      3.9476      3.3406    0.051763      5.3964     0.11681      14.446      15.242      17.113      8.5443
    0.073842      10.421      2.1307     0.45993]"
4,transformed_0.05,ClusterSampler,3.960887906819036e-05,"[     11.338      4.3998      3.3875    0.051597    0.055895      3.3737      3.2765      7.0635      8.4195      13.065      3.1812      11.152       6.846      7.2281      6.8617       10.29      11.161      12.241       13.99      3.5666      12.529      14.031      10.484      13.642      6.2655      19.147
      8.7995      7.4083      7.2782      13.691]"
4,transformed_0.05,ClusterSampler,9.2724816487804e-06,"[     11.625      14.984      7.4387      2.5001      8.1148      8.8131      12.415      13.576      1.0072      13.657      1.0537      3.7984      5.3208      2.3573      6.7825      5.7485      13.034      3.4971      6.1434      9.5399      6.6313      10.646      12.455      11.109      7.4515      8.4245
      10.725      9.6907      6.7687      11.433]"
4,transformed_0.05,ClusterSampler,0.3777852321005937,"[     9.9849      8.5713      8.3653      18.188      7.1722      7.6222       10.62      13.105      0.3402      9.5554      4.3929      3.4677      12.982      1.0256      7.0042      13.979      0.1871      12.858      12.847      1.9045      2.5324     0.38504      7.8007      4.7663      5.8963      4.3752
      10.288      12.832    0.055973     0.40105]"
4,transformed_0.05,ClusterSampler,0.021083905276805356,"[     1.0521      3.0085      5.1515      6.2131     0.58552    0.033246     0.73889      3.1437      11.881      1.5837      2.4515      1.9483      10.019       12.61      7.0298      2.7177      5.3978    0.070028      6.9201      9.9138     0.22327      6.9832  3.6954e-05      5.9924    0.005102      12.112
      10.381      5.2154      4.1769       12.82]"
4,transformed_0.05,ClusterSampler,0.10859810110683203,"[    0.26974      12.286      3.3066      8.0893      0.2307      9.9525      6.7073      9.4668     0.14595      4.3042      8.7756       15.98      12.555      11.684      11.514      3.8788      5.4817      8.0601      8.5364      12.883      9.1377      12.315      5.1944      6.3768       3.079      12.525
      9.1869      8.6267     0.82305      11.063]"
4,transformed_0.05,ClusterSampler,0.005018427910338276,"[     7.2526      13.378      6.1188      15.163      14.119      12.198      6.4129      7.9433      8.4065      11.749       7.758      8.6694        11.6      4.2137      8.9947      18.574      7.5004      10.509      5.7989      9.8142      13.004      17.255      6.1336      8.6574      4.4789      6.9172
      8.0035      12.617      7.5454        16.7]"
4,transformed_0.05,ClusterSampler,0.5515113896894623,"[       8.17       12.39       8.646      5.8354       14.96      12.576      19.447      11.152      15.046      8.2732       14.67      8.4683      11.804       14.93      12.876       18.23       6.148    0.039873    0.022563      6.0292      6.2418      4.5623      5.8922      9.5708     0.35515     0.79999
    0.026121      3.8998     0.87255      9.2599]"
4,transformed_0.05,ClusterSampler,0.14259851497595,"[     5.5964      3.9491      4.9358      10.532      7.4385      6.1225      15.446      13.573      10.214      6.8969      6.4686      5.8232      7.1224      7.3171      6.2135      9.1979      10.708      10.221      3.9517      8.4274      11.705      4.2824      5.7398      10.622      15.627      7.5122
      12.206      10.957      10.195      14.692]"
4,transformed_0.05,ClusterSampler,0.001232649147875252,"[     1.4113      10.764      9.8315      11.518      14.305      1.9149      5.1671      2.5478      3.9049      4.8769      4.8445      6.6594       1.255      9.6665      7.1452      5.3619      7.9115      7.4729      15.479      13.083      3.2472       7.334      14.721      11.978      11.992      4.4847
      10.209      1.7433      11.696      1.8626]"
4,transformed_0.05,ClusterSampler,0.12368972006193892,"[     5.9232      8.3223      5.5721      8.4703      7.0464        6.18      8.9074      8.3609       5.033     0.55777      11.298      13.549      3.3992   0.0079931      8.7528      7.8973      9.9316      1.4218      5.6226     0.34895      3.5153      5.1444    0.030532      5.2258      8.4678      18.461
      3.9063    0.088666    0.097094      15.399]"
4,transformed_0.05,ClusterSampler,0.6499493063628935,"[     7.9261     0.15971      5.0226      10.699      2.4705     0.05947      0.7667      1.9416     0.55396      3.2132     0.81865      2.5876      1.2466    0.060966      1.2634      2.1026     0.67479    0.070119      8.5866       2.732      8.3982      5.2053      15.068      13.628      13.369      5.6944
      11.422      8.5783      8.6736      9.2046]"
4,transformed_0.05,ClusterSampler,0.027310860784119657,"[     10.531      11.953      1.7715      3.3445      16.232      3.4978      9.9382      5.8154      14.052      9.8891      11.697      6.0342      7.0424      11.994      2.7862       9.477      6.4809      7.0799      8.6919      14.811      1.4745      10.641      10.838      13.936       7.143      14.076
      8.1686       12.61       14.87      15.514]"
4,transformed_0.05,ClusterSampler,0.17622771473537996,"[     10.883      7.1947      3.3344      7.1302      7.3167      6.7335     0.36101      10.937       6.745      13.557      11.932      8.2272      5.2923      10.527     0.44518      10.259      8.5173      10.582      14.063      9.1015       11.45       8.926      15.688      2.9853      14.885      1.1747
      9.7034      11.434       11.84      10.558]"
4,transformed_0.05,ClusterSampler,0.00025489338784666707,"[     16.918      7.0151       10.35      8.0013      1.0694        13.2      8.7507      10.136       10.63      14.662      9.7551      9.9069      8.6879      9.9822      10.009      7.2122      12.816      8.6831      6.3305      7.9195      4.0804      10.981      5.7076      8.0678      7.2324      8.7282
      7.9168      7.1619      9.7833      8.9641]"
4,transformed_0.05,ClusterSampler,0.29927446589505596,"[     6.8889      3.2116      2.7681      10.834      9.6567      7.2006      10.554      10.226      6.9517      7.2684      26.093      4.3722      6.6095   0.0010778      2.9978      12.181      15.632      10.489      1.8688     0.26057   0.0012504     0.38552      2.7866      16.804     0.93087      8.4738
   0.0090449      3.5008      4.6801      5.3609]"
4,transformed_0.05,ClusterSampler,9.96969954071111e-05,"[     8.6597   0.0096311    0.094848      9.1763      10.108      13.835      6.6344      5.6227      7.9795      8.6721      8.1256      12.274           2      8.3828      7.0715      6.4956      8.1845      6.0473      10.597      1.6634      9.4396      4.9732      11.111      2.6665      6.3462      9.6275
      13.454      2.8568      7.1396      7.6769]"
4,transformed_0.05,ClusterSampler,0.0013881317892843691,"[     12.984      17.464      6.2497      12.948      11.127      9.4932      14.826      9.1257      3.7229      7.8885      4.3262       14.94      1.4869      5.5556      5.4753      7.2065      6.4879       10.84      9.8048      11.372      11.992      8.2152      9.2153      4.9607      11.456      7.3113
      7.2133      9.1937      13.736      21.575]"
4,transformed_0.05,ClusterSampler,0.02827715066302784,"[     18.483      19.405      13.186      15.774      9.2943       16.27       4.591       9.282      9.8361      9.2155      12.037      22.753      16.358      16.228      20.983      12.512      15.039   0.0016196      13.325      9.7946      9.0647      11.605      12.265      16.117      9.6471      3.4323
      10.822       8.198      14.818      9.6161]"
4,transformed_0.05,ClusterSampler,0.5113335692340317,"[     14.124      6.5233      8.1663       6.153      13.131      9.1797      16.692      11.323       11.89        11.9      13.817      11.356      8.9812      3.6513      9.1682      13.577      11.356      6.2872      3.9992      4.9653      4.1541      1.1551      7.4234      14.567      7.0312     0.35198
      5.8647      3.4372      4.1274      2.1807]"
4,transformed_0.05,ClusterSampler,0.32275200306011737,"[     8.5443     0.11033      12.498      7.2356      13.079      7.1379       9.345      4.9672      8.3367      3.6388      16.512      2.4358    0.069806      6.0969       10.34      1.0613      9.8452      5.2404     0.61499      9.1289    0.066851      10.532      11.964      9.2932      5.1616     0.92318
        8.76      19.976      6.6937      4.3523]"
4,transformed_0.05,ClusterSampler,0.6931246627700535,"[     2.1325      10.592      15.411      8.1156      12.586      13.972      1.6636      13.243      11.269      4.7696    0.060889      2.8191      6.7371      3.0697      3.0245    0.070454      2.8752      8.7307      8.2477      5.1931      12.004       4.333      11.906      12.592    0.013943       7.663
      5.1644      8.7199     0.43971      4.7253]"
4,transformed_0.05,ClusterSampler,0.0856037980946592,"[     1.5785    0.042865      0.9692      4.6883      2.2323    0.019174      5.1967      11.081      7.9149       6.041      4.0414      5.4249      11.566      3.9825      14.978      14.176      11.672     0.16968      3.5362      13.011    0.021936      14.964      7.1492      7.7825      6.7322      5.8702
      8.7456      1.4914       12.36       14.12]"
4,transformed_0.05,ClusterSampler,0.02264802166080462,"[     5.6336      5.9265      4.7291      1.2907      3.7648      5.5613     0.55909      8.4469      2.4369      8.6272      1.1429      12.274      8.5278      18.844      6.4491       9.368      12.441       5.441      2.8524      12.638      6.7339      3.9335       13.92      0.9608      13.259      8.6174
      14.223      5.1141      7.0324      7.0037]"
4,transformed_0.05,ClusterSampler,3.161747381616981e-10,"[     9.6815      7.9522       4.897       7.099      3.3291      5.9443      4.5639      5.7221      9.0597      13.921      5.2909      3.8244     0.55721      4.7951      6.0353      5.4756     0.56865     0.89865      8.8747      14.288      10.995      8.3641      5.8199      4.2301      6.1385      11.694
      17.779      9.8243      2.7524      6.5621]"
4,transformed_0.05,ClusterSampler,1.3335340461564262e-10,"[     9.6202      6.0273      8.9566       10.82      11.722      2.8838      5.7268      5.4704      6.6747      12.849      3.2009      5.1543      2.5817      10.017      4.5521       11.91      2.8424      3.3617       2.884      5.9234      9.2226      1.1183      5.7857       7.657      3.3837      5.5877
      4.6509      2.9653      4.3023      10.414]"
4,transformed_0.05,ClusterSampler,8.25113677837982e-05,"[     10.539      10.096       5.634      5.0983      10.876      2.1363      9.0909     0.31696      9.6031      10.372      3.3279      4.3267      7.1392       12.07      3.7623      6.8311      10.163       3.692      3.3321      9.7251      8.4873      7.9399      12.931      5.0903      11.789      11.107
      8.0476      9.2661      10.537      4.6741]"
4,transformed_0.05,ClusterSampler,0.053764278618483013,"[   0.034011      12.353      9.4613      8.5494      12.569      2.8405      7.1858      9.7102      6.3748       6.561      6.4183       8.799      4.1777      12.185      10.478    0.022716      10.736      8.6655      9.4257      8.7577      10.299       11.36      2.4955    0.051251      7.1987      11.379
      10.547      6.8007      8.6182      8.9543]"
4,transformed_0.05,ClusterSampler,0.07367412890128941,"[      9.267       10.31      6.0889    0.037154      6.7997      10.871      9.6584      11.437      7.6692      7.3603      10.684      11.791      11.565      7.6827      7.7184      11.204      12.229      11.816     0.17939     0.78834      10.471       4.342   0.0049382      3.6831      7.6196     0.23194
      3.9547     0.01296   0.0082798      3.5466]"
4,transformed_0.05,ClusterSampler,0.010987026595300136,"[ 2.7299e-05    0.020268  0.00040749      3.8168      4.7704      4.7587      15.766   0.0016016      16.337      2.6702      10.915      11.547      16.475      14.079       8.343       10.71      6.0602      7.8638      9.3686      14.479      15.218      16.085      4.7745      13.885      15.049      10.254
      4.5378      16.504      13.803      6.9021]"
4,transformed_0.05,ClusterSampler,0.15455148176211955,"[   0.015108      18.718      13.588      7.7318       9.874      12.982      5.8044      14.125      4.0639      9.3385      15.006      9.4906     0.50705      9.8275      4.5231      1.1726      6.8711      12.809     0.69942      1.3923      6.3825      1.2858      6.3359    0.010598      4.6615        6.31
      10.655      6.5031      14.778      5.9013]"
4,transformed_0.05,ClusterSampler,0.9426402977266676,"[     9.1327      6.1096      1.8753      7.3602      15.065     0.94704    0.024607      2.3945      4.0955      6.4204      6.8399      19.693  0.00029834      15.729  0.00018249      1.6712      6.0701   0.0001484  7.1761e-05        8.24      14.892   0.0089254       9.071      5.9402     0.52954    0.011869
      7.6111     0.34212      1.7776     0.15005]"
4,transformed_0.05,ClusterSampler,0.4201794932223442,"[    0.34246      2.3936      0.4187    0.092294      1.1152      2.2838      9.1277       1.046      2.1715     0.25794    0.045892      3.8039      2.8933     0.38541      6.9781      4.1499      1.9411     0.11441      2.7857    0.041905     0.57961      3.0126     0.48658      5.6762    0.040383     0.81871
      3.1092      8.6956      7.7301      8.0587]"
4,transformed_0.05,ClusterSampler,0.18465163397483308,"[     6.6682      17.421      12.086      10.657      8.5251       4.699      8.5582       12.94      5.0929      11.595      4.1354       7.017      20.045      4.4405      9.4274      5.1349      6.7553     0.94904      7.2001    0.031892      12.462      8.0444      11.399      13.709      6.9292      14.559
      9.5779      5.4154      12.993      1.9286]"
4,transformed_0.05,ClusterSampler,0.1992746987874728,"[     19.175      11.422      12.997      11.696      12.501      6.1327      0.3181      12.742      13.906      4.0574      4.2635       22.03      8.4944      15.298      19.107      9.9862      13.063      21.673      10.495      4.1268      18.283      7.6802      11.015      7.7462      2.4044      8.9202
      10.627      3.8288  0.00034446      9.7662]"
4,transformed_0.05,ClusterSampler,0.004927948251613229,"[     8.8654      12.064      5.1922      7.1295      2.3666      8.4006      15.382      13.433       7.083      10.369      5.7185      13.954      4.6677      12.218      8.9441     0.87296      7.4064      10.149      2.5145      9.8861      8.1593      10.048      15.671       5.367      6.0544      3.6706
      17.248      9.0542      11.591      6.8684]"
4,transformed_0.05,ClusterSampler,0.10422858635598424,"[     5.9511      9.2903      10.159      8.2948     0.40248      12.358      1.4833      14.066      6.3401      10.668      2.6796  0.00086651    0.065153     0.06856   0.0046968  4.1723e-06      1.6053      12.219     0.34185      10.513      9.9553  0.00019596    0.033506  3.3616e-05      10.812    0.076777
      8.7575      7.1824      12.881      11.147]"
4,transformed_0.05,ClusterSampler,7.546063880090131e-06,"[     9.1757      7.1931      11.894      8.0574      1.1861      4.2443      8.3534      10.263      8.3984      15.348      11.816      12.331      10.025       9.091      8.3516      12.293      7.1025      10.246      11.064      3.4434      12.133      5.5444       7.785      10.067      5.9006      7.0774
      12.758      9.3738      9.8018        5.79]"
4,transformed_0.05,ClusterSampler,4.831174379328503e-06,"[     9.0717      17.054      13.812      3.8939      17.693      5.4884      3.7489      10.185      5.8215      13.127      7.8697       9.216      6.0851      6.2036      23.604      9.2515      10.918       20.69     0.14237      1.4835      17.273      10.353      15.203      10.748      12.228      8.5815
      6.8529      19.622      1.2344      8.0005]"
4,transformed_0.05,ClusterSampler,0.0016865273941936026,"[     12.424      7.8129       1.586       11.68      11.729      11.149      11.473      5.6092      6.9815      8.3478      4.8904     0.20197      7.9333      11.313     0.13758      8.9246      10.976       5.314      9.3543      8.9216     0.39215      13.609      7.6482      8.7916       7.324    0.041778
     0.90142      9.6054      7.1917     0.36624]"
4,transformed_0.05,ClusterSampler,0.180257178710967,"[     11.117       3.759      7.8546      1.3475      10.828      6.0677      7.4986      6.6609      11.919      5.4699      5.5423     0.32976      8.1356      9.0435      3.4825      10.522      5.7832      9.6611      2.6355      6.9022    0.028547      3.3032      9.0366      4.4992      14.293        2.23
      4.2274       1.421      12.549      10.423]"
4,transformed_0.05,ClusterSampler,0.023054826319845942,"[     9.6568      2.1885      12.478     0.19811      9.8752      10.042      9.2737      13.364      2.1737       9.103      4.9991      3.7956      7.5292      8.2552      7.9159      10.066      11.006      5.4699       1.216      8.5649      7.9716      13.572      5.3617      11.464      8.3144      10.811
      7.0119      4.5958      3.2602      4.0179]"
4,transformed_0.05,ClusterSampler,0.004826342805770589,"[     15.198      1.1041      3.5266      6.2329      9.3154      11.968      6.0563      12.549      11.369      21.041      8.6986      8.1507       6.536       5.475      14.723     0.71623      20.181      1.2488      11.973      15.866      10.639      5.0122      11.817      15.027      17.118        14.6
      15.969      11.484      8.0888      5.2063]"
4,transformed_0.05,ClusterSampler,1.8172781493985495e-06,"[     19.627      8.0735      14.746      11.558      14.496      9.1087      14.891       3.158      6.6671      15.881      10.624    0.018379      11.548    0.014919      17.808      14.505      4.0178      2.1647      12.684      17.026      11.176      19.246      17.538      4.9585      11.049    0.038899
      18.121      16.462      27.394      11.662]"
4,transformed_0.05,ClusterSampler,0.006421717079200542,"[     11.118      15.186      12.515      20.173       23.09      15.319     0.11717      11.358      5.5687      5.5441      13.404      5.2435      9.4537      2.3113      14.511      8.9001      6.1804      1.8348      7.5449      1.2105      12.759      7.5488      12.045      6.1498       6.385      13.475
      10.341      11.432      11.309     0.34419]"
4,transformed_0.05,ClusterSampler,2.4941147825803228e-05,"[     2.5221      12.701      7.7689       2.342      9.9032      13.907      6.5489      11.054      16.357      16.237      12.095      7.9356      11.667      7.0822       4.115      9.9688      7.6877      7.1941      2.5282      15.393      16.718      2.9246      8.0135      3.7142      8.5106      2.4794
      3.0301      14.638      2.5947      3.8233]"
4,transformed_0.05,ClusterSampler,0.0017748822519542047,"[     8.6667    0.081326      0.1252      7.6033      9.2345      10.875      8.9808      1.9474      2.9804       12.01      14.812    0.073248      11.933      6.4886      9.9608       10.07      4.9603      5.0323      5.5829     0.18815      3.3799      6.5037      8.2307      7.1374     0.25159      10.897
      9.8204      9.6192      17.231      12.723]"
4,transformed_0.05,ClusterSampler,0.056497614703441196,"[      11.53      6.1819      1.8017      11.055      5.9738      4.3724       2.113    0.088192      12.593      17.283       6.852      16.349      6.5139      10.403      8.0179     0.14675      2.4862     0.81065       4.462      4.5993      6.6951      10.887      3.6274      15.109      11.645      11.417
      7.7656      4.0817      7.7513      4.8125]"
4,transformed_0.05,ClusterSampler,0.12390383404943175,"[     9.5954      16.475      8.3003      4.5252      8.5656      7.2716      8.2122      10.387      11.252      9.3845      21.427      15.154      6.9089       10.55      7.1528      13.701      13.851      14.203      12.206       9.856     0.29032      10.317      6.5258    0.046536      6.7251     0.18972
      6.1922      6.6336      2.6182   0.0019714]"
4,transformed_0.05,ClusterSampler,0.5515113896894623,"[   0.052222       6.121      1.5737     0.87696      1.5214      1.5602       3.154       11.72      3.0771      1.0396      3.6738      7.4587     0.11455   0.0074941      2.1575      6.0884      4.0959       3.583      9.7621      11.535      2.0361      13.939     0.84248      16.056      6.9525   0.0076189
      6.9009      14.188  8.8092e-05      17.134]"
4,transformed_0.05,ClusterSampler,0.00020156861348408632,"[     1.0821      16.034      17.776       9.408      20.322       10.83      4.3434      14.835      8.6996       22.35      4.9754      10.279      17.252      18.539      12.367      17.896      14.621      4.0831      21.835      24.083      10.215      13.566      20.495      7.8805      8.0069      2.9465
      9.0993        10.8       9.268           4]"
4,transformed_0.05,ClusterSampler,0.045951392325508995,"[     6.5394      7.1417      7.7757      7.6227      7.2363      8.5586      13.891     0.17493      10.614      1.2662      8.7186      9.3819      6.5454      7.7945      6.4713      14.338      2.9624      5.9533      7.9591      12.698       10.61      3.7302      9.3882      11.278      8.5206      9.0078
      6.6493      8.6709      12.419      3.0974]"
4,transformed_0.05,ClusterSampler,8.58089161793043e-06,"[     14.599      7.0364      10.457      8.0481      1.7504      3.0287      10.695      7.2744      5.9535      5.4503      5.7282      9.8706      8.6904      8.0167      9.6781      10.248       9.191      6.7827      9.9564      10.515      7.1256      11.288      10.951      7.3949      8.1983      12.204
      9.4739       14.57      11.435      13.569]"
4,transformed_0.05,ClusterSampler,0.0014788548648015831,"[     6.1666        12.1       10.21       10.69       8.414      11.476      6.7036       10.44      8.5217      3.7246      14.263      9.1618      13.955      16.728      5.7855      4.6291      10.358       5.611      8.0082      3.6181      12.409      2.9647      5.6282      2.4254      9.7941      10.173
      13.387      7.0454      9.6144     0.13694]"
4,transformed_0.05,ClusterSampler,0.6406815857270463,"[     4.8402      6.8552      5.1837      5.3985      6.1626      6.1653      4.8379      13.518      8.4916      12.166      10.706      5.2223      3.3882      11.776      11.794      3.8301      8.0408       2.043      6.1951      2.4401      2.0802      4.4673     0.19576      8.4986     0.47995      11.418
      1.8105      4.6247    0.034476      1.6371]"
4,transformed_0.05,ClusterSampler,0.004763812178608031,"[     3.4944      17.139      10.959      6.3984      5.7255       9.079     0.19227      11.394       3.655      7.9155      10.937      3.6488      6.1294      9.9955     0.97785      14.404      10.544      5.9395      14.584      4.5462      8.9959      15.344      8.8155      10.928      5.8621      4.3507
      8.5276      15.044      12.538      3.3815]"
4,transformed_0.05,ClusterSampler,0.018745171524391854,"[     6.8457      11.867      7.2836      12.063     0.70181      8.7924      12.238      9.7926      5.7036      16.638      12.554      10.244      14.061      10.749      14.939      11.559      11.415     0.22988      21.709      9.6249      9.6651      9.0645      6.4726      3.7245      16.188      13.166
      15.749      16.194      9.1394      2.5619]"
4,transformed_0.05,ClusterSampler,0.07119224625778367,"[     6.1952      4.7623      11.118      8.2843        15.9       3.876      13.738      26.766      6.9006      11.594      10.349      11.221      11.941      10.061      3.4838        6.43      9.0533      8.2495      7.9788      8.1262      14.928      17.068      2.6961      14.197      10.695      2.7653
      11.789      5.5897      1.2288       4.122]"
4,transformed_0.05,ClusterSampler,0.00023427038855450706,"[     6.3197      11.395      1.1818      7.8452      8.4626      9.8723      4.4288      9.3355       12.21      2.6359      6.3376     0.12645      7.6437      5.6838      6.9594      4.6298      3.2655      5.3266      2.6544      15.576       8.053      14.389      1.2931      0.6974      7.6156      8.9235
      4.5147      15.279      4.2819       7.805]"
4,transformed_0.05,ClusterSampler,0.5218555198096729,"[     7.1682      8.0933      5.2638      8.8348      8.9942      3.9219       4.773    0.083395      9.4246      1.6856      4.9999      4.3037      8.5074      6.0183      4.1667       9.771      1.2189      1.6403      7.2682        4.46       5.013      11.355      2.7597      8.2124      11.362     0.31593
      7.8287      5.1219      11.957      2.6121]"
4,transformed_0.05,ClusterSampler,0.5557186443747166,"[     5.1198       12.45       7.597      10.862      2.3967      1.6315      8.7501      6.9677     0.72544      7.4962       7.808      9.2068      7.7302      9.7266       3.199    0.095179      11.568      9.1765      7.9854       7.225      10.318      9.2215      10.157      4.0295      18.131       4.869
      5.6691      0.4765      10.168      10.927]"
4,transformed_0.05,ClusterSampler,0.005312755401640827,"[     3.4169      7.0319      13.463       9.273      3.8481     0.16915      8.2255      7.5123      5.0065      12.815       2.451    0.010801      10.978      15.555      12.263      9.0741      10.031    0.058298      13.141      3.7155      3.4168      6.5798      17.325      11.313      5.3666    0.098561
      9.2623      12.263      13.728      12.475]"
4,transformed_0.05,ClusterSampler,0.004864215292489317,"[     15.081      23.744    0.036379      4.2097       8.372      5.5674      4.6706      13.898      6.5991      18.074      8.5082     0.32861      5.6861      16.586      18.244      7.5302      13.817      4.7422      2.0587      2.6024      9.7039      14.981      7.9643       4.067      15.494      8.7597
      7.7873    0.031095      4.2071      12.112]"
4,transformed_0.05,ClusterSampler,0.01186441509001979,"[     13.636       5.951      8.2007      14.813      14.788      7.9122      8.4315      14.537      7.5785      1.8697      16.335      14.561      1.8345      7.0931      7.1158      6.5356      6.2739      19.617      10.216          12      8.2352      12.177      9.1921      6.9976       6.822      5.4208
      7.5059      8.4643      7.4396      4.9074]"
4,transformed_0.05,ClusterSampler,0.00024358602929322663,"[     8.8243      3.8366      10.039    0.020281       4.808      4.0659     0.12446      3.8552      8.2367       1.129      1.6934      11.129      10.267      2.7418      6.6803      5.6871      5.3349       5.005       2.571      5.6088      6.7918      3.4214     0.39037      2.3758      16.089      6.7628
      4.2697       2.702      7.9998      5.2835]"
4,transformed_0.05,ClusterSampler,0.22285612379446615,"[    0.61714      11.148      4.8977      3.2356      6.2986      8.2107     0.12883      4.9357      2.0015    0.080575      4.2784      7.3744      3.5421      9.5811      4.6792      5.4806     0.58917       3.144      9.3303      14.803   0.0016415      1.2601      4.6131      0.9278      9.2437      10.537
      7.0236      7.8604  8.8569e-05      7.4775]"
4,transformed_0.05,ClusterSampler,3.0398961788810627e-06,"[     7.8903      7.0023      5.6629      11.346      1.1422      8.7886      10.871    0.037991      7.6217      4.9292      8.7938      9.3357      5.7446      11.286      10.206      9.2622      11.961      7.8846      6.1367      3.4224      2.4063       5.532      6.4862      16.468       4.192      9.3786
      14.664      10.647      6.2154       7.436]"
4,transformed_0.05,ClusterSampler,2.9635811503809693e-05,"[     3.1827      3.5688      4.6207      8.3043     0.66343      13.068      2.3346      7.0295      3.1546      6.7781       7.038      14.206      5.3468      5.2344       13.47      7.0371     0.59602      11.226      2.8635      12.696      7.8694      4.1853      8.4992      8.4636      4.1217      2.1812
       10.48     0.33478      3.5175      4.4554]"
4,transformed_0.05,ClusterSampler,0.06244355974806126,"[     1.4191      11.781      4.4658    0.028331      9.0626      6.9328      6.0428        7.31      6.6548     0.12121     0.29559      5.7371      3.0431      3.4221      9.0934      2.6316      13.432      2.8191      20.698      12.076      1.3036      5.0101      15.268      12.924      7.1812      1.9086
      14.274      9.5341      3.3716       7.218]"
4,transformed_0.05,ClusterSampler,0.29927446589505596,"[      11.41      11.305      7.3232      8.3516       15.17      10.157      19.756      4.5046      5.2812      10.056      8.6294      10.611       13.05      8.9479      9.2543      3.3234      15.143      13.033      9.9265      4.8835      5.3578      14.201      4.1788      11.785      8.3382      5.5577
      13.636      10.534       7.172      11.321]"
4,transformed_0.05,ClusterSampler,2.8571625088131404e-05,"[     9.0862      6.4717      1.5303      11.736      8.3542      4.5467      9.4121      4.0082     0.48326      4.5303       6.225      7.0168       2.758      4.9853      10.566      4.7124      3.8909      4.2842      8.4578      5.7202      2.4348    0.066302      10.611      1.9123      4.3753      7.4451
      4.2535     0.60307      3.1947      5.6028]"
4,transformed_0.05,ClusterSampler,0.0007161341584613866,"[     3.0562      3.8921       1.619      15.297      11.967      6.1679      12.452      19.955      3.0083       8.683    0.063015      4.9741      11.197      7.3275      7.6736      7.4625      11.143      13.555      14.253      7.0089      16.113      7.1079      9.5997      9.9564      6.3516      6.1822
      5.4937      4.3043      10.871     0.75265]"
4,transformed_0.05,ClusterSampler,0.18643257175208836,"[     9.1125      11.369      6.1559      1.5232     0.28176      6.8198      1.4695      15.055      2.9932      14.868      3.9936     0.21732      10.267      7.9665      7.8408      5.0781      10.164      9.4043      11.746      6.6523      14.995      4.4923     0.11091      6.5228    0.081308      3.4499
      6.7464      2.2911      9.7347       12.77]"
4,transformed_0.05,ClusterSampler,0.563534335291896,"[     12.672      8.5864      10.425      9.7647      3.0399      5.6877      9.9011      4.3557      5.6492      14.262      7.2347      8.8865      13.107      4.6223      14.913      7.9258       14.78      6.7736      17.564      11.619      8.0061      5.8289      11.498      16.657      12.386      16.392
      7.2476      14.585       3.866      16.076]"
4,transformed_0.05,ClusterSampler,0.12455080647643044,"[     15.133      13.981      8.3026        16.3      7.2887      14.101      8.8588      4.4385      12.304      11.849      7.5504      9.9565      8.7103      11.938      8.6962      10.716      12.051      16.346      3.3498      6.9195      10.219      6.1727      9.8488      11.827     0.92832      14.093
      7.4541      12.341      12.659      7.5392]"
4,transformed_0.05,ClusterSampler,0.014541680944285082,"[      15.83      8.1592       7.105      12.866      15.073      6.6484      11.046      8.8153      9.8216       11.78      5.3435      2.4684      12.235      1.1489      12.337      11.928      11.464      13.899      8.2897      9.6879      9.4026      6.0275      10.518      7.3143      10.863      12.535
       7.052      7.7254      17.833      4.0213]"
4,transformed_0.05,ClusterSampler,0.008294644202735235,"[     5.0564      9.4898      10.443      4.2019      14.635      8.0538      11.614      11.002      7.4827      11.157      10.151      8.9535      9.3534      4.2583      5.9619      15.861      9.4531      11.574      3.8421      9.9629      14.203      5.8113      14.505      5.0031     0.38355      21.009
      6.7625      14.566      13.392      3.6469]"
4,transformed_0.05,ClusterSampler,0.22525397416674772,"[     20.854      8.3239      6.7241      13.138      10.177      4.5201      6.4921      6.8406      13.538      8.5394      10.339      7.5131      4.2627      5.9679     0.23857      5.6634      16.724      10.636     0.41016      12.903      6.4589      15.406      15.974      1.9769      9.3975      11.869
     0.68374      7.6929      10.869      5.0918]"
4,transformed_0.05,ClusterSampler,0.27302640185482074,"[     4.1713      2.6903      7.9687      11.538      14.504      14.348      3.6497      8.0386     0.11482      11.447      14.264      10.779      16.058      13.998      4.2195      13.803      8.3977      10.963      5.6582      7.3714      5.4292      11.567      1.6619      6.8843      5.3627      12.061
      4.4143      5.7472      5.4447      10.942]"
4,transformed_0.05,ClusterSampler,0.004323599366476336,"[     6.9954      9.8408      14.288      14.602      4.8419      4.3524       8.564      3.7444      3.6938       1.892      9.1455      8.5645      12.554      14.003      9.7117      5.8343      9.7843      6.8831      1.4045       2.381      9.1672      6.2414      2.5908    0.021296      4.7337      8.3214
    0.080959      4.6001     0.29399    0.037253]"
4,transformed_0.05,ClusterSampler,0.040795199584288254,"[     2.9693    0.031188      8.9059      2.1943      3.3756      3.8936      4.6711      7.1645       1.963      1.7344      12.036      10.597     0.41811     0.92236      5.0362      2.7456      8.9697      13.944      10.563      13.857      1.2516      10.306      2.8243      4.8715      6.9717      18.196
      14.338      3.6978     0.08695      1.8756]"
4,transformed_0.05,ClusterSampler,0.03532012381997605,"[     1.5698      7.6429      9.0686      7.6099      15.825      5.4834      11.727      4.2871      4.6863      6.5604     0.40225      9.0722      8.9155      11.319      10.266      5.7209       11.61      18.096      12.108      7.3246      6.1132      4.6429      7.0168      13.339      12.292      6.4004
     0.49769      12.444      9.3125      10.834]"
4,transformed_0.05,ClusterSampler,0.0955747863837913,"[     1.8989      14.259      8.2929      7.2083      8.5768      9.7875      12.905      8.5841      6.6171      9.5431       10.42       13.75      8.7299      4.2556    0.046762      3.9288      12.834      14.999      10.364      11.066   0.0030963     0.14441     0.15892    0.029612     0.77745     0.35983
   0.0014026    0.059133      2.3339    0.002315]"
4,transformed_0.05,ClusterSampler,0.007433320090571815,"[     18.728   0.0043297      16.575    0.074345      7.7417      8.4145      7.7067      8.8568      0.1535      7.1335      3.2931      7.2689      10.331       2.684      8.2131      14.125      8.2922      13.264      8.9584      5.2932      3.5154      6.0977      5.9287      12.759      6.6191      8.1837
      7.8146       9.476      12.784      7.8082]"
4,transformed_0.05,ClusterSampler,0.5413661645573952,"[     5.5545      11.281      1.7437      9.1851      8.0448      9.2468      3.5916      12.735      9.8256       16.68      3.9753      11.737      9.0247      5.3541      11.051         8.6      9.2728       15.99      6.1332      4.8342      12.461      9.0886      10.342      11.311      12.352      15.245
      15.586      13.607      10.934      11.827]"
4,transformed_0.05,ClusterSampler,0.23934785820137097,"[     7.5758      11.992      13.334      15.055      6.8703      11.582      10.294      12.689      8.8255      8.2179      11.315      10.154      10.405      12.854      13.236      10.975      8.9047      15.142      2.7474      11.994    0.007402      17.092      12.392      9.9615      9.4753      17.471
      8.6537      8.0885      6.0609      3.3157]"
4,transformed_0.05,ClusterSampler,0.09333600621765638,"[     3.8997      9.1644  8.7022e-06      3.8765      5.5005     0.39712      4.5748      3.2564      12.418      10.438      13.914       10.47      7.3976      5.2025      5.2831      11.699      14.289      8.3009      15.327      10.554      11.586      12.986       11.46       12.81      11.537      15.807
      10.673      4.4343      9.7937      15.855]"
4,transformed_0.05,ClusterSampler,0.012296904559761818,"[     15.229      7.4011        9.83      9.4783      12.981    0.012319    0.004011    0.044029   0.0013858      4.5237  0.00091499   0.0038614   0.0087411      11.798    0.010741   0.0023263      3.4836      4.7321      11.121      14.599    0.016236     0.10477    0.025444      9.6359     0.54136       5.309
   0.0009431     0.18952   0.0084894    0.012675]"
4,transformed_0.05,ClusterSampler,0.09350698374629247,"[ 0.00086235  1.1444e-05      4.3436      8.2224      5.1959      12.137      9.2599      8.5185      8.5229      14.114      12.557      14.386      15.417      10.741      15.263      10.128      14.365      4.6218      12.948       13.68      11.963      13.923      7.5808      12.091      11.961      7.7747
      10.645      6.6675      8.0432      3.9127]"
4,transformed_0.05,ClusterSampler,0.016109928086747577,"[     8.0061      10.521       10.51      6.9906      6.1439      10.732      9.4717      9.2296      9.7388      15.776      11.066      10.707      8.6808      11.282      10.135      10.526     0.45104    0.098986    0.023541      4.2333   0.0066698      5.6037   0.0090124         2.2     0.18037      1.4326
      1.5245      2.3668      1.2312    0.039437]"
4,transformed_0.05,ClusterSampler,0.020614998831733716,"[    0.44007    0.061781    0.057973      5.8551      10.893      10.015     0.12467      4.7475      7.7366      1.4236      7.5352    0.055334     0.22932     0.80329      1.0159      8.1602      1.9292      2.1466      11.848     0.45683  0.00096811     0.16889      6.7207      7.8103      2.2993      12.571
      6.5378      10.828      15.064    0.013083]"
4,transformed_0.05,ClusterSampler,0.31434907163760956,"[      6.333      14.284      9.2771  0.00056334  0.00059837      10.115      3.3773      9.7037      4.3967      8.2851      15.397      5.5559      9.2413    0.011821      7.4052      12.513  0.00072548      18.462     0.10046      6.2005      13.268       10.27       8.371      8.1794      10.797      3.5693
      11.727      8.3738      12.288      12.851]"
4,transformed_0.05,ClusterSampler,0.021226379158438436,"[     7.9938      9.6694      3.2757      11.038      2.4813      11.677      11.481      5.8053      9.0721       5.589       4.588      8.4796      9.9538      8.4951      8.7287      6.6449      14.627       9.818      18.621      4.8355      6.3719       8.407      9.3589      11.013      15.831      5.4627
      8.3582      2.7467      7.1244      6.2868]"
4,transformed_0.05,ClusterSampler,0.8326543976266148,"[     2.4004      1.2064      7.1503      10.377      7.7423      1.0408      6.2073      6.4675      13.133      17.548      13.237      9.5482      11.361      9.9434     0.25018      7.5002      4.5417      8.7727      2.7858      14.772      19.077      10.235      10.925      13.371      9.2032      17.006
      10.868      16.743      8.8299      7.2236]"
4,transformed_0.05,ClusterSampler,0.2746195753935449,"[     8.2812      14.169       9.452      18.687      17.485      11.134      26.036       15.25      9.5364      14.625      10.971      3.0877      12.891      8.1362      8.6887      21.916       10.12      3.6114      1.0047      7.2007      2.1112      8.8697      11.282      6.6195      8.4721      7.9293
      4.2364      5.5182      10.232      13.842]"
4,transformed_0.05,ClusterSampler,4.4746606975328324e-05,"[      8.694      9.3895      2.3913      13.298      7.0455        8.31       11.44    0.011432      5.6429      5.3442      9.3812      1.3919      0.5724      10.922      11.792      8.8131      8.9363      2.3535      8.3038      10.685      2.3769      5.8114      7.1932      12.044        9.04      1.2123
        9.07      12.431      11.593      9.2492]"
4,transformed_0.05,ClusterSampler,0.045951392325508995,"[     3.1579      3.7487      6.3591      12.037      11.729      6.4303     0.86611      1.4361     0.89676      8.5537      10.009       4.344   0.0030614   0.0027767    0.077652     0.48594       11.13      4.0897      7.1207      6.5265      10.917      9.3132      14.414      12.749      4.7362      8.9767
     0.60124      4.1768      8.9547     0.97886]"
4,transformed_0.05,ClusterSampler,0.029336593184968538,"[     7.3904      12.255      6.2814      4.9474      9.6805      9.2874       2.677      4.2094      15.368      9.7717      11.153      4.6948      4.0016       12.21      6.5062      6.6751     0.10816      1.2919     0.20436      2.4689      8.2387      2.5069      5.1929      11.331      2.9869      6.4489
      9.4574      10.183      12.183   0.0037278]"
4,transformed_0.05,ClusterSampler,0.008502538534704434,"[     1.4211      6.3914      5.2681      7.1478      7.6373      8.0872      3.9451      4.8017      6.7383      11.704      4.1918      1.9099     0.16889      13.361      7.7971      7.5414      14.293      8.2953      10.877      12.921      1.5926      6.6822      13.121      8.4141      15.263       7.378
       16.06    0.082095      8.3588      5.6818]"
4,transformed_0.05,ClusterSampler,0.022749194468962442,"[     7.6406       8.967      7.3193       9.631       9.155      8.3891      14.182      7.2841      11.167      3.5787     0.60547      11.271      8.0022      5.7615      5.5042      16.128      15.806     0.07184      9.5357      3.0868      9.3396      15.031     0.32763      15.314      2.1142      8.1237
      18.928      0.6031      15.111      5.0915]"
4,transformed_0.05,ClusterSampler,0.17765993578751188,"[     14.594      4.9804      7.9512      7.8759      7.0002      14.317        6.74       10.29      16.218     0.57187      5.9168      14.495      12.378      14.313      7.8188      11.105      13.038      1.6816     0.14708      4.2629      7.1834      11.435     0.39649      11.874      1.0283     0.01114
      19.881      15.292      9.4101      13.612]"
4,transformed_0.05,ClusterSampler,0.03857093880835245,"[     2.9922      3.1671      11.575      14.089      7.0459      13.288      13.106      17.746       1.376      12.625      5.6367      11.925      9.6724      10.867      2.9492      9.7937      12.933      8.0084      18.025      7.6266      3.0347      1.1713      11.058      15.964      6.0432       6.129
      9.9452      8.1804      12.736     0.56629]"
4,transformed_0.05,ClusterSampler,0.0010998731806716147,"[     11.553      3.8839      9.3903       5.588      10.761      9.6555      6.0324       6.393      15.492      7.2984       10.89      16.301      5.7946      3.7811      13.701      9.0978       9.805      15.105      4.7004      7.8361      7.5832      16.118      8.8162      7.7751      15.145      14.919
      8.1593       10.68      9.7992      6.9398]"
4,transformed_0.05,ClusterSampler,0.00017666825033284725,"[     12.557      12.813      6.6517      10.672      8.0164       22.25      8.3695      6.8998        4.76      6.0182      11.874      7.7685      4.0775      12.325      12.517      12.945      11.592      1.1187      7.0882     0.06589      8.4074      3.8905      9.6217      6.9482      11.017      4.5577
      12.475      6.5877      11.365     0.88952]"
4,transformed_0.05,ClusterSampler,2.314628005382328e-10,"[     9.1991      2.4913      3.8531     0.41894      14.035     0.33391      7.8355      7.1949      13.063      8.8922      7.5719      6.9856     0.25485      7.7133      3.3303      10.981      9.7948      1.7856      12.042      14.834      7.3123     0.48173     0.61765      3.4175      6.2747      7.8384
      10.233      7.9843      7.9537      4.6651]"
4,transformed_0.05,ClusterSampler,7.081833944117901e-05,"[     2.8926      7.7279      5.6889      3.2027      2.7194     0.74885     0.25869      3.2769      9.4635      11.106      4.3428      7.8712       7.738      9.6169      6.4994      3.9689      11.637      9.0174    0.029144      3.5276       8.133      10.971      9.7535      6.4696      6.6192      10.355
      2.8343      12.614      9.4922      6.4223]"
4,transformed_0.05,ClusterSampler,0.06454047320193965,"[  0.0032854      11.824      9.2153      7.4842      6.1033      3.9194      8.4048      3.5143      1.0643      15.506      7.8515      13.118       16.79      13.769      8.0961      8.0784    0.023352      8.0366      3.3911        4.32      7.6441      9.5817      9.2055      6.4982      12.472      2.9433
     0.88301      10.455      8.5943      11.517]"
4,transformed_0.05,ClusterSampler,0.07480040028224982,"[     4.5107      6.7233      4.5413      8.2666      12.354       4.173      3.8584      6.9706        7.17      15.033      5.5563      11.649      16.612       11.34      7.2616     0.45962      4.4111      1.0133      6.8269      12.891       13.29      12.011      8.0637      9.5516      3.5615      3.7838
      4.5993   0.0027797      9.5879      4.7296]"
4,transformed_0.05,ClusterSampler,0.2762167377288603,"[     4.4243      8.0444      3.9669       11.97      7.8773      4.6019      9.4813      9.9427      8.2526      7.5273      11.776      12.186     0.12205     0.35494     0.06462      12.559   0.0075104       10.34      9.8834      13.014    0.030024    0.022173      13.479      7.6869      10.054      2.3706
      5.0427      9.1102      10.061   0.0024962]"
4,transformed_0.05,ClusterSampler,0.005479840456877883,"[     10.222      12.752      13.993      9.1723      5.9842      4.5741      11.314      9.4507      7.1462    0.027349      8.4324       8.335      6.0583      6.4156      3.8573       2.604      9.2879      8.6946      11.117      2.8298      9.7118      5.5508     0.35845      12.063      8.4018      5.8509
      14.335      5.5795      7.0548   0.0039072]"
4,transformed_0.05,ClusterSampler,0.34604511891938927,"[     4.4104      2.3831      8.5406      8.3273     0.14509      7.2641      11.973      2.9944    0.074363      7.3132      9.6379     0.24229      7.3456      15.543      9.6754      4.1255      6.7418      7.0632      11.358      6.1503      9.0662      6.8982      10.514      9.4088      9.8283      6.1978
      12.577      3.6915      3.9517      14.337]"
4,transformed_0.05,ClusterSampler,0.00027454530353293106,"[     6.5011      20.126      17.891       8.766       13.87      6.4753      13.087      12.849      1.6541      10.232      18.344      6.6569      9.6779      9.3041      6.8565      13.357      15.324      5.0603      10.201      14.153      10.205      6.0265      8.6154      8.5606       3.547       8.594
      7.0623      17.691      1.5341      5.0883]"
4,transformed_0.05,ClusterSampler,0.10255852768540584,"[ 3.2186e-06      1.9781      14.502      18.337  4.6133e-05      6.5008      8.6223      5.7921      2.7504       4.414      7.2201      7.1104       6.322      16.003      1.3387      8.3504      15.473      5.2106      10.209      9.5575       9.251      6.9929      8.9027      10.174       6.796      7.5111
      3.7093      3.9618      10.425      4.4888]"
4,transformed_0.05,ClusterSampler,0.023624576831374196,"[  0.0029877      1.0132   0.0047333      7.0774      4.7324    0.087709      3.3217      12.385      11.439      11.663      7.2617      7.0577    0.093773      5.3942      6.7662      7.4674      12.117     0.42652      8.2786       14.32      12.371       0.173      6.2528      11.236     0.30167      10.875
     0.66162     0.88215    0.072975      6.7342]"
4,transformed_0.05,ClusterSampler,0.0013063605155562098,"[     10.218     0.27792      6.6159      11.026     0.56249     0.20886     0.11564      5.8273      11.379      5.8816     0.12004       12.78      7.1777      7.2296      5.0945     0.49082      6.8467      1.3964     0.84854     0.58263     0.32667      14.876      13.049      8.0217       6.891      11.394
      10.227      10.621     0.48776     0.57886]"
4,transformed_0.05,ClusterSampler,0.0003212425005377386,"[    0.60718      12.594      8.1237      10.806      0.4577      13.902      6.8813      12.444      8.9335      10.408     0.40425      4.5386       11.57      5.5369      14.748     0.20796      10.542      3.9519      13.882    0.035045     0.52585     0.50088      6.4592      4.5354      9.2835    0.081905
     0.12977      4.0646      13.942      16.075]"
4,transformed_0.05,ClusterSampler,0.025075973487760125,"[     13.396      16.721      11.165      8.0672      1.6357      11.979     0.24944      10.892     0.79468      13.064      8.1094      14.363      5.3199      1.1077      9.0377      19.557      14.951      10.708      11.422      19.804      4.7222      15.419      7.7753      15.061      3.9311      3.4584
      6.4167      12.045      1.3205      14.587]"
4,transformed_0.05,ClusterSampler,0.07753339329526546,"[     15.066      7.8256      6.6774      13.346      5.9834      3.1141      9.0343      9.3063        4.83      7.7185      8.7452      17.022      18.155      11.995      9.7008      18.383      1.7492     0.57338      9.1095      17.067      9.8752      14.686       8.356      19.448      9.7796      3.5266
      12.986      6.0781      15.381      9.4023]"
4,transformed_0.05,ClusterSampler,1.97461311719619e-05,"[     6.0723      12.135      12.738      6.1302      8.6381      7.7953      6.0909    0.097439      12.646      1.9085      9.0016      7.4362      7.6134      12.745      10.966      7.1388      6.7319      4.9229      15.494       7.262      14.062      8.8009     0.93154        2.66      1.1904      4.1028
      8.0197      10.477      3.9338      11.097]"
4,transformed_0.05,ClusterSampler,0.5963643286995861,"[     8.6776      5.4622        6.55     0.29949      9.1594      5.3705     0.28143      11.277      12.952      3.5597      18.362      9.4766      13.399      5.9101      4.9178      17.837      6.0854      5.5347      3.3641      13.186      8.2185      2.5087    0.012226      6.8064      7.6853      11.944
      10.161      10.542      1.9114      8.1296]"
4,transformed_0.05,ClusterSampler,0.0005324289971683501,"[     1.6448      4.0876      5.3419      1.8414     0.12258      11.119      6.5685      3.5837      11.387      8.9838       6.242     0.14328      7.5143      8.7741    0.039252      1.2501      3.1256      2.3675      2.9108      11.418     0.61231      9.2919      19.238        13.3      17.166      7.5817
      5.8784      16.685       13.57       14.52]"
4,transformed_0.05,ClusterSampler,0.006308485230107333,"[     10.178      16.184      6.3994      7.0411      7.5125      3.8175      13.706      14.488      13.067      8.4928      12.964      8.7398      10.433      8.3826      7.3205      10.619      5.1653      8.7678      15.912      14.342      9.1881      6.8403      6.2792      15.458      12.368      9.9422
      5.2157      5.1591      4.4588      5.4287]"
4,transformed_0.05,ClusterSampler,0.765448523792779,"[     5.9936      11.551      15.082      3.3233      9.3599      13.849      7.2322      7.4244      10.025      2.7051      3.1896      2.4691     0.52484      2.6611      4.1469     0.12423      2.1991      5.2591      4.1834      1.3739      2.4935      2.2039       3.073      1.3409      3.5355      2.4241
      12.408      12.819      5.4515       8.662]"
4,transformed_0.05,ClusterSampler,0.00048670849536667826,"[     2.8468      3.6113      4.2376       4.615      12.592      8.6405      10.386      11.994       15.03      9.0465      3.8901      11.037      3.7399      11.248      5.7841      4.6215      12.999      10.181      7.5717      9.5889      3.3114      5.7412      13.692     0.83707      4.3491      13.178
     0.23271      4.4219      10.871      8.5767]"
4,transformed_0.05,ClusterSampler,0.002020450386619973,"[      12.95      14.152      3.0269      1.8476       4.702      7.2955      5.7231      4.4081      5.6707      16.929      1.1025      5.6105      12.325      4.1396       10.69      2.0848      5.8936      11.142      1.1423      9.8842      4.6351      3.5018      12.256      11.984      8.6053      12.735
      5.4602      13.938      11.613      10.295]"
4,transformed_0.05,ClusterSampler,0.06454047320193965,"[     14.619      8.6227      12.888       14.38      13.628      13.239     0.77777      11.842      5.2083       13.92      11.444      17.119       11.12      6.9911      12.458      12.573      7.7903    0.098853    0.078726      4.2142    0.070681     0.60081       15.45      1.0316    0.035379    0.048156
   0.0067439     0.26853      1.1909      3.1677]"
4,transformed_0.05,ClusterSampler,0.670955838510752,"[  0.0036103     0.35231    0.040126      10.845      9.6536      10.669      10.162     0.10577     0.41576      1.2143      7.3392      7.1337      12.192      8.9058      6.6986      10.799      10.777      9.7108      10.384      11.628      10.094      18.873       2.546       19.25      1.6406      8.8485
      16.299      9.9535       17.22      7.3046]"
4,transformed_0.05,ClusterSampler,6.476304372200367e-06,"[     15.862      16.708      10.558      15.501      5.3148      3.1204      7.6941      8.8488      9.0234      10.429      4.2723     0.37931    0.027583      4.1316     0.25839      15.062     0.90847     0.62169      3.4449      9.1459     0.71765      2.7857     0.59529      5.0233      5.2334      4.1225
     0.19444      2.8398      5.7601     0.61594]"
4,transformed_0.05,ClusterSampler,0.00030134878202457997,"[      9.245      8.8603      7.6604  0.00047732      4.4944      6.2583      3.8301      11.602      9.3674    0.049375      12.354    0.023361      6.4214     0.84271      8.5765       9.137      14.893      2.3344      8.5272       11.95      3.1339      3.6682     0.97861      5.2473      1.7743      5.8811
      7.6244       8.594      4.0419      5.0817]"
4,transformed_0.05,ClusterSampler,7.384566389286863e-08,"[     6.3836      4.5446      7.5847      3.1601      6.1116      8.4635     0.87125      9.0726      8.8166      4.1464      7.6176      5.2514      3.3308      1.9611      6.8344      10.863     0.43528      1.2868      11.805      6.3854      4.1345      4.3432     0.74259      10.298      9.1427      10.221
    0.013807      4.5989      5.4481       6.186]"
4,transformed_0.05,ClusterSampler,0.0061185615184205615,"[     12.423       11.12      16.462      3.8563    0.031537      10.856      8.1135      9.8479       7.475      9.7447      4.8489       6.109        6.04      9.8541      11.585      9.9778      11.012      7.8052      6.8829      10.829      11.298      3.8881      6.6359      10.522      10.664   0.0018343
      4.1458      4.4968      10.104      7.3413]"
4,transformed_0.05,ClusterSampler,0.01803223248053977,"[     4.3635      5.1706      11.041      9.9947     0.05568      6.1511      7.4517      7.2094      4.5361      13.812      6.6763      6.2812      1.0691      9.1434      6.2072      9.5495      8.5095    0.077356      2.6284    0.017517      10.548      4.0843   0.0067549      6.8952      11.382      6.9201
       11.27       10.11     0.07168      8.8912]"
4,transformed_0.05,ClusterSampler,0.084656309168806,"[     12.149      18.748      2.6224     0.36006    0.035337      7.4467     0.05725     0.53677     0.93633      19.212      12.648      1.7736    0.034243    0.028662      6.2695      6.1566      5.0385      13.224      10.981      16.302      8.1007      13.436      9.7829      1.0433       13.43      4.4688
      3.6138      14.865      12.715      4.5618]"
4,transformed_0.05,ClusterSampler,0.004123153658305769,"[     4.6059      11.571      2.7698       12.66      5.1209      10.382      1.7372      8.5835      2.0534      7.1259      7.1984      2.5422       4.535     0.16566     0.91458      8.1869      8.0814      8.9326      4.7338      5.5346      2.3468      1.7565      4.1362      5.5656      11.167      6.2933
      14.051      8.1235      7.1793      7.5689]"
4,transformed_0.05,ClusterSampler,0.5360181844560061,"[     5.4426      7.3281       6.514      7.9639      15.754     0.37803      6.5945      13.282      5.1465      5.5223    0.014125      8.6181      7.5152   0.0019587      12.917      4.5369      13.229      1.5204      6.7094      4.9261      1.2853      18.157      12.618      11.429       9.013      2.7666
       6.597      7.6807      12.676      5.2279]"
4,transformed_0.05,ClusterSampler,0.00018625937541571713,"[     11.209      8.4869      7.7848      13.134      3.2146      8.3029       12.15      8.7995      6.5759      13.561      13.468        9.58      13.117      9.4104      6.7357      7.3537      4.3263      3.3394       14.17      5.3468    0.048188      8.7525      19.597      5.1312      3.5009      10.578
      3.3163      7.9218      10.237     0.32817]"
4,transformed_0.05,ClusterSampler,0.011807766118545712,"[    0.13725      9.2077        8.98      12.619      8.8147     0.30745      8.5037      5.1276      5.8512      11.264      14.511      9.5493      4.5705      13.549      12.271      13.994      3.6279      10.048      14.583      4.9553      6.1844      5.9684      10.351       1.655       4.113      6.8204
      1.9414      6.5587      4.7693      4.7976]"
5,transformed_0.05,RandomSampler,0.07367412890128941,"[     11.455      13.695      8.9852      11.664       6.276      10.978    0.050112       6.049      10.529      7.9552      3.2649      13.096      8.7484      13.112      14.571      15.725      1.8311      8.9272      10.029      1.1294      10.055      5.4524     0.38339      12.756      13.233      12.551
      11.179      9.5751      13.212           8]"
5,transformed_0.05,RandomSampler,0.05333766978752259,"[     4.7913      7.2144      9.3628      10.094      3.4069       23.58      15.741      11.939      21.155      1.5808      10.919      7.0745      14.447       12.51      10.099      10.584      12.237      8.4291      8.2191      4.8849      3.5864      11.481      5.6254       6.063      6.4286      7.8511
      5.1718      3.4453      16.776       4.437]"
5,transformed_0.05,RandomSampler,0.05104207010695176,"[     7.9966      3.1566      12.357      5.0944      3.3886      15.538     0.63595      9.1834      9.2875      10.845      6.6009      6.7263      12.277      9.8275      5.9967      6.5276      1.5953       7.787      4.1632      9.2701      9.9229      7.5609      10.155      2.5214      16.816       1.009
    0.089412       12.96      11.634      7.4782]"
5,transformed_0.05,RandomSampler,0.5224348910864919,"[     10.772     0.27213       9.044      11.531      8.2149      10.106      1.7891      11.715      2.9535      9.2902      2.1378      15.997      16.352      7.7466      12.569      1.8071      6.5628      8.3524       5.614      10.688      11.346       6.253      3.7112      9.1931      11.356      10.345
      9.8015      12.499      9.4866      5.2492]"
5,transformed_0.05,RandomSampler,0.01952727281417962,"[     2.8512      8.2614      8.7468      5.3274      10.539       8.808      3.3833      11.765      4.1585     0.29768     0.20145      12.363      5.0692      3.7264      10.063      16.285      1.6772   0.0007717      5.9048      9.8917       9.767      6.7602      11.755      1.5725      6.4657      6.4515
      13.109      12.902      9.5389      1.9983]"
5,transformed_0.05,RandomSampler,0.7393410804513431,"[     8.4658      12.929       13.62      4.4752       7.935      11.582      1.0305      4.2769      6.9359      9.1179    0.085581      9.3511      8.5117      2.8825      5.5399      15.471      16.408      1.2803      3.2861      6.0999       7.665      7.4208      10.959     0.37483     0.55902      4.6895
      8.8896      11.907      6.2835      17.887]"
5,transformed_0.05,RandomSampler,0.8170907087142985,"[     0.3983      10.292      8.1492      11.062      17.393      6.7466      8.3631      15.338      0.1558     0.34178      8.2952     0.30676     0.69577      7.2461      9.3281      3.1706      11.459      8.4411      2.9706      4.4945      12.261      10.986      12.478      2.8992      7.3421       10.88
      7.8862      8.1731       9.285      10.873]"
5,transformed_0.05,RandomSampler,0.1273867198584451,"[     12.639   0.0081813      12.691      7.0939      10.363      6.4377      12.973      7.1957       11.71      4.3643      7.4265      3.1742      14.088     0.13023      10.064     0.50729     0.37224       6.762      13.627      12.592      11.971      2.4863      9.5791      1.1448      6.4108      4.5237
       10.19      9.8687      6.2886      6.9691]"
5,transformed_0.05,RandomSampler,0.007285729317341898,"[     3.7135      8.1348      1.8755     0.98111      5.9201      3.4667      11.764      7.0207      5.1802      4.3232      3.8525      13.008      4.0832      2.9445       4.939     0.56017     0.19802      14.028      1.3153      7.4523      19.436      9.5663      10.792       12.35      7.3874      4.5893
      2.5628      8.4009     0.10106      11.331]"
5,transformed_0.05,RandomSampler,0.1566180449615118,"[      11.64      6.8741      14.705      12.998       4.607      2.0095      10.815      6.0889      15.704      2.5955      1.0542      6.0738       3.765      4.6934      4.8053      4.6529      9.6315      9.4733      6.4166      5.8076       10.12      7.6771      7.1995      4.8988      7.2498      4.6035
      7.7828      2.0447      7.2143     0.94865]"
5,transformed_0.05,RandomSampler,0.33357837909458654,"[     4.5597      5.4373      4.0882      8.0749  0.00044801       2.621       8.822    0.080409       5.657       2.798      14.115    0.081459      6.5109      8.1497      9.8754      4.1368       11.72       15.75      6.0851      6.3285      8.2299     0.28757      3.3769      6.4808      8.6544     0.97091
      9.5775      7.3687         3.7       23.08]"
5,transformed_0.05,RandomSampler,0.023260491064882184,"[     14.759       10.34       0.815      6.5627      7.1742      14.618       7.262      12.587      4.4578      5.9879      8.1115      5.5491      10.529      15.496      7.5109      15.296      3.5666     0.39199      3.0139      15.073      7.8286      5.1597      16.734      10.253      2.1897      9.5743
     0.18273      10.036      14.376     0.34431]"
5,transformed_0.05,RandomSampler,0.012093355376380191,"[     8.0807      10.824        4.13      3.6312      4.2654        11.6      6.5919      7.2829      12.321      11.195       13.43       5.269      5.3736     0.82759      16.684      3.7499      5.1806      3.6805      4.5053      6.6785       7.535      13.317    0.017413      10.856   0.0038785      5.3846
      6.3352      5.1812     0.95645      7.4605]"
5,transformed_0.05,RandomSampler,0.17283202681311716,"[     5.1771      11.088      14.523      3.0889      13.943       5.676      11.078      7.9622      2.5983      10.822      12.859      7.0732      10.991      3.7373      1.0096      2.0092   0.0093683    0.085466      12.913      3.3692    0.015926      1.6518      4.4699      17.929      11.839      13.025
      1.1233      16.459      10.358      1.8106]"
5,transformed_0.05,RandomSampler,0.008976603884565351,"[     15.505      5.4835       9.755      11.309      6.8384      10.573      14.215     0.71153     0.15721      6.5796     0.12022      8.8719      6.4417      8.1176       3.982     0.14684      10.514      9.2777  0.00011622      10.633      11.135      13.367      13.214      17.174      7.0378      4.2683
      11.678      4.6051      12.607      6.4238]"
5,transformed_0.05,RandomSampler,0.3285868047250186,"[     9.9952      12.941      11.458      8.1625       14.94      1.2915      10.115      10.028      7.0844      6.0496      8.6334      9.1285      1.7787      21.256      12.999      12.755     0.14161      7.7157      3.7267      11.733       4.889       5.918      0.5493      14.458      6.5553      9.8988
      13.423     0.48701      14.456      6.4873]"
5,transformed_0.05,RandomSampler,0.07753339329526546,"[   0.020589       10.42      10.697      10.027      12.473      11.311      1.2701      5.0501      3.1345      13.513      10.392       6.894      2.2096       5.446      12.514     0.18326      4.4481      4.7359      5.8476      9.7293      6.9191      12.186       5.469      3.8944      10.455      6.8799
      13.496      3.4547      13.228    0.077755]"
5,transformed_0.05,RandomSampler,0.03056162366451826,"[     14.659      12.292       9.885     0.32058      10.574     0.22249      6.6324      8.9306      13.014      10.956    0.098487      12.036      4.0442       4.967      8.3881      5.6842  6.9973e-05      9.7154  0.00094607      4.5727      12.524      5.1643      7.4371      15.755    0.015822      9.7841
        5.67      3.5621      15.095      3.5898]"
5,transformed_0.05,RandomSampler,0.41231888606753525,"[     4.1219      13.224      12.115      3.2939      15.609      6.6097      15.008      12.687      10.442      7.1036     0.23643      9.1533      7.3721    0.025248      13.359      1.4642       4.104     0.82762      7.9146      9.5568    0.052073    0.026698       14.34     0.24292      15.709      7.6957
      8.0841      9.2835     0.52306      9.1124]"
5,transformed_0.05,RandomSampler,0.04530074298456637,"[     8.9537      4.2154       12.68      11.266     0.05215      13.363      7.0323       6.553   0.0068811       12.13       3.629      7.8268      8.6428      10.502      7.5046      8.3989      0.1901    0.056447      12.344       9.426      3.1365      5.5095      12.487    0.002244      7.6647      9.4948
    0.094736      14.264      11.145      6.3517]"
5,transformed_0.05,RandomSampler,0.0013254112262926496,"[     9.0684      8.0761      9.1677      11.101      10.211      6.2614        12.1      1.6829       12.07      8.5815      11.339      8.9671      8.5881      3.8556      1.7848      10.156      6.9399      12.337      13.434      10.811      6.2164      3.2168      4.9207      4.3436      4.9078      16.325
      9.8894      21.547      2.3202      14.051]"
5,transformed_0.05,RandomSampler,0.1378427008619352,"[    0.61757      14.741      4.6462      12.422      12.454      1.8202      8.5806      10.866      8.4048      7.1057      12.035      9.3099      13.748      1.6871       11.32      3.5983     0.28778      5.4034      15.328      11.316      4.8536      7.2595     0.11124      12.311      8.7215      13.037
     0.18371      15.746      5.6069       7.329]"
5,transformed_0.05,RandomSampler,0.0019480487950890228,"[     11.294      12.154      5.9251      5.9316      14.447      5.5134    0.011148      9.4884      5.8538      7.4412      12.997       8.267      10.984      14.467     0.56831      8.2662      2.9874      12.258      11.893      14.055      18.548      9.9164      6.6759      11.285     0.38485      14.521
      13.142      7.6033      5.5968      8.8473]"
5,transformed_0.05,RandomSampler,0.020476163292458653,"[     13.825       7.994      16.702      8.5618       12.54      13.808      9.5108      8.5558      12.145      3.9944      6.6787        10.2      7.6596      5.5593      5.6594     0.50328      5.5124      8.7352      6.4696      9.4107      7.4819   0.0020117      8.5702      1.1377      8.4061      7.0135
      11.802      7.6016      10.977       13.45]"
5,transformed_0.05,RandomSampler,0.622788622841316,"[     11.806      6.8946      10.217      16.588      11.227      14.187      12.096      13.834      8.7745      12.452      1.0603      13.621        9.91      11.219      9.4413    0.003323      12.077      10.086      15.277     0.21784        8.79      7.2232      10.885      10.204      4.9827      6.5515
       3.955      7.0471     0.02629     0.59841]"
5,transformed_0.05,RandomSampler,0.14284030096512823,"[    0.27333      8.9446      12.022      2.5399      13.514     0.15132      2.9501      6.2075      13.722      1.4134       7.346      13.016      9.2079      9.1578      0.0117       19.37      9.8428      2.0421       20.33      8.8782      2.4367      4.0756      7.5806     0.36383      15.068      6.0436
      5.9844      6.4434      5.3672      3.0411]"
5,transformed_0.05,RandomSampler,0.6172442216793249,"[     7.2963      10.191       4.365      10.108      3.0045     0.45864      6.2232      17.665      9.0475      8.0814      2.3494       9.155      5.9466      9.5291      6.8312      7.7501      8.7435      7.7274      4.1671      6.7332      13.751      12.822  0.00065663      9.7315      9.4661      11.781
      9.3584      4.6974      9.5192      7.2849]"
5,transformed_0.05,RandomSampler,0.05134999019566103,"[   0.045153      14.978      11.325       6.921      2.4707      7.8006       8.589      2.6166      8.4304     0.14265      9.0941      17.061      10.553      9.1282      11.055      8.0793      10.051      6.9067      11.859   0.0042196      2.6748      15.929       2.509     0.42038      7.5396      11.932
      10.731       2.758      2.8873      4.7811]"
5,transformed_0.05,RandomSampler,0.1624181197764166,"[     14.093      14.731    0.056884      9.1845       13.69      3.6262      19.928    0.024454      11.547      11.062      1.2317    0.029591      5.9529      7.5471      9.9904       11.83     0.52682      15.407     0.35151     0.52269      3.5422      8.5936      3.7273      6.3415      15.661      6.9855
      16.213      9.3883      13.372       3.214]"
5,transformed_0.05,RandomSampler,0.009313340991586426,"[     11.496       5.457     0.50541      5.6634      1.6666      6.1827      2.1865      2.6437     0.48902      10.457      1.2551      2.5835      6.7241      9.4204      8.6908      9.7339      10.879      10.126      10.044      9.9141       5.008      3.0074       7.828      7.6056       16.58      8.4538
      6.0889       11.74     0.90538      8.0537]"
5,transformed_0.05,RandomSampler,0.0036004292888027947,"[     8.7059      5.9864       8.374      3.8154      10.721      15.523      11.744      15.515      7.8984      4.8673      8.0034      11.181      13.112      8.6294      4.4765      4.2275      14.414       8.001      9.0865      2.6144      14.019      4.7856    0.042671      8.8499      11.382      16.476
      7.5088      10.594      6.2896      1.9795]"
5,transformed_0.05,RandomSampler,0.019351088050606948,"[     3.7923      3.5244      8.8098      7.0507      9.4763      12.203      10.993      7.0501      7.4699      12.098      3.5028      7.6822      8.3229      0.4595     0.33796      9.1777      7.3163      6.0384      5.6059      8.5132      14.071   0.0053421      7.0964      11.913      2.0825      2.9115
      11.585      6.4224      5.8305       7.472]"
5,transformed_0.05,RandomSampler,0.6604696489499273,"[     5.0692       3.908      2.5551      13.605      4.8743       8.534      13.872      6.4279      4.4788      11.753      3.7802      5.7334      11.321      5.0502      5.3751      11.617      1.8335      12.912      4.1698      6.1404      8.6224      1.1592      8.5089      7.9249      10.905      7.0843
      7.3147      10.972      16.155      4.6972]"
5,transformed_0.05,RandomSampler,0.43508052154139953,"[     2.1386      8.9119      9.6026      8.6614      12.374      10.826      1.9542      13.099     0.23893     0.70347      9.5972      9.1504      15.923      5.3343      11.869      14.241      13.321      9.6586      15.757      1.2418      1.3479      8.8739      5.6386    0.013793      6.3454       6.799
    0.057693       1.846      10.002      6.9325]"
5,transformed_0.05,RandomSampler,0.026897165866929633,"[      10.96      9.5312      3.5808      3.0524      7.9697      15.167     0.32061        5.65      1.2244      14.768      0.8974      2.7002      13.493      10.463       8.991      7.1361      5.5179      10.502      12.357      1.3759      13.365      12.815      1.2612       10.63      11.116      16.485
      6.2862      15.195      6.7467       4.292]"
5,transformed_0.05,RandomSampler,0.1683864260354334,"[    0.16646      11.394      6.4998      13.858     0.68851      6.1443       5.136      5.1166      15.742       14.08      6.9563      4.2842      14.773      15.402      11.154      14.463      12.659   0.0073477      7.8015      6.9277      7.1997      10.835      8.1131      13.143      4.1994       8.118
      5.6071      6.9932       17.59      8.1483]"
5,transformed_0.05,RandomSampler,0.5920949998501632,"[     7.6237      18.897      10.573      4.6255      12.434      8.5054      7.7242      6.4425      9.5021      6.1112      5.1633      4.7192      15.957      10.912      11.814      2.9275      2.7462      9.6263      11.911      8.9129      14.132      11.864      8.2824      17.339      6.1117      8.1872
      6.2314      11.008      13.299      16.789]"
5,transformed_0.05,RandomSampler,0.38725220268071225,"[      12.65      6.9213        5.49      12.211      9.6547      12.126      6.7896      14.717      8.2019       13.95    0.024392  1.2398e-05      8.4812       11.62      12.416     0.28597      5.6628      5.7378      1.2641      14.715      1.8925      16.695      2.6446      4.6136       4.739       6.628
      10.209      9.6664      11.044      13.962]"
5,transformed_0.05,RandomSampler,0.33357837909458654,"[     17.641      4.2808      7.3911    0.056591      8.0891      5.6431      12.462      8.3615      10.746      15.415      12.952      5.0247      13.973      12.965      2.8221      2.4112      11.065    0.028437      4.6152      9.6338      12.158      5.6034      9.3207      1.6178      11.648     0.22483
      11.037     0.62826      6.1298      7.2005]"
5,transformed_0.05,RandomSampler,0.3390817175738931,"[     9.4908      7.8717      15.188      11.746      9.7617      8.7608      8.4794       5.165      11.433      7.7119      4.8102      6.6588         4.9      8.9825      17.683      9.1203      7.8663      6.1697     0.29925     0.25353   0.0083441      4.8903      1.4249      6.7502      13.082       3.269
      7.9846      11.666      15.559      9.9228]"
5,transformed_0.05,RandomSampler,0.3531017636819863,"[     10.624      11.084      11.947      10.669       5.181       4.079      4.5581      9.5866      10.626      10.445      1.2641      14.289      15.492      13.301      9.3425      8.8065        11.2      13.964      10.347       8.578      7.3899       13.29      23.275       16.97      13.235      2.8954
      12.972      1.1197      9.9686    0.017561]"
5,transformed_0.05,RandomSampler,0.7765349405253092,"[     10.522       20.76      9.3558    0.012778      0.8664      7.4315      11.451      5.5426      10.735      11.948      9.6237      5.7481      8.9151      15.627       7.212      5.2148      4.1035      11.416      17.804      7.1634    0.013715      5.1564      3.9025       8.432       11.52      16.682
      7.7992      5.9139        2.09     0.29711]"
5,transformed_0.05,RandomSampler,0.3550000510577769,"[     13.292      4.8459      13.208      15.305      14.954      11.292       3.245     0.56733      8.2954      10.926       5.062      7.4855      4.5825      5.1069      1.0343       15.48      9.1436      4.3506       5.008      3.9366      5.1849      8.9957      9.8397        8.57      6.1947      13.882
      11.116      2.5164     0.65862      6.1952]"
5,transformed_0.05,RandomSampler,0.12760740041901616,"[     6.0126      9.2387      8.6099      12.631      13.943      5.3424      5.0167      0.3135     0.29905      11.552      5.7845      11.737      4.6855      4.3465      13.812      13.379      6.9701      10.681      16.313      7.6005      3.0057      9.9303      1.8905       4.804      1.1408      7.3947
       2.714      9.4599     0.40864      9.9334]"
5,transformed_0.05,RandomSampler,3.8137524934883502e-06,"[         11      4.5771       10.85   0.0011154      11.536       7.835      10.384     0.49078     0.56379      8.7014      11.496      7.1661      1.9556      11.514      14.302       6.747      11.855       1.029      19.078      13.747      12.941      4.0936      16.471      1.0918      6.9084      0.1056
      16.568      1.4313      5.3923      5.9937]"
5,transformed_0.05,RandomSampler,0.0003423618218797566,"[     7.6707      3.9163      6.3549       4.411      9.4424      2.1381      15.184      9.4277      5.0636      2.2881      5.0935      12.788      15.799      14.356      14.853      4.7244      2.1193      6.1689      8.6952      9.8311      10.152       14.17      8.5695      6.5435      4.5814      5.4703
      6.5674      10.874     0.49827      9.0692]"
5,transformed_0.05,RandomSampler,0.46852615176714996,"[     7.0494     0.46564       11.38      9.8172      13.348      14.128      7.7535      6.3347      1.5314      7.7347      7.0356      5.3435      10.021   0.0011026     0.99102     0.69737       5.284      10.075      5.3802      6.4368  0.00043049      14.619       6.442      8.0828      5.9374      5.9729
      10.848      10.858      7.4871      9.8865]"
5,transformed_0.05,RandomSampler,0.2746195753935449,"[     7.7749        2.74      9.6434     0.43898      3.3373      3.7233       10.29      4.8382      13.359      12.516      17.625      1.6291      13.766      24.025      4.0645      14.317      13.397      11.806      12.264      13.358      3.9035      9.5794      2.2533      14.877      7.4392      14.705
      6.9037      4.7577      2.5639      5.0071]"
5,transformed_0.05,RandomSampler,0.06268741382310451,"[     6.1673      8.9437      3.6977      6.8399    0.042401      7.2555     0.16109      10.436      8.2746      2.0492      6.2544      1.1521      8.2865      2.8172      3.7347      8.6185      14.085      0.5397      4.0904      4.2547      5.7133      7.7436     0.35574    0.010776      8.8041      9.9871
      2.3716      7.9324      5.8415     0.38059]"
5,transformed_0.05,RandomSampler,0.48657077941200966,"[     6.8199       7.051      4.5768      12.061      7.4261      13.842     0.73881      1.0528      8.1686      7.8475      8.8241      8.5289      14.219      4.3092    0.095105      9.7689      10.385      10.828       9.966      1.6047      5.2515      11.117      8.9594      6.9912      2.0585      15.093
      8.6653      10.421      15.941      6.8885]"
5,transformed_0.05,RandomSampler,0.03683692190150172,"[     4.1784     0.41751     0.88128      14.983       12.79      5.2221      6.5113      11.803      12.781     0.69705      25.294      12.908      11.338      18.116      6.7392      11.333      1.1403    0.032347       7.394      10.589      2.9835      6.2892      6.0435      4.1698      10.656    0.098061
      11.089      2.2585       7.813       6.578]"
5,transformed_0.05,RandomSampler,0.044749321384548964,"[     10.227      8.9625      9.7311      14.925      13.783     0.15348      5.0713      16.959      12.451      5.6706      8.6644   0.0067832      2.6174    0.011801      2.1654      3.5715      14.253      2.6878      11.127      3.2244      13.276      13.388      12.148      2.8489      10.405      16.605
      9.5345      2.5541      9.9024      7.9833]"
5,transformed_0.05,RandomSampler,0.05594189632949304,"[     4.9759      3.4714      5.3097      8.2947      4.8277      10.976      7.6251       2.769      4.7925      9.9939      14.322    0.014419      7.1855      17.202      11.902       15.08      7.5605      6.9369      8.8461      9.4607      7.8515      5.5837      10.471      17.448       2.432      11.813
      7.7118     0.29895      11.215      4.6049]"
5,transformed_0.05,RandomSampler,0.19215798978093288,"[     2.6421      5.9237      16.586      2.3447       8.679    0.067692      6.5809      10.155       4.764      12.857      2.8404      8.7132     0.77662      12.085       1.276      5.0869      6.9907      4.9954      10.447      1.5998      17.512       6.257     0.07092      4.6705       5.388      4.1728
      13.369       1.319      9.4604       8.121]"
5,transformed_0.05,RandomSampler,0.3455752384110511,"[     9.2653      1.0595      8.4212      4.5281      9.3079      12.362      9.9539      14.812      18.288      11.037      13.012      20.114      15.443      12.491      6.8639    0.074692      10.901      6.4446      3.9315      9.3004      11.181      10.854      15.304      4.1338      11.376      5.8682
      2.1245      1.8473    0.043213      8.5171]"
5,transformed_0.05,RandomSampler,0.0438429000602441,"[     4.8063      20.405      11.006   0.0088392      7.2115      9.1001      11.467      6.9084      17.263      22.621      11.406      4.4229     0.53231      7.2927       8.553      3.1605      9.5533        11.3     0.95312       13.23     0.46279        3.62     0.62905      1.6135      2.3329      9.7782
   0.0046644  0.00039212      7.0743      10.257]"
5,transformed_0.05,RandomSampler,0.261310177907474,"[     1.0467      9.0066      4.9945      10.059      10.885       2.799      15.473      4.7298      5.1392   0.0090849      3.2636      1.8436      14.073      9.3718      1.0925      16.093      10.668      6.0448  0.00047577      6.5561      2.2155      9.6747      13.704      3.6232      12.245      8.2603
      8.3839      8.7453      8.2504      3.2622]"
5,transformed_0.05,RandomSampler,0.0010711778629641138,"[     5.4641      2.4755      23.078      8.3872  0.00027986    0.075858      4.0116      7.5429      11.429      8.1248      5.8081       10.56      16.563      5.3186       8.795       9.067      10.499      1.2119      6.6217      12.811      5.0999      11.511      9.1281      2.4305      14.077      4.2757
      5.4651       7.273       12.32      9.6288]"
5,transformed_0.05,RandomSampler,0.017463239404011517,"[     21.121      0.2137      8.7832      14.987      2.1356       14.46  0.00028916       2.228      6.9594      5.4738      6.9897      9.1402      4.7032      7.1195      7.3466      13.289      4.5343      11.648      6.5559    0.026059      3.9944      24.213      6.5522      11.697      8.7399    0.073641
      9.9096      1.6942      17.514       11.21]"
5,transformed_0.05,RandomSampler,0.2447979182438677,"[     13.105      8.2715      1.5419      13.729       5.092      4.4367      10.811      7.1989       3.678      4.8499      4.8435      10.819      6.8538      9.5301      8.5303      3.2037      9.2969     0.92684      2.7877      11.538      6.0901      9.9919      7.6887      19.606        3.49      6.4141
       7.802      9.6979      10.099      9.4388]"
5,transformed_0.05,RandomSampler,0.01714525779759958,"[     11.077      10.241      9.5708       5.992       12.48      8.2454      2.0703      3.3272      8.2617    0.017167      6.0921      18.611      12.291      3.0994      11.933      10.196      1.0604      10.438      16.963      5.3565   0.0016066    0.062249      9.2725      7.8381      5.5503     0.36483
      12.322      9.7187      8.3011      11.016]"
5,transformed_0.05,RandomSampler,0.07637229308656654,"[     10.739      11.993      8.6712     0.82354        14.2      11.085      6.7724      13.446   0.0031162       10.37      8.0373      4.5924      9.3715      6.2733      11.317      1.9455       8.891      10.353      11.687       9.237      6.7756      7.4788      11.606      4.9292      16.558     0.13688
      10.535      4.1599      10.861        15.2]"
5,transformed_0.05,RandomSampler,0.7029456101281653,"[     13.034      7.1109       16.07      13.823      5.3183      9.2875      10.961       11.05   0.0059751      13.103      7.2515      4.9346      5.4617      20.325      3.3913      12.415      12.362      12.239      4.4075      1.4951      3.4994      5.9777    0.063311      7.7307      8.5964        10.2
      7.4231      5.1783      14.361       10.82]"
5,transformed_0.05,RandomSampler,0.5265529572098847,"[     6.9413      6.8511      2.4038      10.628      3.0207      11.222      12.758      4.1766       7.565     0.28467      8.4558    0.035003      12.619      5.0205      7.7245      6.8206      12.002      9.4981      6.0021       8.103       5.772      5.7854      3.0465      13.778      1.5857      13.947
      7.1794      6.2692      12.011      8.8445]"
5,transformed_0.05,RandomSampler,0.4618447901972427,"[      14.83      4.1001      8.7395      1.7445       24.12      5.7744      13.465      10.832      6.9176      9.7559    0.046524     0.17398      9.4166      12.097      11.208      1.6293     0.10304    0.011201      12.201      8.0964      9.6175      9.4267      15.793      6.8773      7.5405      12.383
      13.957      6.8985      14.695      0.0356]"
5,transformed_0.05,RandomSampler,0.04366382925521338,"[     5.4023      15.101      7.1548      8.7385      12.035      11.072      8.5931      4.0026      4.2561      7.5466      14.483      12.671      9.5035      8.7944      1.6528        7.61      9.6726      4.8532      3.3482     0.15271      3.8803     0.95492      10.849   0.0045476    0.047341   0.0005046
      15.758   0.0017851      10.124      6.1278]"
5,transformed_0.05,RandomSampler,0.05238820700602975,"[   0.018837      9.6414      1.4649      2.1931       5.537      9.7669      2.2746      9.0057      5.2219      8.7534      5.3948      1.4094      16.016       20.71      13.408      2.1265      9.2815      17.932      3.2719      16.615      1.1113      2.3542      9.1978      12.042       9.726      5.9045
      6.4331      4.9061      16.445      9.3278]"
5,transformed_0.05,RandomSampler,0.4045446327247009,"[     10.627      7.9824       8.281      3.5547      7.6377      6.4871      10.517      4.3044       1.279      15.455      12.457      6.8664      9.5841      8.6783      7.5206      3.2084      9.5895      1.4432      6.0669      1.3031     0.11496     0.52573      4.9642      14.974      7.9548      13.159
      12.752      12.412      11.036      10.886]"
5,transformed_0.05,RandomSampler,0.02496582349615453,"[     14.361      6.8325      4.5193      8.2137      18.635       14.12      4.8442      7.1843       7.001      13.354      9.2282      12.384   0.0030182       8.744    0.019509      7.1483      10.662     0.15299       6.263      9.4925      9.9046      11.687       9.983      5.2571      17.101      11.173
      4.2198      13.189      15.801      12.795]"
5,transformed_0.05,RandomSampler,0.0457644675209546,"[     3.8074     0.89571      7.0109       8.857      4.4955      8.7844      0.8466      10.445      8.3066      2.1703      8.5293     0.04543      13.313      16.571      4.3866      6.7676      7.6148      11.892      12.337      1.0682  9.5244e-05       4.866      9.1284       10.92      4.0284      5.2276
      9.9322      7.8647      3.6759      10.521]"
5,transformed_0.05,RandomSampler,0.1228321574091021,"[     10.508      2.9043       4.632      2.1119      5.0095      4.4459      13.907      7.3564      7.9171      9.0192      1.2298      7.5516      9.5018      11.974      11.649     0.38463      13.632      3.4924      10.324       13.69      5.5866       10.99      8.1506      12.363      12.794      10.608
      4.5246      11.898      2.8318      13.843]"
5,transformed_0.05,RandomSampler,0.11966069426469737,"[     2.4886       6.374      11.244      7.3613     0.45961      10.302      10.137      9.8898      17.303      1.0153      1.2526      9.8387      13.505       5.143      7.9676       6.974      6.0357      5.1297      5.9535      11.054      4.2908      7.3478      8.8619      9.0018      11.156      9.2828
      13.451        5.44      4.4259      9.0084]"
5,transformed_0.05,RandomSampler,0.8527649224131295,"[     12.377      2.0767      7.5597      13.786    0.019826      3.8813      7.1906      5.5033      7.8421      7.6903      1.5507      3.7194      3.0101       10.42      7.7266      12.111      15.528    0.080852      1.2442      3.8245      11.998      14.087      3.6758      15.098      4.4061       17.48
       12.19       11.34       8.523      8.6067]"
5,transformed_0.05,RandomSampler,0.2863455370479923,"[     13.485      6.0792      4.3694      4.0222      4.1594      2.0895    0.021976      12.848      18.805      14.602      1.7406      4.1328      11.878      3.3808      1.7442       18.61      4.8884      8.7893      16.632      7.6187      8.7139      5.6649        4.48      7.4826      7.9652      9.3229
      9.9364     0.06075      4.6745      11.566]"
5,transformed_0.05,RandomSampler,0.030759088399713405,"[     8.4738      7.4265      12.769      2.8449      14.237      4.9162      8.3154      5.8861       4.831      5.2866      4.5251      14.712      4.4798      1.7051     0.43806      18.582      11.685      14.229      4.6313      3.0764    0.061998      5.9158   0.0056074     0.70559      5.7441      3.5782
    0.024066       12.68       6.868       9.995]"
5,transformed_0.05,RandomSampler,0.020200972687912468,"[     8.5965      10.522      10.953      12.124      9.0996       10.83      9.8592      10.967      11.616      8.9853     0.19524      3.6776      10.583      3.0175       4.397      7.4157      11.935      8.3474      4.1515      14.111      2.0891      1.9427      12.162      12.046      7.5802      8.5449
      10.112  0.00016819      15.063      2.6382]"
5,transformed_0.05,RandomSampler,0.993153422678668,"[     11.766      3.6351      12.038       4.479      19.373      10.495      10.025      1.3559      14.705      10.789      15.321      21.812     0.25919       6.756      4.9386      1.1818      12.171      10.123       7.297      5.5407      5.4122      12.605      8.8125      9.8043      5.5303      3.6898
      9.2682      2.8543      5.4064      5.2351]"
5,transformed_0.05,RandomSampler,0.007249231323002432,"[     5.2086      7.0252      13.624       8.423      11.242       9.343      4.5494      5.3319      7.7225      9.9404      7.1897      6.6806      17.963       11.58      11.255      2.3993      14.442      10.825      9.8834      9.8039       7.943      5.1541      7.2991      5.9507      8.9904      8.4643
      5.2253      12.575      4.6579      10.512]"
5,transformed_0.05,RandomSampler,0.026780151499429035,"[     13.514      5.6752      8.2042     0.11684      2.3449     0.00135     0.34578      4.5144     0.66168      14.949      10.092      11.357      1.3806      6.5457       13.71       2.814      13.586      12.623      6.3224      6.7887     0.61716      1.5494      6.5616       2.958     0.27927      5.0374
      18.307      6.0524      1.6495      3.0693]"
5,transformed_0.05,RandomSampler,0.18643257175208836,"[    0.70742      6.5563      13.744      5.1964   0.0011033      8.3309      6.4057      5.8411      10.947      8.0099      8.3313      7.9397       10.46      4.7889      4.1465      14.955      8.4884      12.191      14.159      1.2575      4.1231      7.6618      5.8349      1.0997      10.482      13.404
      14.057      4.0299      15.232      12.617]"
5,transformed_0.05,RandomSampler,0.006487244081521747,"[     8.2853      9.9508      10.175      14.076      2.1829      3.1995      7.4913      11.094      5.5608      8.5522      5.0192      7.8277      9.0327      7.3398      3.3323      9.3712      8.6861      5.1994      4.9214      19.123      12.754      4.5843      3.0133      5.5855      14.311      4.2167
      15.318      12.273    0.015459     0.56628]"
5,transformed_0.05,RandomSampler,0.46018211164886874,"[     10.119      13.036      9.8197     0.05199      10.131      2.0495      13.328      14.859     0.81447        12.2      16.649      18.055      12.292      4.1983      13.289     0.28359      12.222      5.7325      5.8891      11.767      6.7182      4.3091      13.492      13.414     0.56144    0.043733
      7.1311      11.466      2.7395      3.7706]"
5,transformed_0.05,RandomSampler,0.05683348141437297,"[     10.234      7.4479      4.8722      4.4133      3.6973      0.2555      3.8138      9.2566      18.136      10.277      5.1115       4.768      7.3182      13.268      13.049    0.004354      14.433      14.116      16.233      7.8299      10.256      14.007      7.5283      5.7907      6.7701      8.5461
      4.7756      13.363      11.404      10.526]"
5,transformed_0.05,RandomSampler,0.8321179388967557,"[     16.884       8.351      1.8976      7.7479      4.2172      9.5349      6.8503     0.21357       1.598      13.313      10.476      4.3378        14.6      5.5618       6.839      10.783      9.5092      2.6752    0.011238      16.647      12.021      4.1947      6.3562      14.637     0.27734      6.7466
      6.8628       7.861      10.877      4.9082]"
5,transformed_0.05,RandomSampler,0.0856037980946592,"[     11.863      7.0829      9.4108       14.07       6.816      6.5313      5.3302      12.718      8.9824       4.431      8.5859      10.372   0.0068456      6.6755      5.8365       3.643      15.286      19.736     0.85398      10.603       12.83      1.6315       1.695    0.081967      8.3568       18.39
     0.47299    0.013909    0.037846      5.4905]"
5,transformed_0.05,RandomSampler,0.6875931826487568,"[     4.4871      7.6236      10.863      8.6921      1.7681      6.2324        12.9      12.875      4.7682      9.0152      3.9656        14.3      1.2008      11.671       7.432      7.9513      6.6601      3.6533      3.6421      3.3145      4.5968      7.4867      7.1218      5.9006      12.829      11.704
      13.988      6.2138      7.6146      7.1415]"
5,transformed_0.05,RandomSampler,0.008954524799928313,"[     1.9085      4.6127      10.847       1.591      2.8849      11.109      7.9736      9.3535      6.2328      8.5737      3.4563      2.9781     0.90147     0.16403      17.194      6.3463      15.833      6.6996      12.378      6.1567      13.662      10.774      10.374      13.721      14.108      13.252
      4.7856      4.5263     0.86476      0.1598]"
5,transformed_0.05,RandomSampler,0.020989390348541012,"[     6.5006      0.7252      13.471      5.8321    0.001405      7.4693      13.116     0.97268      10.135      19.746      5.5603      5.0905      10.907      9.7987      7.0451      1.0871      1.8529      0.2801      8.2339      9.5516      5.1939      13.465      6.1049      13.992      3.3182    0.013785
    0.047428     0.14952      2.1852      9.7432]"
5,transformed_0.05,RandomSampler,0.9830874373906134,"[     10.088      6.3598      1.9909    0.015253      14.557      12.955      8.2828      9.2504      3.0373      5.4538      17.706     0.60839      13.989      14.101      9.8979      4.4109      9.7023     0.43055      13.932      12.284      10.039      4.6901      7.2033      4.3317   0.0013069      6.7679
      1.0161    0.025127      12.254      1.6326]"
5,transformed_0.05,RandomSampler,0.19063926232333125,"[    0.68535       13.82      7.5643      14.251      9.0082      11.698      11.776      2.0902      1.0577      14.515      9.0381      8.6066      1.8793      4.0817      7.0208      5.9342      8.2922      12.031      7.8832      4.7446       9.665      9.9849      13.471    0.058959      5.9798      6.9035
      6.6438      9.6077      2.1564      7.1863]"
5,transformed_0.05,RandomSampler,0.06466540953565052,"[    0.03557      11.432      1.4192      11.794      8.7727      1.7786     0.43005      13.309      5.5725      12.037      1.4183      10.486      7.6614      8.5249      3.1409      8.3164      20.505      10.632      7.0278      6.8613      4.0388      10.298       6.468      4.4977      4.5148      6.2499
      12.579      23.054      5.9844      10.107]"
5,transformed_0.05,RandomSampler,0.30011923055767264,"[      6.291      12.931      6.4555      10.048    0.014647    0.072818      6.5802   0.0091554      2.1099      5.5559      4.1332      6.8672       3.358      17.644      4.5698      10.123       6.948      0.5847        9.12       7.959      15.971      9.3985     0.12874     0.56029      8.2952      13.158
      7.0613      11.645      9.2247      7.5366]"
5,transformed_0.05,RandomSampler,0.671583951036324,"[    0.09089      9.2581      6.4328       10.22      3.3209      4.0819      2.5053     0.11071      11.342      3.8408      4.5364      1.9517      6.9092      4.9859     0.35946      19.821     0.12083     0.96391      7.1698       6.363      5.3724      11.001      9.8422      5.9764      10.812      7.2079
      8.3283      6.6864      9.4485      9.1804]"
5,transformed_0.05,RandomSampler,0.007971538370814919,"[     10.898      4.0096      13.226      16.936      16.603      9.0698      4.4464      9.9481      5.3615      10.838      13.086      4.6336      1.4589      4.6641      2.4083      7.4858      7.8012      10.784      6.0644       1.743      17.378      8.3491      6.3657       3.397    0.071478      11.869
      14.642      9.9752       12.41   0.0018694]"
5,transformed_0.05,RandomSampler,0.11034854273023086,"[     7.4157       16.02      13.698      13.586      9.5941      3.5719      23.787      5.1527      7.3152      10.951      8.1443      3.6383      8.5603       6.324      14.288     0.11026      5.9144      9.9818      2.9144      8.0519   0.0018642       9.587      13.321      3.5227      11.871      6.3108
      22.445      1.3064      12.664      3.2532]"
5,transformed_0.05,RandomSampler,0.5683769079328821,"[    0.34892      3.5721      14.918        3.84      0.2468      1.4273      6.3472      7.8209      6.5846      7.0724      10.442      1.8853      9.6803      7.3087      8.6444      15.821      6.0215      12.367     0.96984      8.3934      8.0926      6.2742      6.0975      2.5279      14.534      5.2405
      17.357       7.156      8.5632      9.8809]"
5,transformed_0.05,RandomSampler,0.008650883948746758,"[     3.6365       12.26      7.9203      7.7494      2.6791      4.9024      7.1506      10.847    0.090421      11.146      9.8828      5.9947      12.908     0.44179      10.615      10.382      6.9742      7.5928      14.004      10.604      7.9989       16.56      10.455      7.2624      2.8688      12.905
      7.0975      8.3531      15.806       3.878]"
5,transformed_0.05,RandomSampler,0.5084197337010843,"[     3.4131      6.1961      7.8307       5.428      1.4783       8.894      2.9778      7.2422      7.3011    0.006038      10.673      6.1047     0.35566      10.987      10.616      1.6275      9.5452      9.2889      12.271      3.5873       1.389      3.8573      3.2027       4.517      6.2709      11.162
      6.0689      14.838       3.616      11.715]"
5,transformed_0.05,RandomSampler,0.29716261194834476,"[     8.7717      8.6954      4.8221      1.4418      6.8322        3.49      11.847      16.145      13.764      15.385      2.7634      3.2604       14.17      5.5248      7.5107      10.557      5.3101       9.441      5.4413      16.343      15.002  0.00029917      5.1255      6.1962      11.669      6.1373
      3.2949   0.0077002      5.7664       6.609]"
5,transformed_0.05,RandomSampler,0.8181730741948701,"[     17.544      2.9449      10.281       1.622       13.92      12.661     0.94839      3.4437       11.33      7.1106      5.9385      14.363      7.5299      9.2156      6.1897      6.8039      10.358      1.1825      5.7387    0.026052      8.8663      9.4054      2.1484      5.8198       6.394       6.784
      11.073     0.75545      11.592      4.1364]"
5,transformed_0.05,RandomSampler,0.8273332094673519,"[     6.4692      11.768      17.474      25.169      3.9597      9.1928      12.974  0.00037425      8.6089       7.819      9.5957      7.6708      14.832      9.4782      6.8409       2.569       13.73      6.4647      14.322      8.0748      9.7391      9.8145    0.052241      8.9954      11.371      8.6288
      6.6344      6.1606      5.7186      2.9987]"
5,transformed_0.05,RandomSampler,0.8806672777316729,"[     8.6697      9.3232      14.966      9.1331      3.3717      2.6972       14.97      6.8681      10.928      9.9968     0.65796      1.0477       12.13      6.4187      7.5754      1.3627      10.836       17.25    0.020799      11.326      11.902      4.3061      15.652      13.093      9.3133      4.4652
      13.134      2.9733       9.594      19.745]"
5,transformed_0.05,RandomSampler,0.0015976860466580907,"[     16.062      5.3071       13.57      4.4314      13.757      4.3774      6.3566      10.488       7.511      10.951      7.3937      6.2023       6.417      4.9713      8.4205      12.278      13.724      10.801      10.991     0.36163      7.7037      13.187      11.162      8.4821      6.9557       11.25
      13.037      8.3018      6.4391      6.6631]"
5,transformed_0.05,RandomSampler,0.23790743535196907,"[     8.4921      11.301      12.258      11.629      5.1743      5.5622      2.7457      11.545      4.5479      10.776      4.4495      8.8913      4.5539       13.93      10.671   0.0055149      5.4758      5.4877      13.653      3.8017      7.1379      0.7902      6.9381      14.804      4.6801      9.2985
      2.6728      5.3906      3.2465      4.0714]"
5,transformed_0.05,RandomSampler,0.06878131828650962,"[  0.0077475      7.2348      6.1201      3.0654      10.153      19.024      4.3394      8.5012      8.1676      9.6085      6.2137  2.7418e-06      9.3286   0.0015373      12.529      3.2123      14.014      7.0265      8.1818      7.5111    0.040236       8.443      6.2775      2.2608      2.8077      15.129
      11.735      10.914      7.6309      11.609]"
5,transformed_0.05,RandomSampler,0.04429416828622607,"[     16.275      4.6337      9.3076     0.51051      1.1905      6.2727        12.5      4.3724      9.3131      10.093      1.0847      28.247      7.6316      12.671      5.9281      10.229      13.215      16.278       4.241      6.8058      14.745      15.493      9.7317      15.799      9.3271      12.588
      1.5134      13.429      6.3889      8.9439]"
5,transformed_0.05,RandomSampler,0.953509295802628,"[     12.795      4.7655       8.348       17.17      10.374      12.586       9.448      7.0544      4.1587      10.558       10.74      5.6267       11.73      5.6155     0.17285      13.802       6.616      5.7527      10.687       14.36      5.7627      6.5887      16.387      1.4926      6.0415      7.0731
      11.506   0.0013037      4.5423      9.8802]"
5,transformed_0.05,RandomSampler,0.03392944150604199,"[     2.6886       9.342      18.875      1.2163      12.545      15.735      8.0974      15.648     0.12538      1.1754      10.374      11.575      11.419      2.9962      5.9286      10.985      10.477      9.8513      13.794      8.6558       1.201    0.081088      5.2048      7.7063      5.5135      3.5121
      11.154      3.8072      7.1914      14.526]"
5,transformed_0.05,RandomSampler,0.09874746369638665,"[      5.352      7.7347      7.7659      14.586      3.0271      4.3562  0.00019703    0.027958      6.3018     0.47046      9.9053      4.6522      12.247      5.1523      11.623      12.494      3.1373      6.6489      15.375      7.1655       7.246        8.29    0.010833    0.097101      10.139       6.546
      3.6729     0.75675       4.742       1.388]"
5,transformed_0.05,RandomSampler,0.4758130088124666,"[     10.186      7.7904      3.6564      7.2564      5.9915      12.677      4.8398     0.26739      7.2475      8.7629      15.653      13.819      4.1525      5.7899      14.978      5.9957      4.1827      13.424     0.93624      12.328      16.308      4.6958      7.4803      5.9386      1.6799      9.5908
      7.1985      3.3977      6.8745       4.619]"
5,transformed_0.05,RandomSampler,0.8527649224131295,"[     15.216      6.5861      8.2127      6.3782      8.4401      8.6532      6.0549      13.864      2.7103      7.6538      11.893      11.488      9.3586      7.6113      3.7817      7.9171       7.663      8.7765      8.2145       1.798      8.8744      4.1573     0.12128      10.489      8.8837      7.1846
      4.6137      4.7507      6.7602       11.34]"
5,transformed_0.05,RandomSampler,0.08784875138667463,"[     8.6769      12.996      16.835      7.2285      15.031      5.9427      12.675      2.9486      8.1252      10.667      4.6349      3.1496    0.015491      6.2417      13.091      5.3753      3.8242     0.50227      10.042      9.0668      4.1089      1.2142      1.6994      9.8647      6.3919      7.1896
      3.3848      2.5962      12.264      9.3237]"
5,transformed_0.05,RandomSampler,0.3602512098492096,"[     1.3409      12.378      7.6235      6.3889      9.6792      9.3568      8.4839      16.321      7.7995      12.513       9.323      17.873      10.639      9.1286      5.2964      10.042      5.8096      1.4468      6.8371      10.548      13.852      15.775      11.168    0.073809      10.058      8.7722
      14.407      8.8175       5.506       5.418]"
5,transformed_0.05,RandomSampler,0.5695783424890728,"[     3.1908       7.343      6.0836      12.168      20.368       10.87      9.3426      14.711      11.651      6.5881      7.7584      12.149     0.86319      2.9556      5.6839      8.1947      4.9268      3.5738      1.8778      12.574     0.33811      6.3542      11.573      12.038       6.209      17.916
      8.4398      9.9249       15.38      15.466]"
5,transformed_0.05,RandomSampler,0.0306271844550425,"[     11.626      11.598      8.2664      8.5194      14.689      8.6783      19.529    0.080286      9.2944      6.8033      6.0501      0.3667      11.961      9.0663      10.621      5.1367      5.5898   0.0052954   0.0023932      7.6772      3.1098      8.5755      12.174      7.1983      13.087      4.4646
      4.6322     0.97697      6.8877      2.4305]"
5,transformed_0.05,RandomSampler,0.056274939867672555,"[    0.36327      1.6322      4.9977      11.585      1.9048       11.93      11.616      12.888      25.778       4.227      7.0538       6.276      3.0042      3.9119      10.485      9.0806       11.14      5.5773      2.2665      8.6039      6.0799      3.8469      5.8571      2.3041      5.8879      1.7335
      4.2434      3.4639       2.528      1.5075]"
5,transformed_0.05,RandomSampler,0.0024344630875003043,"[     12.045      4.6245       15.99       6.043      4.6059      5.9638      11.316      5.6537      9.1937      17.784      9.2603      10.974       8.509      1.5496      10.956      10.631      3.2611       8.033      9.3233      11.488       4.819      5.9806      8.4527      8.9939      7.8699      6.1299
      3.4074      9.9326      2.1656      13.692]"
5,transformed_0.05,RandomSampler,0.06643980647011856,"[     4.3442    0.033612      26.467    0.010572      1.3834      10.285      1.9388       3.055      5.7834     0.56835      7.4171      7.4677      16.899      1.2593      8.3507     0.10808       10.22      6.7896       4.428      8.2995      12.285      12.272      13.383      13.205      10.115      2.4644
      7.5197      10.621     0.78569      10.008]"
5,transformed_0.05,RandomSampler,0.3578586632298358,"[    0.40415       6.409    0.054327      10.368      5.6556      10.685      2.8637      1.1862      8.9853      9.6616      9.4711      2.3701     0.60286      8.8837     0.43648    0.091529      10.197      14.633      7.4021      4.0236       5.539  1.2994e-05      7.2144    0.066813      4.6859      14.745
     0.59914      1.0041      9.8289      6.7281]"
5,transformed_0.05,RandomSampler,0.35738032674192577,"[     9.2194     0.52435      7.3101      8.4512      7.3038     0.45611      6.6275      7.3773      9.5357       19.37       3.178      12.245      2.6374      11.465      7.7465      6.4107      4.7422     0.41942      2.7804      9.5586      2.7618      3.5387      10.199      4.7331      8.4335      4.2503
      7.3037      4.6224      10.907      1.7665]"
5,transformed_0.05,RandomSampler,0.16619489072591143,"[     8.7335      6.9705      16.436       15.75       11.66      12.866      20.684      10.925      2.1998      5.0583       13.29      8.5965      7.4148      6.6754      7.4567      1.0992      2.4006      4.5526      10.843      4.7421      9.1977      5.9597      5.4879      14.546    0.010524      10.303
      6.4186      14.666      4.0183      6.8787]"
5,transformed_0.05,RandomSampler,0.00034127492927989086,"[      15.41      6.7539      14.122      4.0441     0.46941      11.934      2.8753      18.448      13.971      3.4929       13.78      12.677      9.7138    0.010905      5.2248      11.331       3.997      4.7423      8.8749      10.271      9.6875      8.2513      9.0852      7.3386      11.126      2.8294
       14.91       10.56      12.812      7.3959]"
5,transformed_0.05,RandomSampler,0.007545799301677134,"[     12.181      16.958      1.6966      10.166      12.952     0.19023      8.3112      1.7358      13.356      8.1954      9.9563      8.2339      1.5116      14.248      8.9552       8.836      8.5478    0.010908      11.858      8.0633       8.503     0.78887      14.298      4.7722      6.9658      11.082
      10.221     0.15292      4.2179      12.484]"
5,transformed_0.05,RandomSampler,0.1522515166698585,"[     8.3801      8.2563      7.9082      8.8114      12.602      12.601       12.34      14.279      9.0721      9.0241      18.358     0.66926       2.138     0.19746      6.2472    0.089414      9.9857      7.5866   0.0010399      1.4957      10.585     0.77659       8.888      3.2332      16.912      12.891
      2.0141      8.7237     0.70538      10.808]"
5,transformed_0.05,RandomSampler,0.937529184809394,"[     11.418      10.993      6.3415      6.3999      6.9286     0.10744      8.5316      12.766      10.826      11.779      9.5082      13.724      3.5746      6.8549      10.755      13.232      4.4862      3.9217      16.072      2.7146      15.773      9.4872     0.06159      6.5178      9.1616      8.0337
      5.5388      13.383      9.7371      6.8113]"
5,transformed_0.05,RandomSampler,0.11133168052833063,"[      8.682     0.30238      10.994      9.9763      9.7976      5.5731      14.708      13.915       11.08      10.883      20.108      13.237      8.6056     0.11366      2.9803      8.9837     0.17868      11.588      9.6649      13.908      8.4622      6.7206      11.594      1.0058      8.1312      8.6172
      7.3029      7.1305       12.99      7.7983]"
5,transformed_0.05,RandomSampler,0.0010680340605272573,"[   0.074339      15.853      1.6445      7.1967      8.1301      10.137       8.123      7.2697      14.786      12.401      14.043      5.9407    0.071935      13.956    0.006007      4.9607    0.087909      10.846      13.029      2.9783      1.5659      12.397       14.22     0.75249      15.354       2.814
       9.888      8.7138      6.1021      6.7008]"
5,transformed_0.05,RandomSampler,0.11015360270725372,"[     10.908      8.6242     0.75443      3.3861     0.72594      4.0461      4.0186      8.7573       13.19      7.9704      11.501      9.9756      11.259      1.2125      11.562      7.4534      11.212      9.8591      14.128     0.32886      14.715      15.848      13.589      9.7806           9      13.573
      1.8711      18.168       9.325      8.9475]"
5,transformed_0.05,RandomSampler,0.17171352837853243,"[     5.6071      5.1428      15.864      9.9112      14.632      7.8341      5.0353      5.0103      5.2073      11.375    0.011296      3.9717      9.5357       4.209      8.9701     0.86901      6.7432     0.15432      5.9609      11.455      9.8824       1.782      12.293      12.089      3.1883     0.22109
      1.9441       11.51      9.3155      12.636]"
5,transformed_0.05,RandomSampler,0.016410782863760312,"[      23.65      11.134      4.0685      1.4991      6.4616   0.0013666  0.00044491      8.8019      7.0435    0.097738      14.376      10.645    0.025989      1.5578      11.657      9.6194      4.5365      11.615      11.468      5.6189      8.8812      10.999      3.5953      12.234      6.0393      4.3019
      12.195      10.626      14.548      2.5702]"
5,transformed_0.05,RandomSampler,0.317429172313378,"[    0.91057      11.915      9.4625      1.2776      17.986      9.4806     0.56495      7.3393      5.0702     0.69086      10.997      2.6979      1.8358      1.5825      4.4381      4.2057      9.9319      3.5393       11.24      10.217      12.015      11.672      6.3895      8.1944      10.276      4.9957
      6.0899     0.17305     0.30309    0.052071]"
5,transformed_0.05,RandomSampler,0.0009689256239850656,"[     21.912      3.0235      7.9808      3.6842      8.2907      8.7036      9.7797      14.391      18.137      3.9539      1.3989      5.2202   0.0078496      3.2131      11.347        8.28      6.5031      4.8703      6.6697      4.8522      6.3736      9.4573      6.7911      6.0443     0.90995      6.6612
     0.11397      7.1655   0.0098188      11.452]"
5,transformed_0.05,RandomSampler,0.08656012695228937,"[     14.112      4.2386      12.789      11.572       2.139       11.73   0.0029047      12.273      3.7883      11.462      2.1012     0.01838     0.22315      12.746      6.6908      9.6737      11.887      11.857      9.7515      10.613      5.3014      5.6773      5.5228      12.522      8.9042      9.0831
      5.5892      11.595     0.25246      13.538]"
5,transformed_0.05,RandomSampler,0.040291545862592586,"[     13.606      4.6433      4.6599    0.028062      1.2189      12.399     0.49912      9.9895     0.69627      15.364      2.9574      8.3401      8.2222      11.328   0.0076351       5.417      7.4841      7.6851      3.3093       1.159      15.026      13.814      2.1679      8.8754      7.3752      8.8447
      14.349      5.9988       15.03      9.1691]"
5,transformed_0.05,RandomSampler,0.014473745051737224,"[     10.089      11.603    0.025306      11.625      10.653      8.2901      10.053        6.15      13.204       12.73      3.9567      8.3356      8.5086       4.105     0.35412      5.4881      4.8168      5.9943      5.1338      10.969     0.35128      12.068      15.426      12.583      14.167      14.055
      14.225      10.781      9.6802      4.7949]"
5,transformed_0.05,RandomSampler,0.09248709486317946,"[     8.8471      19.761      11.347      8.6451      10.364      11.843      4.1735      13.205      4.7069      9.4784      8.4662      3.2592      24.681      8.2783      1.3245      15.305      8.8457      2.4888      3.7796     0.13414      13.106      14.447      7.1288      18.261      8.4415       5.518
      11.138      11.926      7.9087      6.2603]"
5,transformed_0.05,RandomSampler,0.006858672238827799,"[      17.36      9.7595      6.2062      6.6709      12.686      9.9712      18.364      11.916      17.747    0.064986      11.092      10.769      5.7343      6.4941      4.8167      5.8883      7.6002   0.0044442      5.3846      10.755      14.243      18.204      9.5585      6.3465      0.2743      2.9785
      7.0522       14.48     0.10356      3.3003]"
5,transformed_0.05,RandomSampler,0.23755176126609356,"[     9.1067      9.0752      10.548      13.797      16.331      1.3086      7.1451      8.1747      11.936      4.7335     0.11404      2.9668      4.5659      9.9688      16.501      16.698      3.3477      16.233      16.091      12.609      9.8101      3.2552      17.611      1.7332      12.533      9.9213
      13.516      5.0073      5.6129      11.473]"
5,transformed_0.05,RandomSampler,0.0605236057697406,"[     10.286      0.9767      5.4139     0.20531      11.877      14.093      17.182      7.3626    0.097767      3.9267      8.8799      6.2259      4.3927      17.619      5.1572      1.5246      1.9237      6.1138      5.7162      10.319      1.2659      1.0057      6.8454      11.204      7.7525      10.675
      5.0661      9.3534     0.83399   0.0085677]"
5,transformed_0.05,RandomSampler,0.1659245713353188,"[     10.731      6.4409      13.153      8.9543      7.9674      7.4091      12.974      10.872      15.697      16.416      5.5907      18.232      4.0261      7.1636       13.38      8.5979      13.207     0.22038      6.7347      12.706      7.0829    0.028714      11.076     0.92248       17.81      6.8963
    0.041168      7.0906      9.8378      10.748]"
5,transformed_0.05,RandomSampler,0.6832787336013049,"[     1.6244      3.4136      6.1308      6.1371      10.763      7.8444       7.625      12.522      16.025      5.4009      3.0674      3.8357      6.4115      14.537      1.7703    0.032911      9.0335      5.9173      3.2925      5.7602      12.844      15.687       12.95      8.2517      11.256      8.4241
      10.949      2.5847      9.0155      2.9392]"
5,transformed_0.05,RandomSampler,0.084656309168806,"[     15.828      9.0206      6.4607   0.0037101      1.5176      4.0279     0.03734      7.9917      10.963      13.002      8.2443      8.8996      2.1274     0.27876      7.4531      12.678      12.828      10.161      5.4374      10.751      1.1038    0.017873      4.0148      10.596       2.468     0.96769
      17.068      6.4864      2.9598      4.2962]"
5,transformed_0.05,RandomSampler,0.032241415890286826,"[     11.842      3.7933      6.0507     0.11601       18.11      1.0044      2.6678      13.642     0.86925     0.74934      13.565       11.16      11.996      18.938      14.182      8.8878      4.2937       6.109       6.975      8.5224  0.00016974      12.137      10.245      7.8501      7.5167      11.278
      8.3797      12.433      11.113      4.6102]"
5,transformed_0.05,RandomSampler,0.05796567240967438,"[     6.2966      5.8731    0.025385       3.815      7.7255      11.701      7.4541      11.851      7.2293       9.533      7.4553      10.763       0.151      12.117      7.9539      7.9379     0.12702   0.0045232      6.6111      12.565      8.2627  0.00018297      13.223      7.3442      15.158      7.4951
      6.1436      11.485      9.4364    0.072812]"
5,transformed_0.05,RandomSampler,0.10782813346641079,"[   0.055333      7.3208      14.814      5.8006      3.1003  0.00084972      13.111     0.28408    0.095909      0.1011      8.2506      2.2567      18.519      6.5461      9.5851      1.5626      17.483        6.32      9.3936   0.0047017      16.387      14.542      10.997      7.8011      10.033      1.2679
      6.5438      5.7005      11.502      9.9382]"
5,transformed_0.05,RandomSampler,0.5762440077147825,"[    0.50883      1.6932      13.855      5.3665     0.64956      7.4391      1.8224      3.2283        1.25      10.709      1.9199      14.982      11.122      3.7225      14.435      4.7235    0.016206      0.7382      6.1639      7.5682      12.177      5.0286     0.35839      10.357      14.672      9.5044
           5      12.103     0.50053      14.006]"
5,transformed_0.05,RandomSampler,0.17880858170204578,"[     11.298      11.924      9.1757      4.6856      20.412      9.2887      9.5629      12.818      11.413      6.6111      2.8706      10.799      10.028      10.169     0.78222      8.8117      9.3287   0.0018518      13.435      2.1343     0.75867      1.4215     0.22206     0.65344     0.36397      13.522
      5.3417      15.994      6.7055      9.4925]"
5,transformed_0.05,RandomSampler,0.004189005838840761,"[ 9.4886e-05      21.258       4.527       11.65      8.2975      1.6415      1.7382      9.9221      17.244        4.05      5.9616      14.224      1.4686      12.211      12.082      4.4121      4.0349      5.1823    0.011589      7.0295      10.317      3.3554      6.7405      10.731      1.4378      2.5219
      10.188      6.6529      1.5636      13.799]"
5,transformed_0.05,RandomSampler,0.10592099110912645,"[     12.445      7.5117      10.108      6.7732      14.122     0.70913      20.237      1.8794      6.6588      7.5853      2.2213       8.559       3.377      7.8237      14.775      8.3102      16.044      9.2089       11.13       10.19  0.00068415      11.309      9.3817      2.8914      8.3031      7.7462
      4.7888      9.9859       10.35      6.3503]"
5,transformed_0.05,RandomSampler,0.12113266864016417,"[     6.7089      1.4305      9.6115     0.12867      12.684      5.4547      10.214    0.031518        7.73      6.2145      5.4851      6.7549      4.3962       4.212      16.097      3.5688    0.020772      6.4916      5.9878       5.313       9.257      15.753      8.6302      1.1971      6.9561      13.041
      6.0758      6.5371      5.7961       17.48]"
5,transformed_0.05,RandomSampler,0.14235684582296942,"[     11.848      2.0965      6.0656      2.6227      7.2317      2.9856      14.192     0.90897      6.6679      12.513      11.984   0.0029511      6.5338      3.1242      5.8564      5.8407      8.8327      11.115      15.596     0.71059      18.028      4.2758      6.8787      3.0328      18.514      1.5063
     0.39065       11.25      2.5696   0.0035465]"
5,transformed_0.05,RandomSampler,0.2269832342804528,"[     7.9221      7.4163       9.707      14.792     0.15539      8.2204      7.2679      18.637      8.1863      5.5726      6.3722      16.619      9.5457      13.818      4.3698      8.1548      14.184      11.566     0.02147    0.087278      11.121      6.4277      2.4391      15.009       9.892      5.3903
      13.997      2.4542      6.3241      11.111]"
5,transformed_0.05,RandomSampler,0.06554770433521119,"[    0.22371      6.0139      15.364      11.154      7.1298      9.3592      8.8374      6.4748      12.305      9.8482      10.037       7.596      12.147        17.2      8.5695       16.68      16.693      9.0654      11.923      5.3874      12.406       3.187      10.376      3.3939      1.2114       8.036
      12.832      10.688    0.021731      2.8376]"
5,transformed_0.05,RandomSampler,0.005479840456877883,"[     20.693      5.2168     0.44106      12.705      5.7338      6.6522      14.038      10.826      11.861      4.9708      9.5271      8.0835      2.8655     0.65765      9.8048      12.067    0.012113      4.4973      3.6585       7.767      12.344      7.2321      4.2634      11.929     0.83942      4.3539
      4.9586      4.1033      15.449      10.953]"
5,transformed_0.05,RandomSampler,0.21710397052648883,"[     8.6494      16.169      3.4626      7.1757      16.385      10.286      9.8561       8.258      14.285       4.794      8.2651      5.2137      12.656      6.7936     0.53753       9.381      5.3342      17.682  0.00065913    0.079814      6.2363      7.7469      1.5675      3.3533      13.952      13.774
      10.493      5.8917      8.7796      12.012]"
5,transformed_0.05,RandomSampler,0.0003032849883790327,"[     12.918      15.039     0.54365      8.9845      21.321      11.536      11.897      15.646      8.2602      4.2823      2.9853   0.0016993      11.563      14.217      9.2143       8.655      7.9269      5.3248       7.365     0.94079      8.7777      5.8203      9.3692      4.1581      5.8522      12.429
      5.6433      10.188      4.7495      8.5767]"
5,transformed_0.05,RandomSampler,0.0028857053843549148,"[     3.6838     0.11135      8.0017      7.9676    0.071309     0.86698      7.2703      2.5755      12.818      7.1995      10.121      6.9741      12.937      3.2926      13.109      7.7285      8.0925      7.1141      12.565      5.8193      3.8281      5.5488      9.0872      8.6668      5.6212      2.2199
      4.6035      8.4004      7.3107      10.622]"
5,transformed_0.05,RandomSampler,0.27183802231465415,"[     8.3259     0.05346      9.2267      9.2676       4.569      6.6161      4.0007      4.2302      11.795      7.3143      11.878      4.7789      5.0745      8.0607      9.6974      17.089       8.509      18.198      13.368      0.3605      10.548      8.2184      14.967      10.019     0.56349       14.83
      11.545      2.1714     0.17642      3.8425]"
5,transformed_0.05,RandomSampler,0.5312727910402937,"[     6.7772      5.4367      10.254      5.2034      4.5546      7.3238      5.5241      8.3221       15.26      8.6131      3.8946      3.8144      10.554      5.7872      12.624      11.102      4.1804      4.1059      5.2026      7.4238     0.35117      4.2197       11.57       10.51    0.012493      10.806
      12.548      6.3227      3.8818      16.117]"
5,transformed_0.05,RandomSampler,0.027251305987366466,"[     12.056      9.5591      10.016      8.5317      13.366      8.3976      1.9109      3.9031      7.2784    0.020725      11.697      9.0892      10.855      11.743      6.5878      2.2579      16.309      5.0364       1.442      7.2817    0.037361      12.445      9.2102      9.1946      10.296      7.3232
      7.1678      12.667      7.5174      7.2888]"
5,transformed_0.05,RandomSampler,0.14897672494648748,"[     6.3318      10.153      8.0516       6.192      3.6218      4.2845  0.00092047      8.2506      6.9447      5.4207      8.3773  0.00042835      3.0891      1.8577      11.805      6.3596       17.88       10.28      11.237     0.59499      3.1641      5.5439      11.088       10.97      16.122      15.892
      10.351      11.034      7.7295      10.785]"
5,transformed_0.05,RandomSampler,0.2053006814040965,"[     14.384      7.1186      3.4127      9.0433      9.4549      9.6877      9.3784      4.7976      8.9908      7.0759      5.2554      7.9357      15.656      6.5624      10.756      9.7366      2.6848      12.308      16.392      7.2996      4.9892      6.2276      4.3267     0.35127      10.616      12.683
      12.079     0.72376      14.867      2.8789]"
5,transformed_0.05,RandomSampler,0.0005440488974684976,"[     8.0254      11.031      2.9825      6.5905      7.4595      4.1566      6.3842      11.531      13.067      7.2683      9.4187       8.419      7.3689      16.652      3.4189      10.591    0.099531      10.444      4.5015      5.3791      4.0205       4.165      8.2391      2.1948      1.6944      12.205
      7.8094     0.28567      0.1554      9.3731]"
5,transformed_0.05,RandomSampler,0.06773191888884596,"[     5.8028      6.4524      3.1214      6.1584      10.978      17.128      1.6332      1.3466    0.055607      16.969      11.284      6.5679      4.3029      9.0958      14.108     0.99038     0.01006     0.41912      8.5123      8.9902    0.053079     0.52301       10.89      3.0045      8.7938      19.559
      7.1496    0.030841    0.017861      6.7338]"
5,transformed_0.05,RandomSampler,0.032241415890286826,"[     2.3251      12.331      12.829      15.885      3.2241      17.989      10.357      6.6027      11.965      11.764       9.288      6.2127      13.127      5.9714      4.3657       1.516      18.635      9.8476      11.193     0.35001      6.4683      4.9921    0.088305      9.4655      2.6538      12.925
     0.16786      15.828      30.206      12.949]"
5,transformed_0.05,RandomSampler,0.32678368100222555,"[     10.832       3.928      3.7471      1.6497      6.6945      6.8925      10.096       9.161      5.6012      1.6974      5.9017      7.3032    0.016727      2.0733       11.32  0.00031812      9.6909     0.25171       8.397      11.151       5.973      14.837      11.715     0.16114      9.1626      3.3506
      11.762      5.8085      2.8619     0.19931]"
6,transformed_0.1,ClassOrderSampler,0.1530151226370103,"[    0.94675      5.7332      6.1697      2.3965      9.5352      11.099      2.6748      10.562      1.3193      7.7484      8.3123      5.0225      7.2556      11.185      5.3501       8.253      8.7069      10.763      2.2764      5.1922      9.7887      7.7976      7.5813      13.946      10.001      9.2771
      3.2387      9.5155      4.0213      6.0755]"
6,transformed_0.1,ClassOrderSampler,0.017343409111815526,"[      8.586      7.1916      3.8044      3.7296      2.7154       1.659      2.5669      12.652      12.038      6.6003      3.4397       4.148      6.6695      7.0212      1.8089      3.3978      5.3125      7.4331      10.104      7.8917      5.3889      12.077      5.4758      7.8786      8.4965      6.7924
      7.0652      9.3482      4.8624        10.2]"
6,transformed_0.1,ClassOrderSampler,0.6203198863922269,"[      11.49      10.162      11.138      7.9568      8.2495      9.4156      12.818      10.846      8.5581      6.3558      8.2419      8.8386      5.9906      3.4852      7.4628      12.729      19.385      8.9394      5.0856      10.884      11.678      10.307      9.1053      6.4439      11.435      9.0613
      9.5361      7.6766      9.0917       9.873]"
6,transformed_0.1,ClassOrderSampler,0.2884063064219622,"[     11.186      6.4899      9.8061       4.381      9.0889      6.2374      7.7368      7.4394      8.8632      12.057      9.8589       6.149      8.8453      6.8217      8.7017      8.6688      6.3563      6.0783      8.5913      10.155      8.3785      7.7028      9.5077      9.3533      7.1842       10.35
      11.252      4.1706      9.8852      12.521]"
6,transformed_0.1,ClassOrderSampler,0.29213641984841954,"[     17.562      9.3412      9.9839      7.6414      6.7353      11.354      4.6504      13.925       9.009      12.986      6.5222       9.555      8.4451      6.7028       5.685       10.01      7.3176      15.542      6.7828      8.0166      9.9823       6.081      8.2027      8.7177      7.3174      6.5168
      5.8069      10.165      7.5199      14.151]"
6,transformed_0.1,ClassOrderSampler,0.05484359667109722,"[     9.1418      11.547      10.757      11.465      10.303      14.521      8.9166      14.373      11.898      12.205      11.772      14.032      14.964      14.454      16.122      11.426      15.962      14.557      10.835      14.196      19.444      11.901      13.809      11.423      11.222      13.045
      13.825      15.987      11.835      12.459]"
6,transformed_0.1,ClassOrderSampler,0.003505343046274568,"[     10.588      9.5774      7.8101      10.198      17.636       18.93      11.974      9.8618      13.026      15.403      10.567      11.803      16.338      9.4221       14.55      15.644      19.271      9.6515      10.902      13.986      15.773       12.57      15.192      12.596      13.279      11.617
      14.754        8.02      7.9987      10.095]"
6,transformed_0.1,ClassOrderSampler,0.001784961931065588,"[     9.3476      10.657      12.012      11.745      8.9624       11.85      13.339      11.872      8.5211       15.52      10.934      11.903      9.8847      13.498      4.7778      15.843      9.8397      16.611      9.5091      13.076      10.033      11.127      11.869        9.19       11.72      12.143
      9.5274      13.633      12.013      11.169]"
6,transformed_0.1,ClassOrderSampler,0.0020662181714779827,"[     11.676      11.282      10.859      13.482      10.051      8.8592      9.1271       8.668      11.149      13.538      9.9869      11.269      14.358      13.164      11.948      17.728       14.36      15.945      14.504      15.839       10.17       14.51      15.326      17.738      13.301      4.4735
      14.705      5.9798      11.262      14.899]"
6,transformed_0.1,ClassOrderSampler,0.055280859013213564,"[     17.878      11.236      12.002      14.721      15.821      14.739       20.95      14.813      7.8859      7.7352      16.352      15.317      10.714      15.534      13.113      16.479      11.391      18.154      15.589      11.838      15.274       14.61      17.018      11.925       16.39      12.591
       14.46      15.881      10.053      16.797]"
6,transformed_0.1,ClassOrderSampler,0.045951392325508995,"[     16.836      12.344      9.5461      16.605      12.339       17.47      12.497      16.894          13      15.878      10.647      12.864       8.597      12.315      12.248      16.495      9.6328      9.2765       16.55      12.091      11.595      13.509      13.681      15.002      12.168      11.977
      11.683       11.88      14.373      12.731]"
6,transformed_0.1,ClassOrderSampler,0.08325152018410845,"[     15.993      14.096      15.497      14.667      11.345       13.19       14.12      14.491       14.35      15.562      12.636      12.683       16.63      13.711      11.981      10.109      16.988      14.011      16.089      15.714      3.9504      6.2859      15.162      11.043      7.2212      9.3964
      8.1752      6.5765      11.845      12.585]"
6,transformed_0.1,ClassOrderSampler,0.01952727281417962,"[     9.3726      7.9561      6.5595      7.5927      11.412       6.009      8.3452       3.004      1.8437      5.1181       9.505      8.6824      7.9976      8.5786      8.1581      3.8376      5.2788      6.4938      6.2985      7.2845      10.111      6.1423      6.2323       9.862      3.5211      9.2369
      11.771      9.3015      6.7578      4.1093]"
6,transformed_0.1,ClassOrderSampler,0.33678187099697854,"[     5.3288       8.332      7.7165      6.2823       3.214      12.585      8.3741      6.3117     0.55297      7.3702      11.226     0.76344      8.9797      3.3795      11.028       8.903      7.2872      7.0595       12.03      7.3978      7.4797      2.0626      10.379      9.7677      8.5159      10.702
      10.634      10.565      10.882      9.7861]"
6,transformed_0.1,ClassOrderSampler,0.02352006649951846,"[     6.8742      7.7069      5.3634      12.159      5.5684      8.6843      8.1926     0.10415      5.7476      9.5115      8.5527      2.5213      11.048      6.6169      10.407       7.699      7.9209      11.482      12.265      8.9654      5.3702      11.206      12.218      5.2556      3.1801      9.8115
      10.976      8.3437       12.61      8.3697]"
6,transformed_0.1,ClassOrderSampler,0.02620099158816326,"[     8.1403      8.6965      10.326       8.137      7.9049      5.2031      15.473      6.5607      2.4887      6.5006      14.752      8.6457      8.3485      8.3503      6.5558      10.685      16.376      5.3144      7.8417      9.1518      11.584      9.8294      12.744      10.296      10.952      7.9109
      8.7666      11.402      8.6939       4.363]"
6,transformed_0.1,ClassOrderSampler,0.08095356156012638,"[     11.244      12.459      10.986      11.113       3.086      11.536      9.8289      10.201       12.84      7.4386      8.9345      8.7444      9.4054      7.7234      6.3169      14.041      12.533      8.6302      4.7147      7.1532      7.4106      7.7308       5.449      8.5079      10.837      8.4797
      7.7971      7.1607      13.482       8.795]"
6,transformed_0.1,ClassOrderSampler,0.19833540230642382,"[     11.821      8.6567      8.8945      8.0673      2.7789      13.603      7.9377      9.6376      10.112      10.128      10.093      9.4933       15.31      11.913      9.3141      8.2972      8.4073      11.593      9.5181      4.0545      10.878      10.488      5.6513      7.3531       7.621      6.9272
      9.5382      9.6465      9.2568      7.0426]"
6,transformed_0.1,ClassOrderSampler,0.7903214918821201,"[     3.5558       9.962      7.4243      8.2316      7.2975      4.2557       7.261       9.245      8.0745      7.4673      6.1479       7.391      7.9499      14.302      8.7161      9.1908      5.9185      7.3034      7.3742      10.827      11.183      7.8983      5.8175      11.202       7.198      7.2474
       9.597      9.5286      15.106      10.858]"
6,transformed_0.1,ClassOrderSampler,0.032517732801844466,"[     12.294      8.3697      8.0937      13.616      8.6775      9.2952      10.373      9.7643      7.8202      7.4354      9.9003      7.1208       13.71      5.4459      10.452      12.882       7.892      11.445      10.649       5.568      13.888       12.89      12.867       9.081      12.598      8.9497
      13.633      13.401      10.639      10.795]"
6,transformed_0.1,ClassOrderSampler,5.953021765153997e-07,"[     15.332      10.591      15.339       14.29      16.006       9.397      14.741      15.869      14.341      16.213      15.074      15.603      13.506      14.757      13.285      12.714       13.65      13.045      12.112      13.063      15.152      14.106      13.301      14.964      15.891      15.375
       13.73      13.319      13.677      15.432]"
6,transformed_0.1,ClassOrderSampler,0.0017203990101444682,"[     13.449       14.19      16.899      13.648      13.399      12.139      15.578      11.806       17.06      12.362      15.555      11.104       14.37      12.604      14.333      11.099      13.362      15.507      14.914      13.535      14.907      14.234      14.722      16.367      14.065      14.032
       16.79      12.791      14.087      16.188]"
6,transformed_0.1,ClassOrderSampler,0.046609960292851284,"[     18.644      15.298       17.04      16.346      14.758      14.321      17.669      17.886      14.136      15.553      15.787      16.232      13.598      15.752      14.243       13.04      16.537      17.631      14.056      15.246      13.834      21.108      12.129       14.52      11.645      10.568
      15.809      15.797      15.713      13.742]"
6,transformed_0.1,ClassOrderSampler,0.04147497349770752,"[     18.744      16.327      19.759      13.518      17.939      15.787      17.034      15.368      16.023       14.08      14.195      12.784      7.3286      10.548       17.86      12.109      16.836      5.2126      15.232      10.104      6.5362      10.676       11.13      14.346      12.371      6.0997
      12.714      11.513      14.518      10.947]"
6,transformed_0.1,ClassOrderSampler,0.38324536765727074,"[     12.263      15.342       15.53      14.529      11.045      14.114      16.049       12.08      13.715       11.98      10.756      8.1169      12.026       2.896      11.282      15.082       14.68      11.991       15.65      14.301       14.46      6.6974      13.234      16.126      13.644      9.6843
      14.445      13.299      14.694      14.071]"
6,transformed_0.1,ClassOrderSampler,0.0036391174451015154,"[     11.397      8.1418      11.873      13.636      16.737       18.53      12.957      13.498      13.757      17.041      13.421      18.163      14.061      25.624      14.392      16.898      14.844       18.12      16.715      18.944       17.04      17.207      13.409      3.9325      13.449      12.357
      15.708      19.532      13.919       18.14]"
6,transformed_0.1,ClassOrderSampler,0.042688780560037456,"[     14.849      18.842      17.248      16.748       14.08      13.564      13.625      14.648      16.244      15.395      16.589      15.062      15.745      16.788      16.147      14.767      14.331      17.098      11.494      11.505      13.255      16.271      14.607      15.143      12.936      22.281
      15.901      7.4008      12.857       15.42]"
6,transformed_0.1,ClassOrderSampler,0.4066109511272183,"[     11.967      15.502      14.098      11.685      13.921      12.002      16.148      9.4646      11.148      11.395      7.1442      14.538      14.273      10.242      15.157      19.114       18.46      8.4618      14.978      12.765      7.7578      7.9477      12.697      13.866      9.1877       13.05
      12.907       11.68      10.571      15.036]"
6,transformed_0.1,ClassOrderSampler,0.00044746218882270344,"[     12.531      23.284      11.858      9.7586      16.705      10.113      13.346      12.581      13.759      10.835      12.312      10.982      13.282      11.593      11.176      11.118      9.6014      8.3418      10.668      14.751      11.016       11.03      10.839      9.3738      11.847      10.222
      9.7429      11.194       10.94      11.494]"
6,transformed_0.1,ClassOrderSampler,0.0028778452691037813,"[     11.455      10.523      9.4249      12.691      11.917      8.8963      11.743      13.508      13.811      17.069      12.355      9.9226      15.552       12.07       9.753      14.613      14.273      9.8907      13.862       10.16      11.596      10.642      15.054      12.907      9.5304      9.5304
      12.541      13.492      10.593      14.465]"
6,transformed_0.1,ClassOrderSampler,0.08899001642631996,"[     10.235      10.632      15.052      11.596      11.633      9.1129       3.307      5.7545      3.5517      6.0903      4.9985      3.8942      6.0041      5.3068      5.0372       4.544      2.7687      8.9746       6.618       2.477       5.233      7.4662      3.5962      5.8967      5.3514      1.8854
      4.5159       4.891      6.8662      3.7943]"
6,transformed_0.1,ClassOrderSampler,0.013080120411042725,"[     1.7149      5.2761       4.038      4.2999       2.988      6.4821       2.773      2.8828      4.0666      3.3861      8.7285      5.6501      2.4498      3.9324      4.0913      3.9622      1.2318      6.2102      13.509       14.15      13.536      13.044      15.998      12.128      12.952      12.002
      18.659      8.7995      13.815       20.35]"
6,transformed_0.1,ClassOrderSampler,0.00989992178588748,"[     16.504      15.391       15.92       12.57      12.754        11.8      13.263      10.338      10.782      12.079      14.507       13.47      13.622      13.675      17.036      12.347      16.266        12.9      14.772      14.935      10.097      12.148      12.719      15.158      13.243      15.724
        14.2      18.985      16.554      12.771]"
6,transformed_0.1,ClassOrderSampler,0.0012543471906396335,"[     10.856       8.427      10.234      9.9005      13.564      12.154      13.622      14.404      15.944      14.903      11.375      12.554       13.54      7.7066      10.129      13.201       10.91      14.301     0.13398      9.0977      16.215      5.3597      12.752      9.9412      15.937      4.1217
      12.129      5.2792       18.51      8.5839]"
6,transformed_0.1,ClassOrderSampler,0.1271661908247608,"[     11.168      17.777      14.126      1.7449      1.5847      8.8668      8.4553      16.341      6.7564      8.0338      5.6165      14.099      14.115      15.159      12.855      3.9717      6.9304      5.7787      10.287      10.764      15.157      11.858      10.209       16.82      15.492      18.821
      18.135      12.989      14.898      14.286]"
6,transformed_0.1,ClassOrderSampler,0.0005965839770988897,"[     21.605      16.937      14.024      17.324      14.836       14.07      15.916      15.768      15.635      16.466      14.806      16.335      17.832      14.591      14.615      16.211      16.324      13.712      17.385      15.894      14.351      14.532      16.915      14.317      13.885      13.687
      15.703      14.642      13.716      17.033]"
6,transformed_0.1,ClassOrderSampler,0.04651554697311416,"[      18.56      16.652      13.918      16.931      11.974      16.344       13.26      14.954      15.943       17.13      10.866       15.43      13.926      17.496      18.756      11.611       8.527      8.8083       11.41      10.022      18.502      13.253      12.474      11.558      6.3267      9.3352
       10.32      9.2427      11.718      10.981]"
6,transformed_0.1,ClassOrderSampler,0.8901112721215738,"[     9.3988      12.863      11.974      15.335      11.925      12.205      12.909      16.692      8.6191      13.579       14.73       11.21      15.756      15.321      8.2061      4.4872      14.549      12.538      10.427      7.0965      13.295      8.4572      11.603      11.738      13.986      16.192
      10.029      11.559      8.3861      3.9656]"
6,transformed_0.1,ClassOrderSampler,0.0218048236708736,"[     4.7057     0.12203     0.61742    0.054888      0.1102    0.046879     0.86993     0.10237    0.018306      2.1644      2.7008   0.0029189     0.26532       4.115    0.001006      6.9186      1.2217      3.3137   0.0083053      3.3649   0.0021156    0.015618      0.9908      1.1901   0.0085778     0.21568
      5.6146      2.7616     0.15844    0.006342]"
6,transformed_0.1,ClassOrderSampler,0.03809119819897445,"[    0.11362   0.0046079    0.053322      3.0826      2.5363      5.2713      1.3761     0.15342      4.5962     0.93547    0.025954   0.0019635    0.061259   0.0065216      2.2486      1.8665    0.084058      7.4454       1.637      3.3186     0.67853    0.032653     0.23647      4.4205      7.8743      10.506
      6.0896      8.4185      2.1721      0.6342]"
6,transformed_0.1,ClassOrderSampler,0.30438608144698764,"[     9.5294      10.523      5.2055      9.7726        6.53      1.2716       16.16     0.55228       5.517      5.8632       15.82       6.724      9.0253      11.166      1.0091      10.517      5.6498      12.353      12.077      12.375      13.481      6.4814      4.6304      8.5977      6.8786      6.5124
      6.1176      4.7287      8.7929      15.824]"
6,transformed_0.1,ClassOrderSampler,0.2053006814040965,"[     4.0924      1.8734      7.0766      7.0361      6.4861      9.5488      6.4953       6.011     0.84786      2.5563      2.9901      4.9652      11.177      1.9689      8.3748      11.994      10.745       8.093      11.189      5.5105      4.7734      11.171      3.0729      11.095      12.219      3.9565
      8.7935      10.084       7.054      9.3986]"
6,transformed_0.1,ClassOrderSampler,4.348376847290411e-05,"[     8.5761      6.5071      7.8725      4.9964      5.7187      13.904      9.9838      3.6572      8.8056      9.2588      10.099     0.21809      6.5772      5.9715      9.1927      3.0923      4.8873      2.8131      3.2473      7.5156      9.8006      9.2258      10.808      1.9074      8.0716      2.3376
      5.7417      9.5683      4.1655      6.1244]"
6,transformed_0.1,ClassOrderSampler,0.9130282211302269,"[     5.3892      6.7464      12.422      10.384      11.485      7.5785      6.7635      6.2871      10.631      8.7428      2.3485      3.4468      11.163      9.3029      4.3745      4.7166      10.071      4.8882      8.9677    0.021593      9.1898      5.6579      9.7092       2.533      5.1828      3.9859
      2.6718      11.497      9.8555      7.1595]"
6,transformed_0.1,ClassOrderSampler,0.7477041100092631,"[     8.8916      7.1647      9.3582     0.13676      6.1392      11.823      1.5597      4.4296      3.5824       7.993       4.798      2.2651      6.2649      4.7183      8.4964      12.358      8.7704      10.875      10.019      7.7922      9.3699      6.1333      5.3639      4.8742      7.4132      5.6891
      7.1724      8.4655      11.752       7.602]"
6,transformed_0.1,ClassOrderSampler,0.0097324229235976,"[     7.4914      10.415      7.4839      8.9912       10.94      14.593      11.253      8.2539      6.4912      9.1422      10.245      10.466      12.024      11.037      6.3936      6.9984      7.6087      11.465      8.9195      9.2319       8.578      7.6594      9.5949       9.566      8.8922      7.5892
      11.938      5.1289      11.286      10.807]"
6,transformed_0.1,ClassOrderSampler,0.013488215753225351,"[      11.48      9.1632      11.312      7.4951      10.993      8.7732      9.3468      6.9807      8.7972      9.6385      7.0844      11.032       9.711      11.324      18.657       15.77      15.214      8.9761      11.363      10.534      10.021      14.584      13.651      7.7469      10.717      15.342
      10.657      12.054      8.8969       11.01]"
6,transformed_0.1,ClassOrderSampler,0.12585298436748651,"[     14.156      12.391      11.378      6.5908      8.8908      14.287      10.401      8.8879      1.4021      9.3654      9.0807      11.355      20.176      5.3285      12.745      13.056      12.567      7.7715       12.86      12.057      16.232      10.397      12.579      11.162      19.564      10.448
      10.403      4.8298      12.397      16.558]"
6,transformed_0.1,ClassOrderSampler,0.2855283320157451,"[      13.19      10.833      12.322          12       19.12      20.227      13.706      11.228      14.096      13.333       6.526      9.5793       13.64      16.286      6.3565      14.048      14.031      7.7147      15.981      10.279      14.497      11.252      9.3051       13.41      17.276      15.976
      9.4359      16.429      10.477       15.89]"
6,transformed_0.1,ClassOrderSampler,0.0015045326883571433,"[     16.576        14.8      15.773      13.023       12.63      6.2353      4.1274      12.172      19.448      11.477      11.315      8.6938      13.327      13.215       19.39      16.185      11.715      15.022      14.559       12.07       17.43       15.44      12.946      16.061      17.092      13.307
      12.008      14.213       10.87       9.648]"
6,transformed_0.1,ClassOrderSampler,0.0077753878859478515,"[     10.409      10.922      10.197       7.174      8.5787      10.972      8.6334      8.3712      9.5593      9.0269      11.208      10.093       11.78      15.635      11.602      13.284      9.5106      10.523      8.2055      9.7532       11.52      9.6974      8.4868      11.928      6.1843      10.475
      12.107      6.9458      11.399      15.978]"
6,transformed_0.1,ClassOrderSampler,0.07011179555712066,"[      15.61      15.291      10.243      9.1613      14.991      10.835      11.736      9.3689      8.4076      17.707      10.512      11.052      8.8417      10.756      8.4885      7.0853      8.8309      9.9437      9.4507       7.961      9.3152      6.7196      9.7971      10.016      8.6279      7.0053
      7.5735      9.0772       6.059      11.465]"
6,transformed_0.1,ClassOrderSampler,5.308313578920297e-05,"[     10.873      7.0194      8.7701      7.1993      6.2745      7.1795      7.0968      7.9037      7.6747      7.0758      8.8128      6.7035      6.2197      5.3706      6.6471      8.1677      9.3915      6.2608      8.4135      12.459      6.2415      8.6615      8.0588      6.8962      5.9695      9.0553
      8.8133      7.3056      7.2886       9.192]"
6,transformed_0.1,ClassOrderSampler,0.6314195914802858,"[     6.7209      9.3373       5.884       12.54      6.6095      7.4101      8.2197      6.2128      4.5177      1.7337     0.62354      7.7271       5.665      1.4559      3.3556     0.59131      3.7703       4.789      5.1868    0.064552       5.115    0.066251      1.8093      0.2201      0.9519      1.7384
      7.6927      4.6633      8.3463      5.9155]"
6,transformed_0.1,ClassOrderSampler,0.4361547282459976,"[     1.0013      5.6766      5.7478      5.3507      4.5329      2.4283      1.7248      1.7173      4.8383      3.5361      3.1047      1.1971      1.3061     0.21213      4.6047      10.999      5.1247      2.1344      10.147      1.1724      4.8028      3.5221      3.7164      1.8237      3.1272   0.0096697
      2.1746      3.9487      4.1808      4.5611]"
6,transformed_0.1,ClassOrderSampler,0.000108578194240637,"[     3.9367      3.0092      2.6193    0.087082      4.3873      1.9112       2.529      4.1986     0.85408      4.5304       4.585     0.17078      3.4926   0.0059678      4.8054     0.55574      3.1084      3.7763      5.3634      2.8908      4.7957      3.9324      6.4024       5.399      3.5743     0.80949
     0.62591      1.4093      3.6528     0.34884]"
6,transformed_0.1,ClassOrderSampler,0.10164046935282225,"[    0.61261      8.0889      1.4666   0.0044123      4.7101      0.8886      3.9079      3.3654      2.4784      5.3121      2.6294      1.9626      1.7597      1.5185      1.0091      4.2403      4.7002      9.2378      7.3373      9.8623      5.5194      4.9317      13.492      13.212      8.0528      5.6834
      9.5846      11.118      10.178      14.874]"
6,transformed_0.1,ClassOrderSampler,0.09164434749097716,"[      9.768      11.528      7.6825      12.691      8.6224      6.2573      10.935      9.1096      12.343      12.993       7.264      9.1732      12.313       10.91      4.1948      12.362      14.373      10.098      5.5896      10.967      6.1444      12.643      5.9375      9.4325      11.677       5.283
      11.703      8.7812      6.6792      7.3108]"
6,transformed_0.1,ClassOrderSampler,0.48373408391473827,"[      8.574      9.1906      17.683      17.584      18.367      14.925      16.524      14.745      17.082      12.336      13.094      15.912      14.222      19.348      13.302      21.597       22.96      15.888      11.529      15.864      21.003       16.09      15.829      18.586      18.347      20.699
      12.696      15.558      15.411      23.654]"
6,transformed_0.1,ClassOrderSampler,0.09662282153999552,"[     12.112      13.094      13.592      14.914      12.122      19.207      16.588      16.009      12.289      18.601      17.592       17.66      21.567      21.042       12.36      15.854      16.344        13.4      20.579      21.697      21.358      17.056      12.718      18.164      15.773      14.418
      24.047      14.244      16.743       18.13]"
6,transformed_0.1,ClassOrderSampler,0.11903448122862825,"[     14.666      7.2713      9.4304      10.674      7.6325      9.0364      11.034      11.503      8.8862      7.4559      8.9226      3.2879      9.3339      9.6485      11.012      11.762      14.097      9.5078      6.7655       7.842      9.3769      7.4926      8.0672      10.404      6.7127      15.278
      12.945      9.8024       14.89      14.706]"
6,transformed_0.1,ClassOrderSampler,0.02557691660375242,"[     9.5181      10.458      7.4004      9.4491      13.533      9.5225      11.673       3.973      7.4396      8.6377       8.963      8.2346      12.805      10.348       9.341      8.6078      8.8998      11.347      8.6199      15.026      9.4343      12.926      13.006      13.998      15.693      11.561
      13.256      10.084      13.554      10.449]"
6,transformed_0.1,ClassOrderSampler,0.01326708128147025,"[     13.414       13.35      11.991      16.908      17.373      12.005      15.622      17.329      12.295      11.487      13.438      17.964      14.458      13.138      11.684      13.534      16.578      14.985      14.452      14.474      18.469      13.718      13.372       11.95       12.25      13.682
      16.083      17.433      13.992      11.483]"
6,transformed_0.1,ClassOrderSampler,0.0012616597107219926,"[     14.123      18.423      14.276      13.413      12.518       13.39      7.5592      12.097      10.701       12.44      11.398      10.417      9.3807      11.719      10.235      9.7831      10.166      7.3137      10.856      11.051      10.212       13.56      15.556       9.811      6.1007      16.679
       6.715      8.6232      9.6866      10.752]"
6,transformed_0.1,ClassOrderSampler,0.0007248480922235519,"[     9.4474      11.846      9.2733      11.783      7.8768      12.807      9.3414      6.9578      12.503      12.438      10.501      12.508      10.886      12.913       11.09      7.8636      11.116      9.8716      14.555      11.355      9.0881       11.45      8.7418    0.015443      9.8467      7.3462
      8.4915      8.1603      2.4346      7.2269]"
6,transformed_0.1,ClassOrderSampler,0.008294644202735235,"[     10.577    0.067672      4.9941      8.0257      10.447      15.244      2.8572      4.9683      6.1131      6.3148   0.0017468      1.1341      5.0265      8.8625       11.93      5.1937      4.8932      12.798      6.0963   0.0099709      3.9979      9.0328      6.6207      7.2974      2.2561      11.885
      2.6708       6.158      9.7426      4.5286]"
6,transformed_0.1,ClassOrderSampler,0.0007161341584613866,"[     7.6937      4.5189      11.508      5.0957      5.4432       4.957      7.8916      12.853      2.1471      4.8143      13.588      12.207      15.992      11.957      15.502      7.0318      9.5467      7.9608      12.435      13.407      13.081      6.5776      7.9734      3.5339      10.496      13.863
      13.611      11.959      11.515      13.961]"
6,transformed_0.1,ClassOrderSampler,0.16976580982307124,"[      4.415      7.2058      6.0555      7.4044      12.548      9.6336       14.01      26.366      13.472      12.332      13.181      10.811      4.2912      21.886      5.9503      8.0595      14.504      4.1248      5.7126      6.6136      11.243        5.56      8.9838      4.2386      8.3532      11.464
      17.841      6.2872      7.8575      8.8778]"
6,transformed_0.1,ClassOrderSampler,0.3636202466426572,"[     2.5119      7.5773       2.375      5.9141      10.245      12.366      8.5585      5.2623      7.4302      13.766      10.316      6.5298      5.1615      13.971       11.83      10.407      11.307      8.3879     0.29238      15.085      5.1208      6.5419      9.3705      4.1587      5.0828      15.089
      12.799       1.019      7.6074      7.6639]"
6,transformed_0.1,ClassOrderSampler,0.028154620638013494,"[     3.7981       14.59      13.137      7.2749      10.615      10.872      7.3131      6.8644      10.825      9.0959      10.261      9.9414      9.3444      10.383      8.1867      7.9051      13.022      11.035      7.8681      13.698      11.548      7.6828      11.695      10.543      10.547      10.875
      12.206      7.9193      8.8888      12.559]"
6,transformed_0.1,ClassOrderSampler,0.041389616664787215,"[     10.444       10.96      10.768      8.3462      11.925      8.6197      10.713      11.209       11.55      11.138      10.714      16.616      11.286      9.2616      12.699      8.9995      9.4241      10.117      13.979      11.891      14.264      12.799      8.2896      7.7734      10.001      8.9348
      14.029      10.197      10.314      10.969]"
6,transformed_0.1,ClassOrderSampler,0.0009434177259916479,"[     9.9071      17.528      9.8653      13.158      12.574      14.302       10.53      14.794      17.643      21.786      16.156      10.973      11.314      17.345      12.936      11.492      11.625      12.481      14.716      13.283      14.703      16.529      11.776      15.049      13.927      13.307
      13.979      13.991      19.971      13.234]"
6,transformed_0.1,ClassOrderSampler,0.041049064133055604,"[      14.78      14.057      14.622      14.396      14.055      16.384      11.738       15.53      18.048      16.335      14.398      16.939      11.853      12.203      17.902      15.117      14.099      16.037      12.446      17.164      21.539      5.8536       9.911      8.3832      10.175       7.804
      6.9584      1.6348      13.599      3.8342]"
6,transformed_0.1,ClassOrderSampler,0.10668061900300314,"[     9.8857      9.9846      8.3996      9.9535      12.405      6.1928      8.6236      17.817      10.196      6.1658      4.2797      6.7889       11.23      10.445      8.8745      12.789      7.2148      5.8423      9.6636      18.828      8.8217      9.9875      8.4801      9.4492      11.186      13.621
      5.3234      13.378      6.8821      14.475]"
6,transformed_0.1,ClassOrderSampler,0.4066109511272183,"[     15.262      6.5566      5.2854      7.5696      13.907       10.48      10.607      8.6138      11.695        8.68      7.4535      8.9051      4.5139      5.4053      10.481      2.0166      6.2888      6.2104      6.3861      6.2113       4.787      6.8809      3.8665      10.304      9.9754      8.3519
      11.545      6.3768      3.9683     0.24947]"
6,transformed_0.1,ClassOrderSampler,0.05495285199544966,"[     6.1849      2.6905      7.7794      5.8059       7.023      6.3269      6.6092      1.8549      8.2041      8.6441      6.9645      9.1178       9.506      7.3153      10.062      9.7905      13.575      5.7387      5.8212      6.6727      4.0024      5.3478      6.3854      8.9471      6.4482      6.1419
      6.8609      6.5847      8.8964      8.3761]"
6,transformed_0.1,ClassOrderSampler,0.2892321218768933,"[     4.4594      9.9052      11.924      12.926      16.012      12.501      9.4563      8.3192      12.368      13.006      16.245      11.251      11.454      12.799      5.9612       10.79      11.895      10.109      8.0302      8.8508      11.841      10.525      17.919      11.415      12.226      13.032
      15.316      12.631      12.272        11.7]"
6,transformed_0.1,ClassOrderSampler,0.04054269544265523,"[     18.554      13.605      7.2575      11.792      6.8026      15.304      13.376      12.635      17.405       8.841       15.17      12.569      17.092      11.094      13.081      11.769      12.191      15.349      11.869      10.411      15.621      7.0599      10.291      9.3382      10.519      12.525
      6.1296      8.1804      3.8669       7.227]"
6,transformed_0.1,ClassOrderSampler,0.0008299280458099868,"[     6.1813      9.8807      5.4209      5.5487      10.835      5.6536      5.8733       6.912      6.2369       6.717      9.5333      7.4336      8.3753      8.1002      4.7485      8.6052      10.085      4.5695      8.1728      4.6265       8.852      3.5758      5.9681      7.1037      2.6255      8.3748
      1.6421      5.4597      8.2981      19.396]"
6,transformed_0.1,ClassOrderSampler,0.007912235721580146,"[     9.3523      10.646      7.3841      7.7092      5.7429      9.8966      8.8163       8.516      6.4975        4.89      7.9254      9.2276      6.0555      3.2726      7.9731       9.198      11.081      18.679      16.428      11.333       11.76      16.781      13.915      14.101      11.319      12.469
      16.007      19.343      17.641      16.519]"
6,transformed_0.1,ClassOrderSampler,0.08418586103202422,"[     15.064       20.07      14.742      16.287      20.153      22.668      19.538      15.171      8.5409          17      13.058      11.267      19.576      16.912      19.771      13.206      19.879      16.276      12.264      18.802      14.466      13.263      15.953      16.009      13.669      13.443
      20.283      14.111      16.953      20.034]"
6,transformed_0.1,ClassOrderSampler,0.24626700027358034,"[     15.073      13.462      10.514      14.887      14.323      4.0962      11.703      9.0344      12.657      10.598      14.473      17.713      7.5868      9.8137       11.12      11.523      8.6942      10.074      8.3578      9.6644      8.2298      8.7629      10.943      11.459      11.054      10.002
      10.017      20.394      9.8404      9.8585]"
6,transformed_0.1,ClassOrderSampler,0.00017319265117780308,"[     12.878      15.202      9.7795      10.578      12.236      11.645      12.581       19.26      7.8227      15.051      10.072      12.446      7.0432       14.44      11.172      9.8892      8.7303      9.9015      10.598      8.8257      14.544      11.436      13.118      9.6878      4.8619       10.15
      12.676      14.231      10.547      8.2202]"
6,transformed_0.1,ClassOrderSampler,0.06123770150890196,"[     11.976      10.811      14.308      7.9587      9.7177      8.7517      10.548      9.5427      10.746      11.526       10.96      5.3018      10.847      9.8128      9.4383      12.953      8.1234      10.715      11.917      7.0328      13.954      9.7193      11.911      14.081      12.967      12.797
      9.0599      12.245      4.8051      11.826]"
6,transformed_0.1,ClassOrderSampler,0.13760776124371465,"[       12.2      12.238      9.1635      6.6354      8.1703      10.456       12.28      9.1076      10.257      14.634      8.7811      12.747      12.493      8.4901      14.106      8.6824      9.0316      9.9122      8.8872      11.436      10.898      10.433      12.746      11.778      9.6007      9.6864
       7.567      6.8935      7.6782       7.495]"
6,transformed_0.1,ClassOrderSampler,0.2507122015911165,"[      8.805      10.643      8.8741      4.2731      8.1839      13.893       11.65      7.6076      8.3515      10.337      9.6142      1.0521      5.9147      7.5803      12.369      14.774      6.4796      8.0944     0.39049       7.553       10.15      12.953      5.4718      12.637      8.3088      8.7538
      10.497      7.5838      12.671      8.6039]"
6,transformed_0.1,ClassOrderSampler,0.13972916686016193,"[     10.547       12.33      7.9538      11.303      7.3089      10.245      10.353       8.966      6.3858      7.1353      8.9539      12.857      9.4403      8.3926      11.114       11.21      9.0276       10.14      8.9072      9.5066      10.552      11.762      7.4851      11.536      9.3245       9.863
      8.9293      10.591      8.0897      9.8263]"
6,transformed_0.1,ClassOrderSampler,7.6052588951676705e-06,"[     9.5823      8.7873      7.8875      11.714      7.9387      8.2152      7.3343      8.1965      10.167      7.6351      11.667      10.361      7.6099      12.193       6.257      9.6066      8.9577      10.795        10.2      10.986      9.4426      7.2997       9.219      7.2985      6.2191      7.5126
      8.6002       10.11      11.213      5.8336]"
6,transformed_0.1,ClassOrderSampler,0.9240171600465855,"[     8.3633      8.0068      9.8753      6.6807       11.87      15.143      9.8656      10.694      8.7451       10.14      10.816      3.2254      4.9604      13.645      6.8876      6.2225      13.909      7.9421      12.865      11.814      1.4598      5.4568      12.563      14.438      5.3151      10.768
       4.897      3.8128      8.8428       14.61]"
6,transformed_0.1,ClassOrderSampler,0.19833540230642382,"[     6.0629     0.39561       14.14      2.7401      9.5088      9.6321      8.5963      6.1682       14.64      13.512      7.2454      10.478       7.895      8.6117      9.9575      11.726      11.889      7.8414      7.8623       9.697      10.628      8.2633      5.3336      1.9331      6.6616      11.491
       10.12      14.766      7.2394      9.0811]"
6,transformed_0.1,ClassOrderSampler,0.1139188824676827,"[     14.629      10.353      10.902      12.391      10.969      13.001      14.349      10.134      7.8864       16.21       9.094      7.7324      16.882      16.763      11.331      19.489      13.296      12.601      15.765      12.522      11.204      16.396      11.694       13.87       6.971      15.519
      21.446      14.677      6.0903      22.858]"
6,transformed_0.1,ClassOrderSampler,0.03129115205140328,"[     17.901      14.691      15.447       16.26       8.644      10.852      12.924      11.388      14.982      18.982      11.506      9.1136       9.847      9.7185      11.454      12.924      11.955      15.811      12.303      14.488       14.95      15.035      13.615      11.326      12.676      11.881
      11.021      11.189      13.233      13.055]"
6,transformed_0.1,ClassOrderSampler,0.0036294141355084145,"[     9.8579       9.132      15.739      11.594      9.0311      10.771      11.285      12.735      8.1667       13.26      11.899      11.506      11.634      9.9552      12.957      10.095      14.282      10.801      12.054      12.977      12.299      8.3801      12.295       10.92      11.508      10.325
      14.513       11.51      14.538      11.204]"
6,transformed_0.1,ClassOrderSampler,0.002271625959439053,"[     14.851      11.862      9.9677      12.257       12.07      9.2559      10.649      12.266      11.114      14.893      11.253      9.7517       16.79      11.093      10.083      10.109      12.406      12.562      11.917      13.375      11.411      15.175      10.487       10.08      9.5547      12.921
      15.394      10.754      6.1472      7.2021]"
6,transformed_0.1,ClassOrderSampler,1.9308982835576303e-05,"[     10.243      7.4468      9.8889      8.7958      2.0132      16.784      14.893       8.372      9.1859      11.143      13.131      3.8896       9.365      11.882       12.47      8.8865      10.059      11.364      12.103      9.7769      9.2063      11.332      8.6494        11.3      10.555      13.062
      9.1077      11.607      11.541      6.6488]"
6,transformed_0.1,ClassOrderSampler,0.2706533740965055,"[     15.996      13.478      9.3313      15.939      3.9085      9.7638      4.7222      3.6007      4.8219      5.7631      7.2465      3.8011      3.1237      8.0505      9.1979      5.4044      2.4841      4.2253      8.0265       4.461      7.2337      4.9528      8.1478      7.9543      9.5316      6.1418
      3.7469      13.832      8.3701      5.9126]"
6,transformed_0.1,ClassOrderSampler,0.12390383404943175,"[     9.7402      7.9692      3.7225      14.554      5.6786      5.4926      11.929       6.747      5.0982      8.7552      2.9146      8.2544      4.2978      2.9052      6.7137      2.4213       4.884      7.0793      6.7971      6.8013      7.9701       9.528      4.2915      10.196      7.7253      10.076
       6.325      17.404      15.579      16.722]"
6,transformed_0.1,ClassOrderSampler,0.004101407936259342,"[     11.305      15.809      6.1459      11.741      13.596      16.916      16.695      18.721      12.518      17.234      14.369      13.684       10.18      14.907      12.974      12.433       15.75      17.675      14.211      11.344        14.3      16.896      18.854      11.226      16.571      16.208
      16.875      12.852      12.907      16.199]"
6,transformed_0.1,ClassOrderSampler,0.012209293278206456,"[     14.334      13.769      14.211      15.601      15.247       13.23      13.036      18.317      11.424       13.07      10.789      11.946       10.53      9.5994      8.0864      6.2952      6.1763      7.8339      4.1619      7.9048      10.039      7.4983      7.9013      6.0003      5.7214      8.7974
      7.7615      3.4013      3.6663      6.9857]"
6,transformed_0.1,ClassOrderSampler,0.0038588303604415453,"[     9.1631      8.3022      6.5036      6.5203       6.857      9.4077      5.0516      8.7287      5.2925      7.6019      2.3059      7.1421      7.3485      6.7047      6.5133      7.9243      8.1738      10.193       7.876      5.3314       7.307      9.9296      5.2535      6.5101       6.913      5.7213
      6.7916       4.775      6.1039      5.1176]"
6,transformed_0.1,ClassOrderSampler,1.290853985615086e-11,"[     11.189       1.523      1.2796      1.1288       2.055      1.6352     0.72285      1.5958      3.4372    0.086094      2.0004      1.5137     0.11216      2.5766      1.0998      1.4288      2.5508      5.2109      2.0262      3.0167      1.1713      2.1776      2.5375      1.3763     0.25203      5.2012
      2.2671      3.2488      3.1963      1.5174]"
6,transformed_0.1,ClassOrderSampler,8.710264497363969e-07,"[     1.9291     0.10843      1.3043      4.2557      4.7371      2.5505     0.44309      2.6314      1.6856      2.2336      5.6617        0.71     0.53603      2.3977      1.4557      3.9645       3.992      1.5511     0.92768      3.0767     0.85542     0.53805     0.90324      3.3468     0.52227      8.7695
  0.00034136      10.445       11.78      8.0016]"
6,transformed_0.1,ClassOrderSampler,6.886812111420774e-05,"[     13.158      1.0312      1.8796      11.675      11.367      8.6314      11.997    0.066854  0.00040606       2.995      7.3919      10.644      7.7291      7.0373      6.4913     0.18836      5.8404      12.653      12.428      7.6149      4.5473      10.817      8.9276     0.19456      5.4019      11.075
      4.0863      11.893      7.6824    0.043439]"
6,transformed_0.1,ClassOrderSampler,0.22013366047118468,"[      7.561     0.87707      1.4029    0.031905       0.843      12.018      1.0661      7.5103   0.0019982      6.9787       4.406      7.3564      10.213      9.2106       7.947      15.156      3.6318     0.57235      5.8058       8.136      3.8735       7.139      11.082      5.4639      6.0554      5.1423
      5.1986      10.634      2.7514      4.0622]"
6,transformed_0.1,ClassOrderSampler,0.027609532803111535,"[     10.532      8.8289      11.347      6.0243      8.1406        14.5      7.7746      7.2654      4.7274      16.944      9.1728      4.4037      7.3733      6.9479      11.424      1.2822       8.523       9.671      8.6641      7.5712      4.0323      8.2531      2.8896      9.0027      2.5919     0.97512
      9.0444      9.6883        6.82      8.1709]"
6,transformed_0.1,ClassOrderSampler,0.17339633190641562,"[     4.8576      7.8323      6.1136      7.2041      5.4408      6.7856      4.9175      10.195      4.7264      5.5575    0.012738      8.3756       7.264      5.4099      6.6353      7.7918      4.2015      7.7373      1.3856      3.8459      3.7709      6.6818       6.323      5.3686      9.6843      7.8156
      3.2006        6.74      6.1112       10.15]"
6,transformed_0.1,ClassOrderSampler,0.031023970666203958,"[     7.1285      9.5779      3.3477      7.6083      11.332      8.5429      6.2795      8.8069     0.91955      5.7458      8.6793      8.0638      9.3435       14.47      13.531      4.7467      12.113      11.881      12.277      11.408      14.527      8.3213      18.581      7.6113      11.777      11.442
      9.5373      14.223      14.127      9.6565]"
6,transformed_0.1,ClassOrderSampler,0.5581131437138146,"[      12.18      9.3314      10.551      12.385      11.252      8.3653      10.239      11.791      13.022      12.899      12.732      8.1042      8.9333      9.2896      11.428      10.713      4.5605      16.309      13.683      16.894      10.984      6.3961      12.154      12.173      7.0408      9.5772
      12.479      10.802      12.271      15.344]"
6,transformed_0.1,ClassOrderSampler,0.12782694894689506,"[     7.2478      7.8405      8.2201      8.5904      7.7787      9.7856      11.199      7.8465      12.313      10.295      6.2534      5.6133      7.4693      10.405      1.8382     0.30758      8.8259      9.6612      6.2997      8.4157      6.2282      9.1371      14.662       7.291      10.046      7.6232
      2.1324      9.7734      10.788      4.5074]"
6,transformed_0.1,ClassOrderSampler,0.08371760051619573,"[     6.5239      13.199       10.52      1.7605      5.1672      5.4622     0.52902      2.7393      8.4743      10.838      8.8246      5.4426      4.7487      7.5359      9.9893      9.4602      5.3917      11.754      9.3419      8.5442      4.9524      7.7065      13.595      3.1156     0.22356      5.0112
      5.0202      11.819      7.9906      11.538]"
6,transformed_0.1,ClassOrderSampler,0.030234843851927675,"[      14.08      10.959      12.027      11.763       13.43      9.8276      8.2223      11.483        12.9      10.433      10.321         8.5      11.139      9.9574       10.15      12.245      7.3244      19.476      11.496       13.82      6.9099      11.872      13.608      10.186      9.4983      7.5265
      14.655      12.083      10.945       9.263]"
6,transformed_0.1,ClassOrderSampler,0.39178624232873993,"[     9.4146      10.938      10.354       13.39      13.898      12.507      17.225      8.2616      7.3284      12.269      9.3003      14.172      13.257      10.461      12.378      10.817      1.2401      1.5926     0.08092      4.3362     0.57657     0.11558     0.14001    0.058605    0.065992     0.38753
     0.82517     0.83319      1.2137      0.2713]"
6,transformed_0.1,ClassOrderSampler,0.032172845886799806,"[     11.434     0.20733   0.0079669      2.6982      0.9174      5.1064     0.11791      1.0839      4.4929     0.01783    0.011274      2.1197   0.0038523     0.39635     0.57679      1.2595      3.0548     0.38872      5.4885     0.18567    0.013917      2.2871    0.076357    0.060212      8.4129     0.30006
     0.10426     0.83488       1.006      4.1727]"
6,transformed_0.1,ClassOrderSampler,3.6720396524223884e-05,"[     2.6626     0.06677       5.311     0.99435      1.8996    0.042408     0.26002     0.79517       2.399     0.64635     0.10463      9.6092      9.4182      5.0495        4.61      8.5088      10.097      11.126      8.9981      12.306      9.2358      10.838      9.2162      9.1199      12.344      9.7136
      10.132      9.3945      8.6184       9.786]"
6,transformed_0.1,ClassOrderSampler,1.186013161919019e-05,"[     6.1038      8.8316      8.7421      8.7065      5.5012      10.063      11.165      8.7139      8.2813      7.8568      11.901      9.9568      8.4743       10.13      8.1377       9.477      9.0483      10.673      9.3319      6.7179      9.0223      10.615      11.756      10.851      10.507      8.9364
      8.4864      9.7696      5.9182      9.1442]"
6,transformed_0.1,ClassOrderSampler,7.725436564480605e-05,"[     7.4953      6.7262      8.4259      9.7234      9.2507      8.1983      9.8185      6.3595      8.1389      9.4378      5.6471      10.076      7.4997      5.7947      6.2012      5.3395      9.8911      7.5064      8.3723      7.0723      7.0928      4.8818      8.2778       4.763      5.2804      2.9958
      12.391      10.557      8.5118       7.547]"
6,transformed_0.1,ClassOrderSampler,0.05911666196636959,"[     3.8031      8.5882      2.5063      8.4754      9.3102      3.0186      5.6689      7.8133      9.4948      8.3032      16.089      9.4721      9.2191      8.1006      3.8264      12.074      13.523      15.657      15.437      21.542      7.8822      12.381      4.7139      9.9371      10.292      17.083
      11.097      4.5695      8.9713      7.9771]"
6,transformed_0.1,ClassOrderSampler,0.28226463182105954,"[     13.359      12.591      15.792      11.086      16.154      7.1137      15.366      7.5854      7.5579      12.169      14.408      11.769      8.3477      10.154      7.0208      13.022      7.0356      7.3287      9.5183      9.6595      17.577      20.922      15.407      13.107      9.1167     0.03822
      13.438      8.6539      14.036      13.244]"
6,transformed_0.1,ClassOrderSampler,7.144426079460967e-08,"[     13.894       12.61      16.721      11.417      15.819      14.837      9.0795      9.5925       8.807      12.242      7.1977      10.376      8.0912      7.3139      7.4424      9.4784      5.5786      7.8674      6.0019      5.7454      8.4067      8.4599       7.704      7.6535      7.2091      9.4418
      11.136      9.2912      8.4316      5.9631]"
6,transformed_0.1,ClassOrderSampler,0.0005067301326949255,"[     11.118      6.6615      4.4078      8.1788      6.4219      6.6645      8.8596      5.3435      5.4318      8.7392      6.1293      6.7868      9.4911       5.698      5.8813      6.2418      5.9506      8.5204      8.6019      7.6368      8.5248      7.6818      6.6223      7.5184      7.9889      7.4465
      7.6203       6.548      9.0953      9.2928]"
6,transformed_0.1,ClassOrderSampler,0.1933825825724405,"[     11.171      4.2149      4.1828       6.326      6.3338      7.4576       10.03      6.9802      8.7111        7.35      4.8436      6.5235       5.419      7.8594      10.243      5.4333      9.7838      6.9093      7.2825      8.7178      8.3608      4.5531      6.3099      5.1801       6.683      5.8904
      7.5628      9.1595      5.8209      8.4459]"
6,transformed_0.1,ClassOrderSampler,0.5533097440116153,"[     6.9526      7.4092      7.0585      7.9446        6.19      6.4067      8.5514      9.8658      8.1726      8.8341      8.6384       9.511      9.4594      7.4875      7.1026      13.985      7.7959      5.5794      4.9608      8.8192      8.7126      8.9405      8.3932      6.7963      6.1652      6.3827
      5.4328       9.338      4.1035      5.5221]"
6,transformed_0.1,ClassOrderSampler,0.009544101719918614,"[     7.8809        6.94      9.4923      8.3806      7.0086     0.10983      5.6628      2.6293      5.9156      7.2778      6.2721      10.101      2.9714      6.9591      9.6376       5.826      7.6787      11.049      6.0384      6.4764      6.2364      7.6854      8.8032      10.697      13.364      6.9522
      5.3517       10.61      6.3863      7.2292]"
6,transformed_0.1,ClassOrderSampler,0.004450440755490144,"[     8.8442      7.6442      3.7607      8.1981      3.4279      9.0481      4.2108      7.5061      6.2718      11.798      9.8517      5.5602      7.2578      13.568       10.62      11.384      6.6096      8.6749       5.826      7.1882      6.9616      7.0654      6.6738      12.533      8.1297      9.4067
      10.169      10.725      6.9979      6.6676]"
6,transformed_0.1,ClassOrderSampler,0.19677513481243827,"[     9.8752      4.3183      8.0689       6.362     0.86387       9.311       10.87      9.9787      6.8799      2.9811      6.2708      8.8006      5.7753      9.7353      9.1068      7.9993      3.3927      6.8029       12.06      10.634      14.633      8.4012      8.1802      10.242       9.123      6.8832
      5.8722      10.769      8.3319      6.4762]"
6,transformed_0.1,ClassOrderSampler,0.08201925244819903,"[     4.7072      8.7518      8.7429      10.469      9.9333      2.4582      6.0139      9.0766      7.3619       3.805      9.1542      7.2063      6.6519      4.5821      10.048      11.256      10.073      8.6834      5.4069      5.3689        10.9      6.8045      3.1035      2.9318      10.254      7.6732
      7.3141      6.6469       8.156      6.7755]"
6,transformed_0.1,ClassOrderSampler,0.0376166455025619,"[     8.1462      9.5893      6.9003      7.6024      9.1379      9.3281      9.1112       6.528      12.602      13.842      8.2348      8.6894      14.719      10.694      8.6818      4.6631      5.4307      10.773      9.6754      7.1598      9.4766      9.2059      8.0123      7.2811      10.982      10.083
      8.3577      4.2703      10.001      7.2389]"
6,transformed_0.1,ClassOrderSampler,0.014990215608480966,"[     10.365      9.4961      7.5228       6.269      8.0904      9.2823       10.19      7.9369       8.899      9.6331      9.4711      3.6383      4.2159      8.0375      5.7793      7.1654      9.5645      8.9914       8.363      2.6336      9.2539      8.6058      5.3005      7.9614      13.006       7.796
      9.4089      7.7582       8.369       5.947]"
6,transformed_0.1,ClassOrderSampler,0.6912818035866773,"[     6.4709      7.3423      4.8686      15.636      13.552      3.2284      3.9926      10.857      8.7527      14.064      10.837      9.6029      11.369      11.646      9.7525      11.118      8.4042      8.4739      11.942      13.696      5.1366      11.018      6.5297       7.467       10.87      6.4651
      9.4491      18.156      8.2529       7.719]"
6,transformed_0.1,ClassOrderSampler,0.28348545647998313,"[     7.8699      5.0487      7.3695      9.8429       14.48      4.0545      8.0219       15.74      7.2596      12.182      10.379      7.0591      6.3306      8.1071      7.8861      5.1033      4.2815      6.9935      9.5845      11.423        13.9      8.3311      5.0814      4.7872      8.4976      5.3955
      3.5712      6.6135      9.1633      4.6725]"
6,transformed_0.1,ClassOrderSampler,0.7399224265989182,"[     9.0137      13.768      7.8692      11.378      8.6009      6.4347      7.7048      3.0733      8.3394       2.436      9.5339      10.273      11.158      12.794      11.419      5.9821      15.704      13.271     0.19793      2.2436      9.7602      8.9649      6.1757      2.3029      14.234      11.744
      6.1268      8.4609       10.96      7.6092]"
6,transformed_0.1,ClassOrderSampler,0.07146452546628636,"[     9.9653      7.0517      7.5421      4.8374      8.4082      9.0975      4.9355      6.7882      9.1265      7.7572      5.6233      6.3025      12.764      7.6009      9.9521       2.272      9.5816      4.9634      5.2283      5.7314       2.812      3.7145      4.5349      3.1756      2.1931      2.4026
      3.7463      1.7115      3.6197      5.1902]"
6,transformed_0.1,ClassOrderSampler,0.00013528800249291005,"[     10.283      4.3521      7.3142      5.3424      6.9339      6.4644      5.0365      4.4648      5.8252      2.8546      6.2429      7.2508      4.0892       1.059      6.8608      1.0953      4.3217      6.4879      4.5427      4.1479      6.3173      8.2618      7.3759      3.0357      5.9888      3.0007
      5.3538       4.281     0.95562      2.4589]"
6,transformed_0.1,ClassOrderSampler,0.011892790975263192,"[     2.1615      6.5031      2.1599       1.774       4.913      5.4054     0.08224      3.8837      10.367      8.8891      4.0286       10.12      8.1213      7.7565      6.7251      2.9115      7.5264      6.6553      7.1686      7.7157      11.374      9.7461      7.2152        11.1      13.382      6.9305
      5.9625      7.6335      7.4286      10.058]"
6,transformed_0.1,ClassOrderSampler,0.13094845045182657,"[     9.0998      6.6283      9.4499      3.8893      7.8544      3.9621      11.078      7.6687      8.1916      6.4051      7.8263      5.8782      14.427      7.4974      10.429      9.4581      6.2032      11.088      3.5925      1.2354      8.5291      10.369      5.1647       8.081      12.366      8.3584
      8.1832       5.455      8.2306      11.453]"
6,transformed_0.1,ClassOrderSampler,0.0031052200495898783,"[     21.499      20.233       13.89      14.468      14.466       17.48      17.623      18.912       21.64      19.686      23.411       15.88      14.729      16.437      16.989        17.1      14.594      12.999      15.599      13.848      18.312      18.113      14.054      10.646      14.479      13.162
      15.575      21.769      15.433      4.3521]"
6,transformed_0.1,ClassOrderSampler,0.0013682420909385828,"[     14.591      13.803      11.155       16.69      17.263      14.097       18.29       9.941      19.532      16.193      13.337      16.442      14.597      11.211      19.516      13.552      15.431      18.174      16.127      11.336      15.424      17.161      14.501      16.604     0.30241      6.1355
      3.0971      1.4282      7.1461     0.44911]"
6,transformed_0.1,ClassOrderSampler,0.2017955634724838,"[     6.6728      4.2052      2.8532      4.7252      11.689      5.9211     0.29195      5.3971      4.7656      7.2499      8.2609      5.8155      0.6694      1.3975      1.3102      5.3819      5.1435      6.6904      0.2758      4.0025      1.0653      1.0174      2.4051      7.4827      2.8206       7.796
   0.0045308      7.5103      3.5915      12.908]"
6,transformed_0.1,ClassOrderSampler,0.07214863711020371,"[     7.6627      5.5744      10.417      4.6599      7.0169      5.9234      11.744      16.785      14.381      15.944      11.442      12.223      18.859      13.892      23.773      8.2585       11.55      18.019      13.869      10.204      15.527      20.653      16.797      10.887      10.694      14.047
      9.5346      14.026      13.021      14.969]"
6,transformed_0.1,ClassOrderSampler,0.7023225105673265,"[     13.309      14.244      14.335      15.304      13.538      16.075      20.648      14.014      10.757      25.175       22.35      14.581      12.717      11.893      14.082      20.951      13.046      18.375      13.805      16.744      8.2491      9.0934      11.138      8.6244      7.6466      9.6427
      11.136      10.274      13.982      9.6559]"
6,transformed_0.1,ClassOrderSampler,0.0021909602008141757,"[       16.6      13.889      10.159      9.4614      17.421      12.521       12.78      12.944      12.482       10.25       13.28      8.0052      16.513      10.324      3.6482      8.1237      8.2736      9.7203      1.6734      9.0097      12.765      10.085       10.66      12.645      9.1822      10.914
      17.457       10.51      5.4628      12.448]"
6,transformed_0.1,ClassOrderSampler,0.0014619640007530708,"[     11.269      10.373      13.174      8.8893      11.319      6.8678      7.3166      7.7386      5.3813      7.6486      10.499      9.2899      6.6506      10.008       8.376      8.4421      12.317      11.551      9.1697      16.414      8.0571      12.914      6.5792      10.893      9.8319      8.5092
      8.2137      7.1664      8.5286      8.4607]"
6,transformed_0.1,ClassOrderSampler,0.0006678887407215739,"[     6.3675      11.337      8.1969      7.5753      9.4319      9.3766      8.3543      10.233      7.7502      9.5314      9.9728      9.0314      9.1368      13.188      8.1453      8.1309        9.86      9.4904      8.6928      7.7603       8.163      8.4507      7.2233      9.0075       12.65      10.828
      9.9615        8.34      9.6129      13.585]"
6,transformed_0.1,ClassOrderSampler,0.45631040884489216,"[     6.6761      7.6751      5.6554       11.72      7.5897      6.8033      13.295      7.7448       2.754      9.8825       16.09      15.669      16.838      20.102      15.947      14.317      13.062      16.064      14.737      13.512      15.543      18.274      15.677      13.933      9.6014      14.608
      14.515      19.066      18.154      8.1364]"
6,transformed_0.1,ClassOrderSampler,0.02310601967801252,"[     13.556      15.113      14.417      10.883      10.679      13.561      17.146      4.6841      15.364      16.074      8.6907      13.857      22.243      16.046      12.628      13.072      18.358      20.833      11.839      14.729      15.318      17.773      23.088      12.849      18.457       14.93
      12.848      16.406      15.534      5.8085]"
6,transformed_0.1,ClassOrderSampler,0.06851749848581445,"[     12.938      21.063      17.433      16.895      9.2599      15.283       14.63       18.56      20.322      13.112      15.164      11.673      13.811      17.305      15.158      8.7553       12.96      14.291      13.861      13.485       15.27      9.6006      13.525      11.535      12.105      12.116
      15.383      17.279      14.248      19.104]"
6,transformed_0.1,ClassOrderSampler,0.0076026142416481994,"[     17.144      13.922      12.609      13.981       16.34        13.1      16.121      11.824       13.91      10.963      12.203      17.385      11.259      13.092      14.851      10.597      10.951      10.754        10.2      11.127      13.888      9.4404          15      11.055      13.529      12.013
      11.116      9.3031      13.079      19.228]"
6,transformed_0.1,ClassOrderSampler,0.12871288475314466,"[     5.9388      11.512      12.306      13.769       15.52      15.007      18.875       12.65      13.948      14.013      14.082      10.503      16.177      19.922      11.741       11.58      7.6781      18.593      14.678      13.736      15.942      19.024      12.207      11.312      13.478      14.955
      11.559      8.6284      12.783      11.699]"
6,transformed_0.1,ClassOrderSampler,0.040207899470351645,"[     15.167      13.295      14.588      14.637      18.919      16.547      15.517      24.271      16.785      17.215      15.793      19.316      19.244        16.2      13.903      17.074       13.85       13.24      17.013      11.993      10.131       7.206      10.838       7.066       11.15      12.124
      9.1807      10.316      3.2172      9.0511]"
6,transformed_0.1,ClassOrderSampler,0.006789722314781735,"[     1.9869      8.6707      10.334      9.3046      6.4452      14.654      8.1309      7.4964      12.306      5.4851      6.9562      10.039      5.4887      7.7595      8.1127      11.539      7.5042      9.5778      3.4765      5.5934      9.1284      10.564      17.857      10.703      6.0567      8.8387
      10.893      6.3878      13.194      5.2691]"
6,transformed_0.1,ClassOrderSampler,3.77964164226631e-05,"[      5.213      7.5428      13.929      10.919      7.7514      9.8868      11.965      7.7782       10.18       7.081      7.2756      11.524      11.812      12.258        13.9      13.085      14.564      10.488       11.94      13.051      14.927      15.042      13.584      9.7723      14.346      12.685
      15.159      14.331      13.958      15.817]"
6,transformed_0.1,ClassOrderSampler,0.0011696234597476992,"[      15.64       14.65      11.175      15.447      13.234      12.388      13.335      12.852      17.139      13.615      13.212      13.799      15.908      14.877      18.049      17.234      13.094      13.449       13.98      16.186      12.187      11.758      14.341      12.687      15.025      13.809
      14.649      12.282       11.39      13.814]"
6,transformed_0.1,ClassOrderSampler,0.059349277830117245,"[     16.635      14.942      3.6229      2.7345      4.7384      4.8476      3.8186     0.86336      5.7214      4.5771      3.5893     0.32108      1.5217      4.2278      6.3261      1.8821     0.81057      3.5641       1.647    0.015527      3.6782      4.0794    0.036106      2.3531      3.6412      3.1095
      2.6546      3.7666      5.6126      4.5778]"
6,transformed_0.1,ClassOrderSampler,0.038893618310203604,"[     3.0431      3.4798      7.4802     0.20958      6.2066      4.5991      5.1886     0.41249     0.29043      6.4849       6.621      4.2499      3.1304      4.6579      4.5967      5.1863      6.4459      4.8101     0.41313      16.591      21.638      17.328      13.116      17.037      15.649      9.6274
      14.975      18.636      13.978      19.342]"
6,transformed_0.1,ClassOrderSampler,0.1369064153208488,"[     15.759      17.666      17.179      22.178      16.027      19.357      15.225      17.889      14.985      16.205      14.094      14.426      18.898      22.272      13.221      16.272      15.662      14.344      14.554      13.414        13.6      23.865      15.388      21.742      14.711      12.558
      18.888      15.171      14.687      17.226]"
6,transformed_0.1,ClassOrderSampler,0.35452424431726753,"[     14.408      19.842      16.853      14.988      23.111      18.333       14.57      13.883       15.01      18.243      13.795      10.366      8.4242      10.183      8.0568      7.2261      6.8467      7.0884      8.4434      9.9168      6.9544       7.555      9.0463      10.508      10.365        8.77
      5.9314      7.2442      9.5802      9.3177]"
6,transformed_0.1,ClassOrderSampler,0.3526257689122204,"[     10.568      11.708      9.0501       14.85      7.8496      7.4663      9.1944      7.4309       9.104      7.5329      7.5153      9.4123      7.0389      7.9763      6.7058      9.0415      9.0478      7.3138      10.975      8.0984       10.17      10.425      7.2188      9.1608        8.16      8.2239
      7.4024      6.0145      6.3939      12.535]"
6,transformed_0.1,ClassOrderSampler,0.00022676390681574418,"[     5.9287       8.447      11.006      2.9179      9.7328      6.7696      10.237      10.121      12.507      8.8685      9.7032      14.165      10.086      11.475       11.48      13.945      12.689      9.0935      8.2107      10.421      13.848      9.9351      12.492      10.695      12.279      11.176
      10.958      14.478      7.3097      10.078]"
6,transformed_0.1,ClassOrderSampler,0.0007584142973997594,"[     10.849       12.46      12.424      9.2163      6.1975      7.4938      10.701      10.598      11.893      8.0005      11.614      14.531      11.625      10.709      13.111      10.237      10.897      10.166      9.3145      11.566      11.565      11.549      10.266      8.7311      17.118      15.375
      13.995      9.6473      15.459      19.388]"
6,transformed_0.1,ClassOrderSampler,0.1840587943304221,"[     12.315      12.129      16.132      10.995      14.642      19.672      16.672      13.329      13.993      20.307      17.376      12.599      19.239      10.711       15.59      14.666      11.731       18.23      15.202      14.055      12.015      16.058      15.554      14.357      15.914      10.254
      16.155      10.794      17.645      14.366]"
6,transformed_0.1,ClassOrderSampler,3.281889012616804e-05,"[     11.023      16.805      13.925      12.101      12.069      7.1853      1.1398      4.3497     0.91726      1.6415       1.125     0.23778      1.2516     0.18168      1.5279      1.4752     0.42654      3.3042    0.092621      4.1962     0.18934      1.2302      2.3466      1.1604     0.27499      3.2182
     0.56006      1.3327     0.69334      2.3121]"
6,transformed_0.1,ClassOrderSampler,0.0020662181714779827,"[     1.6083     0.91861     0.39524     0.38199      1.8087      1.8942      3.5018     0.95959      1.3369      1.3422     0.44402     0.18968      5.1634     0.40681       1.493       1.476       2.036     0.76352      3.8542     0.21442      2.8462      14.069      17.307      15.374       14.35      17.121
      18.221      20.464      15.329      14.303]"
6,transformed_0.1,ClassOrderSampler,0.03629981368374924,"[      16.75      14.417      19.996      15.193      13.827      25.012      14.308      16.448      17.094      19.821      15.313      17.416      17.175      17.447      13.994      14.128      15.279      15.242      15.259      19.394      17.271      18.372      23.565      14.485      15.307      19.837
      15.496      15.567      14.832      15.688]"
6,transformed_0.1,ClassOrderSampler,0.006503742382717148,"[     18.287      13.347      17.426      18.561      19.988      16.186      18.781        14.6      10.657      9.4256      9.1698       10.75      13.093      16.961       13.13      13.781      12.284      11.314      13.892      10.412      11.226      13.514      11.038      8.2039      16.526      9.7892
      13.217      12.828      12.702       10.49]"
6,transformed_0.1,ClassOrderSampler,0.06997800943773316,"[     9.0559      11.143      10.073      15.236      9.5532      11.525      10.918      12.792      11.397      9.7911      14.366      12.741      15.582      7.9635      14.525      14.682      12.324      15.225      11.829      15.728      13.594       13.13      9.1847      12.844       11.36      13.919
      8.3399      7.5868       1.724      7.0837]"
6,transformed_0.1,ClassOrderSampler,0.30653074764945226,"[     1.3175      5.7875      2.0363     0.41615      5.8935      2.7941       1.346     0.82617      1.7698      7.8142      4.5147  0.00091642     0.34613      1.8888     0.26649      2.2842      3.1301      2.3267      5.1181     0.01541      8.2834      3.3281    0.071452      2.1646      1.4738     0.77331
   0.0089499    0.060897     0.92821      3.9827]"
7,transformed_0.1,ClusterSampler,0.13027463909113485,"[     16.757      0.5981      8.1603       21.14      5.0719      7.6133      19.195      15.529      9.3925      16.418      12.239      10.182      12.857      12.201      17.101      9.9279      15.879      3.2821      13.846       13.31      9.0813      14.709      10.689      19.029      8.5619      7.2445
      13.609      17.922      10.854      6.2018]"
7,transformed_0.1,ClusterSampler,0.008565821301618214,"[      10.67      8.0725      16.985      10.056      7.9311       12.57      6.9866      9.3024      11.659      14.772      16.668      8.9634      14.432      12.583       11.64      15.794      12.979      15.518     0.68257      10.304      9.4008      10.275      15.809      5.8752      13.898      7.8106
      13.884      17.571      4.8461      3.7737]"
7,transformed_0.1,ClusterSampler,2.292092950377811e-13,"[     11.145      7.8806      8.8868      13.513        12.5      13.505      7.6689      10.747      7.1435     0.43912      10.954      11.941      6.4453      3.2136      1.9499      9.8729      8.3892     0.73896      9.6956      7.1475      10.257      10.397      1.7502      7.2784      6.6337      1.9381
      6.5973      5.4531       6.265      10.028]"
7,transformed_0.1,ClusterSampler,2.0271156749038953e-07,"[     2.4894       5.429      4.2861      8.6286      6.8391      14.098      6.9853      5.3784     0.95911      11.512      9.4784       7.918      7.7858      11.845     0.71354      8.1153       7.394      14.498       14.08      8.2912      6.7203      10.661      6.6856      14.863      7.7236      7.6631
      2.9213      7.1425      10.326      11.528]"
7,transformed_0.1,ClusterSampler,0.035619058169350445,"[     8.8802       6.528      13.509      10.328      9.9102      3.8759      6.1302       10.05      16.257      12.825      11.466       6.542      10.415      8.3636       8.958      9.9142      8.9593      14.713      5.4035      4.3326      11.831      5.1525      13.203      3.6414      8.6546       14.38
      8.7257       8.366      2.5876      7.4784]"
7,transformed_0.1,ClusterSampler,4.348376847290411e-05,"[     9.5179      2.1598      5.9272      7.1208      23.781      15.016      2.8072      8.5606      7.4441      12.267      8.6962      14.189      4.0502      13.076       5.246      18.677      14.377      9.2869      13.347      9.3916      11.015      14.063      11.102      14.657      7.5639      13.585
      8.1887      4.9903      16.391      8.2919]"
7,transformed_0.1,ClusterSampler,0.002427752774992015,"[     8.0739      13.541      8.1546      14.745      15.255      7.1968      9.4427      10.721      8.1962      9.6403      13.219       11.49      7.1439      5.1154      12.454      8.2516      14.814      6.5225       13.42      9.0786        13.9      1.2688      15.783      14.074      8.9608      12.905
      5.6733      17.417      14.191      7.0176]"
7,transformed_0.1,ClusterSampler,0.21945975252935865,"[     11.629      15.792      9.1049       2.072      11.408      10.511      19.989       9.914       6.167      13.187      10.903      10.483      10.316      19.032      14.149      10.669       15.92      18.014      12.157      13.487       10.54      7.3698      17.249      8.6318      5.5372       13.57
      14.997      9.2105      11.179      6.6776]"
7,transformed_0.1,ClusterSampler,5.087107810634588e-05,"[     14.825      13.082      8.7462      8.7427      7.8129      2.9956      10.663      9.1415      2.6916      13.913      7.2421       5.976      6.1934   0.0049063      9.1393      3.8766      9.8555      7.6016      7.6543      11.924      3.7588      9.5511      13.831      5.6423      9.3624     0.25129
      16.742      8.6988      12.255    0.011355]"
7,transformed_0.1,ClusterSampler,2.9312691634184498e-05,"[     7.9049      11.015      3.0211      4.8635      2.3645      10.036     0.96485      7.8035      0.1229      1.0129      8.8871      11.817      9.7609       15.27      7.8634      3.2864      10.138      11.205      14.514      11.382       7.358      1.5683      10.268      9.7743      5.2955      4.5399
      11.084      10.472      7.0041      4.8847]"
7,transformed_0.1,ClusterSampler,0.00236152983696676,"[     7.1621      2.0038      4.7304      6.7018      9.8935      13.027      9.6942      15.503      19.165      13.155      12.661      12.922      9.5857      11.882      14.773      9.8167      11.322      9.7048       15.12      14.673      13.429      11.897      10.185      12.074      7.5751      13.905
      1.8548      11.041      13.537      8.2667]"
7,transformed_0.1,ClusterSampler,2.7563528284776826e-07,"[      8.797      9.6028      12.087      12.448      9.0667       5.567      10.039      6.0959      11.899     0.74175      9.5661      9.4078       11.26       12.98      12.076      13.762      8.4454      15.258      14.805      2.2019      10.428      5.2072      11.224      12.612      10.212       13.41
      1.1104      11.385      11.465      14.022]"
7,transformed_0.1,ClusterSampler,0.0011392430756145436,"[     7.5142      10.543        10.6     0.17402       8.959      15.759      11.854      9.1655      11.539      3.8479      22.595      8.4233      17.394      12.067      12.839      7.9189      14.725      8.5662      15.047      10.374      3.8648       7.193      16.088      12.775      11.731      17.419
      9.6313      19.687      6.7827      11.385]"
7,transformed_0.1,ClusterSampler,0.06773191888884596,"[      9.708      7.8344      14.427      7.3605      10.033       15.24      19.502      2.9038       14.58      15.406      11.382      15.098      3.6066      12.901      12.518      1.3029      4.1569       4.121      5.1654      6.1177       3.351      7.6163      1.9637      5.2861     0.20229      2.1732
      7.8904      5.5403      3.3048      7.9817]"
7,transformed_0.1,ClusterSampler,0.002184870230627184,"[     2.7613      2.6414       5.396      3.7054      10.367      3.7592      2.9801       8.038      14.434      10.491      4.5551      11.613       6.513      12.436      11.705       20.52      11.268      9.1996      13.101      9.7073      13.627      7.5379      7.5479      13.347      8.4728       9.122
      14.631      13.129     0.16664      3.8316]"
7,transformed_0.1,ClusterSampler,0.3205271389770675,"[     13.768      11.466      15.358      6.8396      9.5741      4.9759      9.2744      6.8933      6.8154       10.47      10.889      19.866      11.004      12.729      12.386       17.04      16.239      4.1794      17.851      13.964      10.808      17.709      14.208      8.5549      12.651      8.3318
      21.212      17.277      7.4145      4.1951]"
7,transformed_0.1,ClusterSampler,0.10801971419870908,"[     17.291      14.063       6.286      8.8152      16.946      14.148      15.977      13.286       5.217       14.92      13.755      9.4879      10.968      17.785      5.9254      1.9294      15.828      4.9568      8.7994      14.365      1.8316      7.4635      13.646      12.645      12.408      10.423
      16.284      11.972      5.1002      15.492]"
7,transformed_0.1,ClusterSampler,0.12240576178318034,"[     13.059      9.9182      12.472      6.2425      14.293      8.2197      9.6765      8.8476       11.35      11.068      10.929      4.8684      12.531      8.9196      8.9539      5.9162      11.565      7.9623      18.015      8.2363      8.8699      15.951      6.0235      7.6204      18.535      8.5617
      15.262      3.2202      10.379      9.2673]"
7,transformed_0.1,ClusterSampler,0.0012254922563303744,"[     11.621      9.5414      10.065      9.0747      12.026      11.938      7.2449      8.1746      5.8104      8.1636      17.803      12.075      9.3263      12.476      10.807      9.0454      6.2086      9.1279      7.5866      11.466        8.38      12.162      7.3169      16.221      7.9256      9.1588
      13.427      11.788      13.698      12.599]"
7,transformed_0.1,ClusterSampler,0.44808081342980377,"[     7.0804      2.7462      7.7114      14.048      4.4613      12.194      18.699      8.9267      7.1622      7.0263     0.31661      6.3472     0.12361    0.069491      5.5009      1.3289      15.884       7.015      3.1248      15.424     0.27826      4.6696      8.2534      10.936      5.7631      4.2951
      10.822      9.9574      6.2821      7.8052]"
7,transformed_0.1,ClusterSampler,0.0009575083734457731,"[     14.045      12.828      11.395      11.422      8.9585      9.4284      5.4338      5.8237      7.5468      3.7597       6.422      14.239      14.999      11.847      10.453      11.413      7.9692      11.842      16.839      16.116       12.46       8.404      10.623      13.457      13.066      5.2878
      13.625      16.717        12.3      9.5024]"
7,transformed_0.1,ClusterSampler,0.18317552187762395,"[     6.8576      15.684      14.028      19.973     0.30954      2.9225      12.124       10.13      11.186      17.571      4.6215      1.7533      6.6913      16.198      8.8387      7.8799      7.9281      7.5092      9.0212      7.6917      13.312      12.122      14.719         8.8      9.3627      6.1597
      9.4192     0.50196      6.2554       10.02]"
7,transformed_0.1,ClusterSampler,0.2655659555751326,"[     7.1602      6.0862      11.987      9.8003      17.513      13.314      17.463      14.893       16.65      9.2179       5.992      11.746      9.4712      11.882      6.1281      7.8512      10.892      7.3635      16.415      14.205      8.4313      11.168      8.0048      4.1256      10.713      17.239
      12.722      16.292      6.5322      14.695]"
7,transformed_0.1,ClusterSampler,0.04330683973215995,"[      4.887      8.8549      9.7202      4.8203      9.6489       10.03      14.471      12.434      9.6707       8.231      3.1743       11.73       8.821      1.1038      5.0939   0.0023372      7.9903      18.758       9.607      13.798      14.327      3.2621       4.933      6.2342      6.5293      5.8536
      8.1036      9.5798      7.1784      7.0749]"
7,transformed_0.1,ClusterSampler,0.012834501506441491,"[     7.8899      10.492      10.396      9.5939       7.564      11.223      16.418      8.9641      10.245      7.5442      4.1795      9.2511      5.5272        7.06      9.2687      7.7056      9.9201      5.3867      8.6247       6.559      8.8143      13.942      6.7865      10.694      9.9299      9.1166
      11.338      6.4106      16.384      10.446]"
7,transformed_0.1,ClusterSampler,0.004966546077889059,"[     8.2583      3.0495      10.139      4.1383      9.2799      18.889      7.1862      7.1228      8.2551      12.299      9.5625      9.0783      10.534       14.46      12.159      14.889      14.367     0.52271      2.9389      7.2049      13.641      14.621      4.7319      13.065      5.8046      6.9157
      5.9187      10.112      8.1753      10.234]"
7,transformed_0.1,ClusterSampler,0.001474616774035493,"[      16.63      16.096      13.008      1.4163      7.8255      6.5454      14.679      4.5934      8.0122      10.315       9.485      6.1211      7.5757      11.134      11.643      10.942      5.9955      8.6713      11.718      5.6284      11.388      7.8069      9.8681      7.6656      2.0411      7.9424
      16.237      8.1461      8.7349      9.4277]"
7,transformed_0.1,ClusterSampler,0.06441557611375674,"[      8.048      15.319       7.926      5.2102      14.898      2.3067      15.215      16.587      18.451      8.0196      11.782       6.979      14.151      12.485       15.02      8.2365       10.66      10.533      14.476       15.45      1.1816       7.008      9.6501       17.28      6.3481      14.208
      6.4612      11.369      17.073      5.4972]"
7,transformed_0.1,ClusterSampler,0.26517704259209346,"[     5.2228      19.847      16.321      4.1513      15.361      11.146      12.182      8.7134      8.1087      9.0965      8.2277      10.338      9.5672      5.2452      13.291      7.9278      10.779      10.829      16.357      5.1083      12.886      2.4152      16.705      20.722      12.969      4.6597
      11.848      17.035      17.842      15.148]"
7,transformed_0.1,ClusterSampler,0.00040098071236407815,"[      6.388       15.92      13.419      14.523      10.048      14.975      10.461      3.8536      11.171      11.381      14.777      6.6173      9.9931      0.5945      11.497      6.3223      8.9608      6.9407      9.2461      1.5612      8.6873      14.737      14.414      9.1382      4.5384      12.469
      12.749      9.7618      11.934      1.8881]"
7,transformed_0.1,ClusterSampler,0.2447979182438677,"[      13.72      14.232      4.7744      14.044      6.1641       14.84       8.611      12.831      1.8875       11.58      11.607      9.5212      14.008      9.5543      5.5765      6.9133      6.3504      11.587      10.799      14.604      1.9874       9.537      13.952       7.077      9.4554      18.027
      4.3788      2.3284      9.9206      12.113]"
7,transformed_0.1,ClusterSampler,2.711706562350772e-06,"[     11.525      8.7699      6.5426      5.7693      8.2244      6.3755      6.5956      9.5061      2.7212      11.476      12.483      4.9336       15.02      10.901      10.849      9.3434      13.152       11.51     0.18246      13.037       7.365      5.4353      9.9845      0.5266       7.262      13.534
      9.4474      7.2454      11.183      5.4321]"
7,transformed_0.1,ClusterSampler,6.665635885875674e-07,"[     7.7335      10.972      13.887    0.091059      13.151      8.5747      10.448     0.17968      2.4871      1.9527      3.1171      1.8828      12.753      8.7451      4.9328      10.769       5.217      10.745       8.149       3.846      10.775        11.5      5.2794      14.181      8.0786      11.863
      9.3112      11.213      3.2725      11.051]"
7,transformed_0.1,ClusterSampler,0.00029942495515220544,"[     9.8425      6.5817      4.4577      4.2267      5.8341    0.080542      10.369      15.309      6.8858      16.874      4.3705      15.184      3.3772      7.6144      1.8882      10.421      8.3645      11.152      10.962      12.765      5.5977        15.4      13.746      12.585      9.7426      5.7414
      14.664      7.9643        9.16      6.0243]"
7,transformed_0.1,ClusterSampler,0.0002946631202612201,"[     14.603      10.425      15.112      11.505      15.335      12.375      11.573      12.928      9.7319      5.0248      7.8742      8.8461      7.4211      6.9672      11.209      10.114      14.341      11.844      16.704      5.8829      9.4495      11.788       17.82      8.5846      10.041      4.2721
      10.368      7.0314      8.7881      11.475]"
7,transformed_0.1,ClusterSampler,0.0026658559050451013,"[     4.4425      16.038      10.275      5.0508      6.9425      17.366      8.3237      7.1032      6.1226      8.2458      5.6259      7.8882      16.328      7.5322      8.5885      5.6016      8.7013      6.0127       9.032      15.105      12.264      12.512      10.111      13.226      5.2438      18.943
      10.386      19.504      11.831      8.3933]"
7,transformed_0.1,ClusterSampler,0.09198062702006009,"[     12.354      12.549      15.766      12.001      14.352      4.5394      17.825      12.053       19.02      15.406      10.864      2.1096      15.243      10.206      14.945      13.702      8.4296      13.229      12.199      10.821      6.2681      20.464      5.2921      4.8756      11.688      12.953
      16.448       4.992      12.631      14.739]"
7,transformed_0.1,ClusterSampler,0.0025794717449521953,"[       10.2      19.829      11.996      3.8654      4.9179      12.528      13.116      6.8471      8.5444      14.293      9.6675      11.043   0.0098797      6.0242      11.653      10.986      1.2517      4.8479      5.9194      12.468      11.681      6.4286      10.456      6.9233      11.362      13.937
      12.485      10.836      9.0106      17.651]"
7,transformed_0.1,ClusterSampler,0.011040127688071038,"[     9.8172      11.052       13.51      9.9588      2.2133       15.32      15.961      5.4946       5.799      18.862      13.343      14.516       5.794      16.655      11.513      9.5769     0.64854      11.444      18.134      14.064      17.278      13.421      9.2569      7.9544      9.6281       12.58
      14.332      12.263      6.7568      6.4301]"
7,transformed_0.1,ClusterSampler,0.0021486331632097197,"[     16.125      9.9911      13.422      14.434        3.15      9.2927      5.1888     0.10426      2.3424      5.1121      6.3977      3.4731       8.737      1.3084      0.5432      9.3471      5.6836      9.2317       14.56      6.8977      10.646      3.7823      10.931      10.043      7.0233      4.6322
      11.805      12.202        11.7      5.3698]"
7,transformed_0.1,ClusterSampler,0.0019645397814643524,"[     19.941      6.0782      7.4774      7.4422    0.014641      10.268      15.113     0.16712      11.479      11.187      10.017      9.6736      13.311      9.8293      10.303       2.844      2.9092      12.528      17.318      6.6316      7.4866      9.7804      12.478      14.411       13.97      16.787
      7.4487      13.168      2.8972      9.3161]"
7,transformed_0.1,ClusterSampler,0.9017002418992409,"[     14.663      7.3641      3.5351      12.029      11.666      16.045      5.0846      10.943      8.3433      3.5884      4.5712        17.1      14.503      17.305      12.856      8.1884      3.6993      14.163       17.79      15.165      13.506      8.9219      15.264      17.077      4.8502      20.463
      6.6698      15.206      15.651      3.3673]"
7,transformed_0.1,ClusterSampler,0.5884304626230183,"[     10.349      5.4684      7.9307      27.745      8.0781      10.795      18.027      5.0005      14.581      15.494      9.1732      4.1037     0.49401      15.199      11.554      9.9318       13.47      7.6783      11.752      6.0441      6.3511      7.3694      7.2722      5.1941      14.543      13.146
      10.628       8.834      15.207      10.736]"
7,transformed_0.1,ClusterSampler,0.0017900167957494706,"[     10.214      9.7016      8.3561       8.427      16.993      13.789      25.996      10.206      7.1008      11.625      7.6205      13.635      10.448      5.9723      8.9803      5.7193      5.8774      5.5683      19.196      1.6933      11.189      9.0175       8.203      7.0982      9.0223      11.193
      3.0927      9.1077      8.4086      12.971]"
7,transformed_0.1,ClusterSampler,0.012653009417718642,"[     11.663      10.252      12.219      14.035       13.29      16.528      18.166      13.916      6.9528      10.742      12.399      19.161      7.2114      14.122      3.4566      7.4206      9.2251       8.721      18.399      5.8005      16.241      15.876      13.914      14.446      13.024      14.812
      8.5566      16.282      14.955      16.981]"
7,transformed_0.1,ClusterSampler,0.17367609769893042,"[     14.768      13.156      12.986      13.194      20.733      13.859      11.207      6.1555      5.9295          11      16.091      15.441      10.587       4.966      10.144      14.011      10.508       10.41      20.118      8.1822      1.5273       6.884      17.025      13.669     0.07137      7.4713
      11.196      9.7113      7.1325      11.489]"
7,transformed_0.1,ClusterSampler,1.3655815950716944e-05,"[     8.7761      5.1236      11.117      16.328      7.6694      9.0563      10.683      17.038      2.6403      7.1555       7.305      12.281       15.17      9.4028       10.66      13.098      9.9713      8.8075      9.4793      10.111      7.6222      9.7569      10.399      17.806      13.108      7.4157
      13.996      6.7291      10.312      7.7004]"
7,transformed_0.1,ClusterSampler,0.0007515875011295817,"[     8.5543       16.24      9.3547     0.77319      9.7496      19.394      12.294   0.0020758      0.9112      22.911    0.025459    0.011735      6.2576     0.01108      3.9932      15.727      14.348      12.798      9.8974      2.5272     0.03033      2.5981      14.819      4.7893      13.084      9.5715
      3.3346      16.559      6.6586      3.5029]"
7,transformed_0.1,ClusterSampler,0.007678991651471732,"[     8.8159      5.0367      4.5342      14.522      10.205      26.139      13.084      9.4516   0.0016869      11.481      14.864      3.9567      12.585      15.079      6.9018      7.8477      13.324       14.67      12.474      6.6739      15.048      9.8838      3.2986      2.5244      13.223      5.3832
      15.184      13.376      10.884     0.24475]"
7,transformed_0.1,ClusterSampler,2.320086830075879e-06,"[     9.1909      8.3749       13.58      14.161      9.9664      10.518      15.047      8.7748      10.165      12.967      4.3405      15.856      2.0854      6.4725      14.009      0.1595      6.2145      6.5213      9.7496      9.7204       2.204      14.028      3.1456      16.999       8.051      13.976
      9.8515      9.8966      7.8156      12.665]"
7,transformed_0.1,ClusterSampler,0.07680586856130095,"[      12.25      11.528      10.407      15.164      5.5177      10.154      8.5858      11.985      11.514      9.9207      10.216      9.7839      9.7113      12.902      5.1289     0.10702       11.45      7.7601      22.167      4.3793      14.283      13.161       12.75      7.6554      11.642      11.272
      8.4545      3.9633      10.653       15.02]"
7,transformed_0.1,ClusterSampler,0.011227698118114516,"[     15.221      12.563      9.6259      14.128      15.201      14.338      10.494      8.0407      9.9438      6.9746      14.066      16.284      12.514      8.0479      9.1623      9.4531      15.569      16.926      4.6854      2.6167      10.253      5.2464      14.247      12.424       3.926      13.784
      6.3425      13.571      13.223      1.6987]"
7,transformed_0.1,ClusterSampler,0.004838930529821224,"[      3.403      14.809      15.073       13.48      11.745      6.7985      2.2881      4.5934      4.0553      9.9948      20.548       9.423      15.671      10.385      8.7152      7.9709       8.183      2.0548       14.72      9.7065      8.0815         7.7      9.7823      7.4431      6.8464      15.717
      14.313        19.4       8.177      10.514]"
7,transformed_0.1,ClusterSampler,0.3640995288380663,"[     1.1897      10.628      8.2651      14.257      8.0123      9.9449      13.572      14.296      11.712      17.885      11.961      13.695      12.769      16.986      11.296        10.8    0.033962      13.022      7.2745     0.89138       11.97     0.26164      16.287      15.878      8.9991       10.18
      15.937      14.649      17.783      8.1496]"
7,transformed_0.1,ClusterSampler,0.02877146857641283,"[     8.7756      11.619      9.5584      7.8989      14.222      10.302      6.5232      13.439      3.3469      9.9276      19.401      6.3633      7.1647      8.5312      17.524      14.563      11.952       10.08      7.7759      19.482      11.887       10.13      7.7007      7.8975      6.8889      10.499
      12.185      7.6813      7.0436      17.279]"
7,transformed_0.1,ClusterSampler,1.2088965569207938e-05,"[     9.3557      11.626      10.068       12.62     0.47835      8.2513      1.5766      15.134         4.9      15.371      13.317      2.4802      12.452       10.19      1.6753      10.238      11.152      9.5145      9.2013      14.076      13.208      9.8706       8.493      12.548      2.2283      1.1392
      6.4143      5.6932      0.4417       8.374]"
7,transformed_0.1,ClusterSampler,4.095031073989444e-10,"[     6.8445      6.5619      9.6644       6.735      13.942      8.4057      4.8296      6.8688      13.717      10.316      5.0754      13.862      1.8777      8.8356      3.0778      2.5154      6.0533      8.6943       10.34      11.962      2.7266      10.823      3.9986      13.095      11.577      13.585
       11.43      1.8318      3.4931      9.5333]"
7,transformed_0.1,ClusterSampler,1.7000457076745156e-05,"[     11.956      5.1281      7.1727      13.024      5.6159      3.9671     0.91369      3.4021      12.784     0.52888      2.4473      12.879     0.12369      10.347       11.22      10.234      8.3677      12.935      8.2594      9.5951      7.8488      12.086      4.7455        2.44      13.351      7.9069
      5.6972        10.1      8.8829       13.48]"
7,transformed_0.1,ClusterSampler,0.1664685013023672,"[     8.3068      7.9887      3.8286      14.299      5.9163      10.916      8.7841      8.8011      5.1628      2.1098      5.7769      11.875      9.7586      5.9724      3.3199      8.5457      10.817      16.128      1.8748      7.6445      4.1512      4.2088      12.916      7.1759      17.619      7.5077
      17.437      5.9978      7.0881      9.5289]"
7,transformed_0.1,ClusterSampler,0.32319862938317995,"[       1.36      1.6935      14.485      7.2839       8.051       4.804      4.5845      14.952     0.74204      6.1078       1.832      10.404      9.1679      15.849      7.1539      8.9221      13.699       19.75      9.9124      8.3788      5.7748      15.365      12.453      2.0017      11.597      12.611
      8.3802      13.606      13.365      9.1997]"
7,transformed_0.1,ClusterSampler,0.39736944526016993,"[     10.693      19.376      14.634      14.131      7.8471      15.267      8.5959      12.369      4.9612      13.804      15.796      6.0804      5.3112      2.7904      15.493      10.073      12.038      26.516      12.925      4.1157      13.281     0.16736      8.0217      12.511      11.028      10.169
      16.224      13.706      12.972      11.759]"
7,transformed_0.1,ClusterSampler,0.016949238106847682,"[       13.3      15.235      12.167      12.319      15.771      9.4147      4.7762      13.892      13.316      9.8172      4.5021      8.9475      12.364      13.209      10.831      15.111       11.76      8.5301      11.071      14.321      3.0514      7.6105      8.1728      6.2322      5.2546      4.0239
      12.338      5.4959      9.6415      7.6477]"
7,transformed_0.1,ClusterSampler,0.14997890480750153,"[     5.5228      10.977       5.226      12.506      13.604      15.691      9.5905      15.878      5.8255      4.6562     0.53162      3.9708      9.2989      7.0048      6.8694      6.2183      6.1107     0.16255      11.408      1.6775     0.18417       15.28      13.914      5.3568       16.18       14.24
      12.258      11.788      13.191      7.7747]"
7,transformed_0.1,ClusterSampler,0.48259348224139614,"[     4.6609      11.166      10.918      11.253      20.184      15.466      11.857      16.995       12.44      15.912      13.574      7.3721      8.9953      23.235      17.684       3.647      12.436      7.3496      14.697      8.8372      1.1952      0.8803      21.525      4.0418      3.8551      12.023
      5.8717      13.591      3.2502      3.2749]"
7,transformed_0.1,ClusterSampler,0.23116750213839157,"[    0.96928       5.824      7.7975      1.1031      2.5525      5.2618      10.868     0.39944      7.4496      2.7047      1.6906      16.079      13.547      7.3682      7.1378      12.252      8.4646      6.8331      9.7079       17.93      5.0537      12.061      8.3126       9.976      13.928      9.1858
      12.829      8.9054      10.271      9.6137]"
7,transformed_0.1,ClusterSampler,0.15949833664689197,"[     18.806      9.4245      17.286      12.327      5.6453       9.382      7.9146      11.643        5.61      12.846      10.832       17.98      10.822      11.015      15.051      8.3195      10.993      8.7897      10.282      13.704      11.856      5.5627      11.875      20.817      13.241       16.83
      17.889      9.9117      7.1874      5.3516]"
7,transformed_0.1,ClusterSampler,0.023157511186735983,"[     13.965      11.678      8.9041      16.476      11.247      4.4607      6.8458      7.7061      15.295      6.5239      11.748      2.4159      18.325      14.343      6.7575      9.6347      7.9486      9.8979      8.5903      12.225      18.357      17.501      12.101      7.5491       9.116      5.7972
      10.529      12.143      13.401      11.714]"
7,transformed_0.1,ClusterSampler,0.09080748719203363,"[     5.0555      10.374      9.4875      13.936      14.751      8.3873      14.382      5.7244      9.7274      11.129      8.8199      15.231      4.0659      12.938      10.538      12.888       13.53      16.008      14.188       7.939      8.0744      6.0047      15.111      12.202      14.796      7.9606
      12.278      14.601      8.3456      17.491]"
7,transformed_0.1,ClusterSampler,0.5720091428926917,"[      16.26      8.1324      6.0623      14.992      11.776      15.081      6.3719      2.4865     0.52961      14.173      5.8843      8.0975      12.494      18.655      10.935      8.0203      14.668    0.027177      9.0657      15.977      9.9935      9.4414    0.016176      12.492      1.7824      9.1361
  0.00055119     0.04132      11.932      7.1251]"
7,transformed_0.1,ClusterSampler,0.015236767285659711,"[     11.331       13.06      17.653      15.806      14.216      8.5017      17.203      7.2613      11.608      15.202      11.842      16.899      18.581      16.946      2.1189      10.484      11.922      14.521      10.686      4.3689      8.1441      16.261      6.6721      7.4261      2.9681      10.777
      6.7418      9.7261      13.972      6.4801]"
7,transformed_0.1,ClusterSampler,0.23187000939053515,"[     2.3844      14.345      2.9776      13.523      9.1314      11.961      11.997      5.0753      14.313      16.848      9.8338      10.815       7.625      17.792      8.3049      1.1251      6.5964        7.09      9.3957      18.638       10.57      15.793      9.5139      6.3313      5.1465      6.2369
      14.741      10.912      11.023      12.179]"
7,transformed_0.1,ClusterSampler,0.007892534131041023,"[     15.516      18.654      5.4011      12.544      17.776      13.682      16.729      17.116      16.589      12.048    0.042076    0.042315      7.5964      13.228      23.653      10.111      19.543      15.016      16.942      8.2036      12.547      15.487      19.291      11.488      20.233      19.367
      4.8737      22.611      7.6292      12.528]"
7,transformed_0.1,ClusterSampler,0.556309745980877,"[     11.036      6.6605      16.877      3.5281      13.937      7.9509      7.4052      8.4373      15.559      14.557      22.988      10.973      12.327      15.633      5.8631      14.865      14.359      8.3634      8.5969      16.048      15.909      16.367      17.096      9.4703      6.5991      8.8914
      8.2704      15.329      12.416      7.9985]"
7,transformed_0.1,ClusterSampler,2.4395363500481247e-05,"[     11.253      1.3793      15.542      10.404      9.8234      12.695      13.137      11.131      12.785      16.591      11.525      15.937      8.8637      12.269      3.5022      10.251      11.694      13.136      4.2283      9.4455      12.772      5.6274     0.61034      10.975      11.143      11.163
       11.52      6.2281      14.326      13.028]"
7,transformed_0.1,ClusterSampler,0.0004377819973137353,"[     8.5706      16.349      8.2947      6.4376      11.116     0.49162       9.775      9.8254       10.02      14.909      11.437      11.736      8.6917      12.319      8.9699      6.6263      5.9735      3.2462      8.9081      7.6634      8.4696      2.3758      6.8057       4.934      8.4983     0.90878
      5.6523      4.4038      8.2399       11.21]"
7,transformed_0.1,ClusterSampler,0.025858881008097953,"[     5.9163      16.759      2.2737      4.5565      9.5962      11.303       8.282      1.9555      4.9135      9.8063      6.9309       7.116      10.911      13.078      7.3282      2.0337      10.337      9.6895      12.497      2.1331      9.4613      14.057     0.13609       7.592      8.8582      10.983
      5.0344      10.362     0.86517      7.0985]"
7,transformed_0.1,ClusterSampler,1.7071563158092764e-06,"[     6.8513      7.0344       4.668      8.1793      9.8589       9.072      6.8545      12.352      13.092      8.7785      16.964      8.3017       9.544      9.0977      2.3645      10.186      10.602       11.74       12.18      14.851      8.8878      15.524      13.962      9.5186      4.2967      12.727
      14.832      13.125      18.664      6.5313]"
7,transformed_0.1,ClusterSampler,0.0011193976619561865,"[     7.9631      19.891      15.484      13.209      16.618      11.758      12.654      9.4192      6.2118      17.418       9.513       10.16      16.899      13.153      6.4077      12.904      10.901      6.5034       11.64      10.756     0.20217      12.075      9.3378      10.917      15.824      14.745
      14.152      16.496       7.321     0.89262]"
7,transformed_0.1,ClusterSampler,0.08544494109493121,"[     13.842      11.293      13.223      8.7489      13.201      12.088      10.609      7.0748      14.912      13.736      5.9651      8.7887      4.1129      11.443      6.9344        10.4      8.7273      12.298      9.7895      8.3946      7.9269      7.0259      11.682       13.23      10.014      14.242
      3.3716      9.9351      10.289      6.1693]"
7,transformed_0.1,ClusterSampler,0.29005682782493647,"[     8.7841      10.646      14.272     0.41107      8.9491      16.502      9.2785      15.411      15.514      2.4803      6.6362      12.418      10.023       11.28      14.855      9.8886      9.5371      14.688      10.169      8.6691      11.189      12.123      7.0467     0.74953      7.4432      10.313
      11.727      13.175      15.031      5.5063]"
7,transformed_0.1,ClusterSampler,6.3251539033236235e-06,"[     5.1569      13.666      8.9128      8.7806      14.164       15.78      5.1849      9.8691      9.9151      10.352     0.15159      11.901      11.798      8.8248      12.789      11.568      4.3353      1.6051      16.342      1.9892      11.554      5.4922      17.647      8.6503      14.535      9.1564
      9.1477      14.613       6.721      12.093]"
7,transformed_0.1,ClusterSampler,0.143807158937961,"[     7.6889      15.519      6.5716       5.652      4.9121      14.908      11.275      6.9124      8.1543      6.8161      9.0395      13.752      15.684      13.085       12.22      10.843      9.4471     0.76651      13.714      20.618      1.5923       12.62      23.664      11.833       3.812       13.11
      7.2072      17.046      9.3566      7.8654]"
7,transformed_0.1,ClusterSampler,0.6882192732736458,"[     16.868      11.523      16.939      17.184      18.983      9.4568      16.899      5.8342      13.552      9.8695      9.2707      12.335      16.628      5.3354      8.5531      15.128      13.474      16.289      13.995      5.2071      8.7967      12.207      7.7083      10.272      17.148      7.1568
     0.51297      5.6132      11.584      8.1372]"
7,transformed_0.1,ClusterSampler,0.0004460678932198057,"[     8.5941      2.1608      6.3846      8.9764       13.02      10.445      10.625      7.5814      8.9158      9.2649       7.934      3.7793      8.4812      12.602      14.258      8.5145      8.8248       0.707      11.868      1.4999      10.081      0.8925      5.4712      15.744      6.0853       4.986
      1.8514      18.163      7.2441      10.715]"
7,transformed_0.1,ClusterSampler,4.7200967712706346e-07,"[     12.331      9.4015      7.8912       2.183      11.819      4.0132      5.2626      4.9109       6.962      9.8317      11.708      12.223     0.83106      7.4317       8.395      10.391      16.057      12.451      10.652      8.7587      8.1571      9.6165      1.7096      14.978       11.56      7.6199
      7.8201       11.42      14.637      5.4531]"
7,transformed_0.1,ClusterSampler,0.04557864398635531,"[     8.8088      1.0921      6.6136      9.9775     0.87878     0.43718      11.813      10.587      15.764     0.09969      19.708      9.7596       4.658      12.712      3.9064      12.166      6.2043      14.027   0.0064946      10.668      13.933      6.6757      12.385      3.3327      12.611  9.3337e-05
   0.0099123      12.854      9.9514       10.76]"
7,transformed_0.1,ClusterSampler,0.0006264998794460319,"[     7.8598      9.5176      6.3789      10.865      4.1778       13.48      11.984      6.9978      5.9265      13.841      8.5123      15.221      15.272      10.949      11.273      14.404      6.1903      12.887      10.983      14.302     0.99621      1.6808      3.9481      8.3265       16.84      11.692
      9.9489      4.4868      17.775      5.3688]"
7,transformed_0.1,ClusterSampler,0.6061763266916729,"[     7.3315      3.1201      15.705      4.7062     0.93466      10.117      7.3494      7.3022      13.942      4.0131      8.9411      4.5989      11.395      14.355      14.269       14.46      13.211      4.9471      6.2082       19.06      17.645      4.6291      2.6716      8.3232      10.443      8.2174
      9.9347      11.735      5.7162      2.3125]"
7,transformed_0.1,ClusterSampler,0.02200070630844483,"[      11.34      10.414       4.935      11.351      10.783      7.6012      7.4655      5.5638       11.02      13.381      8.6448      14.483      4.9258      9.7408      4.3506      13.496      7.2943      15.114      5.9182      2.0782      10.905      14.292      13.374      7.2705      19.012     0.01333
      12.805       9.004      10.884      9.5569]"
7,transformed_0.1,ClusterSampler,5.196597016674593e-05,"[     14.902      12.385      8.1018      18.233      7.0775      14.961      10.692     0.41417      9.2936      16.185      11.463    0.012479      10.335      9.8535      8.7632      8.6203      10.522     0.23628      5.8255      14.299      12.897      10.188      10.684      10.966      10.144      9.4903
     0.31732        9.09      9.4602     0.90999]"
7,transformed_0.1,ClusterSampler,0.040041745014276875,"[     5.4524      11.862      7.7085      11.582      12.913      11.062      10.078      9.0329      15.078      13.047      11.581    0.013953      8.5612      10.234      10.472      4.6243      7.2792      5.8668       6.219      10.801     0.31131      10.482      16.575      8.2837      12.797   0.0018365
     0.00618      8.8496      12.441      6.8748]"
7,transformed_0.1,ClusterSampler,0.004079787323093934,"[     9.7911      6.7638      18.149     0.14702      11.987     0.13538      15.991      15.664      5.8804      11.178      13.891      17.647      11.437    0.058142     0.84852      17.357      10.862      12.178       6.748      14.567      4.9198      11.762      11.883      11.654      13.816      8.4826
      9.8804      13.526      10.686      10.784]"
7,transformed_0.1,ClusterSampler,0.12050017726812967,"[     10.041      13.099      6.2889      7.1868      15.526      15.724       4.576      11.575      2.5461       10.56      15.846      13.612      14.799      7.0566      7.1228      5.6076      9.7048      1.2213      3.6999      10.262      14.096      14.068     0.31518      8.6337      15.324      7.6476
      13.779      12.004      11.251      8.8602]"
7,transformed_0.1,ClusterSampler,0.26015898188657227,"[     1.4833      2.1994      10.346      9.3643      6.7026      16.283      13.019      16.838      4.0892      5.1575      13.814      4.7728      9.2069      8.8283      2.0662      11.282      6.5865      6.6498      14.282      11.663       15.93      1.8998      6.0222       5.888      13.428      10.408
     0.31236      11.017       3.124      1.9005]"
7,transformed_0.1,ClusterSampler,3.903845432420551e-07,"[     7.4781      7.4078      16.711      9.5683      10.923      13.492      0.8092      12.063      2.7217      4.9559      1.7289     0.48533      1.5511      14.016      2.5146      2.6703      11.639      10.325       2.601      1.9719      12.533      11.237      11.818      12.193      5.1343      8.3051
     0.56274      10.485      14.116      9.1726]"
7,transformed_0.1,ClusterSampler,0.2552161366517019,"[     2.5935      6.6871      12.857     0.21647      3.3481      2.0012     0.28202      13.219      9.2511      15.765      6.2377      8.2305      19.175      11.342      9.8813      9.9742       7.869      10.815       11.91      15.007        8.02      7.1449      7.2215      12.843      6.1106      10.598
       16.02      8.6629      10.945      9.0329]"
7,transformed_0.1,ClusterSampler,0.2571098923169205,"[     11.666      9.5889      6.9836      6.3575      15.389      15.083       8.077      17.505      11.315      19.181      8.7583      10.353      7.5242      14.239      8.8002      10.716        16.8      7.7691      12.123      16.227       11.76      3.8441      5.1502      13.658      7.7525       6.059
      9.4186      13.612      17.095      10.781]"
7,transformed_0.1,ClusterSampler,0.8043919022047563,"[     6.7319       3.967      18.009      14.994      9.0559      1.2886      11.425      11.254      16.425      15.815      5.4884      4.5893      10.045      6.4546      2.8066      8.4209      16.644      12.525      11.985      16.872      7.8669      7.7043      5.5217      7.8808      11.214      14.151
      8.8309      16.444      7.3985      5.5197]"
7,transformed_0.1,ClusterSampler,0.6166249224051615,"[     8.6044      5.3657      17.254      11.776      1.5029      7.9396      7.0872      0.2199       4.406     0.19514      11.657      17.259       8.923      7.8444      16.312      12.393      6.3299      7.4621       7.894      14.361      5.1006      6.6342      9.3531      7.6741       9.153      14.307
      11.179      15.392      9.4734      6.8765]"
7,transformed_0.1,ClusterSampler,0.4612858361420177,"[      8.874      4.3883     0.18742      13.371      8.1882      6.2694      18.257      19.077      3.7379      9.1578      6.1966       7.802      17.828      9.9994       14.23       8.522      11.283      16.466      20.268      8.6257      14.445      2.7113      8.1126      13.203      5.8629      5.1737
      10.906      18.659      15.345      9.7455]"
7,transformed_0.1,ClusterSampler,0.14187678309609786,"[     9.8811      22.553      12.259      12.229      4.3227      10.556      9.9994      8.2872      13.028      13.785     0.27553      5.6552      11.424       16.65     0.28376      12.774       8.461      5.9277      6.3679      14.389      10.503      3.4435      12.586      10.709      2.4332      6.4611
      3.9124     0.63501       8.396      7.9295]"
7,transformed_0.1,ClusterSampler,0.5014732014397948,"[      11.56      14.114      18.579      16.112      9.9602      10.571      16.782      11.598      6.8562      4.1823      1.7385      6.2214       7.545      13.329      7.5881      7.5227      18.313      17.704      9.9512      12.679      7.6157      3.6914      4.7989      5.9134      6.5407      20.103
      19.194      8.1818      20.591      8.1454]"
7,transformed_0.1,ClusterSampler,0.0008006016114752907,"[       7.92      6.0825      12.825      4.8928      6.6894      13.289      14.224      16.303      4.3709       4.879      10.131      13.392      7.7082      12.031      6.2214      11.446       13.03      8.0051      2.6059      14.294      7.5153      3.0211      14.263       13.84      6.9873      6.1496
      13.934     0.16033        2.61      2.2451]"
7,transformed_0.1,ClusterSampler,4.47714870637065e-07,"[     10.292      7.8591      10.252      8.5077      19.676      10.937      13.966       9.397      3.5556      7.2144      12.952      15.646       11.06      13.063       6.796      11.359      11.199      12.529      15.121      12.481      8.8576      1.0198       16.21      8.6057      7.7584      13.173
      9.5531      14.949      12.412      12.505]"
7,transformed_0.1,ClusterSampler,0.0005697519750255652,"[      8.486      8.9381      7.8355      4.0102       7.976      4.1969      9.9499      9.6168       10.36      6.7652       11.85      14.006      10.599      13.218      14.575      10.666      6.5636      5.4482      13.332      3.4439      8.8259     0.21252      15.374      15.617      13.358      16.298
      11.225      14.091        8.82      13.755]"
7,transformed_0.1,ClusterSampler,0.6332712872226623,"[     13.806      7.2838      11.435      5.1591      18.873      15.666      14.563      7.4436       16.51      16.963      7.0553      4.8926      17.717      10.413      11.638      14.574      12.127      6.6952      17.317      10.059      6.8122      9.3175      3.1214      10.328      3.9301      5.3445
      4.9201      9.2992      13.908      15.152]"
7,transformed_0.1,ClusterSampler,0.08110509243201948,"[     3.6643       15.33       12.03      18.851      10.214      15.499      5.5329      6.2159      16.132      11.355      8.9662      12.198      9.1479      14.786      11.807      1.6869      18.929      11.549      13.926      21.806      8.6114      18.706      12.547      21.809      3.8843      6.7345
      7.7911      10.318      17.792      26.263]"
7,transformed_0.1,ClusterSampler,0.3147903767177863,"[     13.485      12.346      3.8099      19.746      14.469       16.21      7.4326      5.7665      16.887      21.212       4.172      6.6138      13.687      4.1853      15.823      5.7429      10.689      6.1339      6.1294      11.567      10.325      5.1332      9.1729      9.6226      0.7242      5.1258
      8.0885      9.1942      9.8734      15.522]"
7,transformed_0.1,ClusterSampler,3.3116677120260356e-07,"[     12.183      5.0979      11.232      4.2281      10.028      5.2578      1.6038      7.6302      14.522      1.6041      8.6011      8.1662      13.287      12.943      5.1862      9.4884      3.3933      6.4469      10.047      9.1029      5.0792      6.5069       9.445      9.7927      10.928      9.2543
      9.5172      10.625       6.605      17.229]"
7,transformed_0.1,ClusterSampler,9.571036058520852e-07,"[     6.5981       5.021      3.7828      13.612      14.314      6.7966     0.52358      5.3805      14.988      13.767      8.1469      6.2382      9.9378      3.3496      8.3466      14.528      6.1459      10.059      8.1077      2.0398      1.7005      13.989      3.8353      8.6509      12.025      6.3023
      9.7276      12.379      3.7826     0.52768]"
7,transformed_0.1,ClusterSampler,3.064750423504236e-06,"[     2.8744      4.5416      15.414      14.268     0.71698      11.799      2.7297      9.1813      9.6053      1.6555      2.7953      9.5683       10.53      14.127      11.336      4.6102      11.413      2.1544      14.346      9.5895      8.7965      15.138      2.0288      7.7977      10.166      3.2985
       9.645      10.454       3.599      8.3574]"
7,transformed_0.1,ClusterSampler,1.535667536578292e-05,"[     9.2374       7.758      4.1367      2.0739      11.901      11.578      5.7932      13.935      14.072      9.1219      10.964      7.8572       7.012       7.442      10.244       11.95      11.399      13.661      11.093      2.6887      8.8761      3.1412      8.4214       5.909      11.134       10.33
      2.5274       12.39      7.4625      14.106]"
7,transformed_0.1,ClusterSampler,0.10164046935282225,"[     10.449      3.1528       4.875      7.7072      7.7781      5.2195      3.3872      1.1941      10.289      2.8641      7.2271      3.8122    0.021209      8.6693      7.8177      14.033      14.986      7.5308      14.015      9.8038      19.567      1.5121      5.1862      19.486      12.861      18.584
      11.105      16.771       6.604      6.6347]"
7,transformed_0.1,ClusterSampler,8.630056256590893e-05,"[     6.9532       20.43     0.13944     0.14198      1.4164      10.229      9.9004      7.8662       7.813      3.5796      11.257      12.243      9.2159      7.5285      9.7263    0.044926      7.2871      2.0773      10.573      3.1556      9.0486      5.0812      9.1858      6.9727      13.151      1.3178
      7.8579      9.4811      9.4211      12.634]"
7,transformed_0.1,ClusterSampler,0.010342636404661421,"[     12.268      11.354      19.486      9.2519       15.62      9.7816      7.1706      19.756      13.782      7.2021      7.7958      9.0284      10.778      11.727      12.661      15.234       4.498      15.167       14.83      6.3516      11.149      17.933      6.1743      13.883      15.826      8.7787
      2.9791      9.8602      8.8081      13.558]"
7,transformed_0.1,ClusterSampler,0.019394947489041,"[     6.3509      10.455      2.6623      8.2613      9.6224      5.3173      7.0031      10.864       10.56      8.5634      12.631      10.637      10.982      9.5256      9.2416      1.3448      6.0767       1.039      17.488      10.562      8.7053      9.7687      7.6476      12.347      16.559      8.4055
     0.32943      10.983      9.6516      7.7227]"
7,transformed_0.1,ClusterSampler,0.00989992178588748,"[     14.415    0.044351        8.31      6.8043      8.6742      4.4727      12.588      6.2182      11.997      10.984      21.598      12.383      7.8655       7.446       9.784      5.4905      10.987      1.3289       6.641      8.1247        11.9      10.594      7.4828      12.921      10.623      1.3241
      13.051     0.24079      9.9591      14.164]"
7,transformed_0.1,ClusterSampler,0.0007139718434946801,"[      3.155      12.724      5.2456      11.827      12.411       14.51      8.7526       4.551      11.641      3.0633      16.583       10.56      4.6817      10.126      14.243      7.6627      12.982      1.1742      2.3888      9.6218      11.245      10.854      5.0935      1.5927      11.585      1.5877
       20.97      7.1118      11.381     0.57655]"
7,transformed_0.1,ClusterSampler,0.03279590552989689,"[     8.5257      8.9639      4.4023      3.3418       5.354      12.569      12.798      12.633       13.03      7.1532      13.065      12.429      8.2854      14.545      7.5164      12.467      13.335      14.125      17.308      9.7067      15.142      9.8863      6.2027      8.9428      13.925      13.629
      16.507      8.4811      8.8379      5.3238]"
7,transformed_0.1,ClusterSampler,0.04604481783556124,"[     10.593      10.759      9.2187      12.364      11.862       13.52      8.0637      14.118      12.968      8.0385      8.9744      13.006      17.373      5.7259      12.682      11.455      15.691      10.979      15.661      21.651      13.292      11.231      13.265      15.123      6.6217      12.584
      11.002      7.3935      16.494      10.599]"
7,transformed_0.1,ClusterSampler,0.37927012049122616,"[     10.975      19.233    0.011154      7.5308      11.453      7.9498      16.816      10.107      1.4205      9.5827      12.493      19.883      4.3538      15.477      18.547      20.141      8.3686      11.903      13.238      3.8255      11.765      6.4328      13.043      12.961      10.633      7.3576
      15.304      5.4835      4.3817      4.5018]"
7,transformed_0.1,ClusterSampler,2.9304698825252332e-06,"[     1.3851     0.26522      5.6864      10.664      10.849      11.185      11.823      4.9094      2.4507      9.2802      12.417      9.9647      8.4021      13.561        10.2       6.228      6.5304      14.814      4.4367      12.597      7.7814      11.892      5.7228      8.8826      9.3376      8.0079
      7.7343      7.4673      8.8492      14.207]"
7,transformed_0.1,ClusterSampler,0.032517732801844466,"[     9.7406      4.9761      10.769      11.892      5.0724      12.644      15.913      1.7178      11.523      6.8524      11.593      17.051       14.04      13.213      9.6056      7.2148      16.219      11.871      10.222      10.368      13.723      14.184       10.98      11.673      11.712      5.7101
      10.234      15.521      17.712      6.6987]"
7,transformed_0.1,ClusterSampler,0.22802393020742323,"[     10.405      8.1499      10.128      9.7859      14.319      10.306      11.804      13.596      17.836      11.207      8.5364      6.0345        8.56      10.255      5.9503       8.758      13.344      8.4699      8.3156      11.617      11.415      13.169      9.3276      10.066      16.616      1.6663
      10.037      7.5913      18.062      6.4933]"
7,transformed_0.1,ClusterSampler,0.002537251121601782,"[     6.2306      16.026      12.423       13.49      1.8803      4.6078      2.3358      17.842      6.4417      8.5044      8.8235      8.7649      3.3469      8.6287      10.479      11.179      11.767      6.6047      10.163      10.392      4.6665      11.108      11.451      9.4798      8.3862      11.411
       10.02       9.016      9.9402      9.7131]"
7,transformed_0.1,ClusterSampler,0.13072307988383916,"[     10.109      15.802      9.4847      11.277      18.747      6.4044      16.031      14.555      10.616      10.901      9.5617      16.066       9.591      8.3429      9.8214      11.779      13.024      8.2471       1.858      10.809      3.0949      2.4511      18.454      8.6866       12.93      10.546
      12.031      12.596      13.408    0.013309]"
7,transformed_0.1,ClusterSampler,0.4377705572180828,"[     17.206      16.454      4.4558      19.406      13.347      9.2805      2.5048      14.186      13.297      14.021       10.14      11.834      3.5913      8.3591      15.942    0.098462      10.117      13.665      15.538      7.1326      17.238       12.84      14.659    0.075728      11.569      17.351
      8.7238    0.044498      13.627     0.21207]"
7,transformed_0.1,ClusterSampler,0.3502679431132332,"[     6.2317       9.384      2.7961      9.5449      13.266      9.6355      7.9459      10.986      17.034      13.031      15.584      8.8583      7.8637      8.0859      8.6382      14.898      5.6812      5.1222      15.541       15.22      12.065      12.634      16.725      3.7547      8.9287      11.476
      15.535      5.1065       9.222      10.941]"
7,transformed_0.1,ClusterSampler,0.008544692957718326,"[     8.8293      18.672      15.588      14.371      13.382      2.1255      7.5121      11.016      17.161      21.213       7.481     0.58632      8.0492      12.708      17.318      17.953      14.653      14.214      10.992      12.316      12.442      11.303      12.054      14.684      15.863      11.241
      8.6027      4.1521      15.641      8.7384]"
7,transformed_0.1,ClusterSampler,0.31787072530851107,"[     17.732      3.4496      5.5288      4.2421      7.3697      11.854      15.147      8.4513      8.1429      4.9662      16.148      11.605      11.453      8.9393      1.6421    0.025635     0.13138      6.5929    0.012349     0.14601     0.16572      3.7132      11.018      10.617      8.1688      17.299
      8.9698      10.636      11.905      2.8192]"
7,transformed_0.1,ClusterSampler,0.0003032849883790327,"[     4.8169      4.9807       13.66      13.311      13.971      5.3625      5.2267      19.704      16.956      14.664      10.962      13.167      14.274       5.256      8.8506        10.4      8.4078      10.356      14.707      16.466      9.6946      15.656      6.1699      14.218      7.0259      14.994
       12.14      16.078      8.4173      15.132]"
7,transformed_0.1,ClusterSampler,0.008233173428344339,"[     9.5541      15.628      20.868      0.5108      14.716      14.824      9.4303      11.153      11.469      11.945      8.2165       8.851      2.6242      4.3713      15.231       13.27      10.853      9.1787      16.634      11.768      13.939      14.665      15.507       8.134      6.7708      13.337
      3.7261      5.7679      5.8797      7.7301]"
7,transformed_0.1,ClusterSampler,0.24922362808459209,"[     12.171      8.7159      15.353      10.153       14.17      8.0677      5.4439        7.95      6.4541      8.7263      10.183        4.77      8.6523   0.0067942      11.308      9.2565       8.833      9.4644      12.433      7.0218      6.0684      12.755      14.191      15.852      5.2857      8.9631
      12.374      8.7508       3.351      7.1492]"
7,transformed_0.1,ClusterSampler,0.06971031131851883,"[     5.7926       6.684      15.325      6.5757      8.7772     0.97265       15.06      6.6096      7.8891     0.99644      10.324      8.3245      13.715      9.7295      12.919       6.689      14.604      6.6516      16.308       15.21      4.1427      17.133      8.3449      10.251      8.0932      13.641
      6.2217      16.161      11.901      15.317]"
7,transformed_0.1,ClusterSampler,0.29380197812753456,"[     13.794      17.091      9.5075     0.78394      14.743      5.2773       15.59      14.259      11.434      10.988      3.4571      9.3158      5.7181    0.025219      2.1257      8.3575      8.5443      8.6758      14.827       6.789      8.3644       13.15      17.291      17.777      3.2302      5.3325
      12.997      10.931      5.4263      12.802]"
7,transformed_0.1,ClusterSampler,0.0011226812535889785,"[     2.1672      12.248      15.719      13.682      11.158      7.1379      6.3858      1.3594      3.9327      11.083        6.78      11.408      4.1102      9.6039       14.36      8.8777      13.287     0.55917      9.1916        6.24      10.798      9.8392      7.3721      10.756      10.621      13.329
       15.78      18.771      4.0855      7.0278]"
7,transformed_0.1,ClusterSampler,0.0007403381248518146,"[      13.92       8.044       14.76      13.622      5.5334       10.89      10.887      11.427      12.797      12.591      11.148      7.9736      4.7354      11.301      2.6984      7.5745      8.2771      7.3774      8.8545      8.2982       8.955      11.541      14.208      12.545      7.3664      12.706
      16.837      1.0158      7.1587       15.65]"
7,transformed_0.1,ClusterSampler,0.24043059711208403,"[     13.669      8.6915      12.723      10.241      7.7963      11.195      12.415      12.139      11.944      3.7063       7.234      19.677      8.4145      5.0579      25.346      17.383      12.761      7.1559      4.8787       11.37      10.176      12.741      18.358      2.0666      12.131      11.729
      4.1673      8.5712      9.6032      4.6006]"
7,transformed_0.1,ClusterSampler,0.0002420102950887277,"[     7.0333       7.171      9.2372      11.891      3.2329      10.161        9.58     0.60968      10.924      5.3903      9.1417      11.053      9.4389      8.2126     0.61492      8.2905      13.333      11.388      10.229      14.545       11.72      9.9462       7.252      13.738      6.5843      8.7988
      8.4438      11.403      13.433      6.2924]"
7,transformed_0.1,ClusterSampler,0.01687136466995864,"[     15.067      11.552      3.6353       9.091      12.231      12.621      5.2818       7.054      14.271      1.0027      8.3551       4.686      8.5742      4.1941      7.9004      2.8286      2.1088      5.2429     0.87626      6.3715      2.7388       2.809      0.9498      3.4935      7.4895      12.092
      12.787      17.267      4.9243      13.866]"
7,transformed_0.1,ClusterSampler,0.7636874262972396,"[     4.9312      12.107      13.626      14.944      14.594     0.67152      13.561      17.681      2.4534      5.8615      9.4396      8.7231      10.341      9.3584      13.213      7.1063      9.0934       4.863      13.961      8.6476     0.66358      7.5002      8.6254      8.2612      10.472      12.753
      6.2149      9.5586     0.45978      6.1395]"
7,transformed_0.1,ClusterSampler,0.17622771473537996,"[     21.237      5.3196      1.3887      14.853      9.8042      10.162      6.0677       7.523   0.0031942      6.4015      9.0299      11.469  0.00056501      8.5106        13.3     0.02656      15.108      10.988        6.36      7.5013      5.3714      11.582      7.8339      9.1487      5.4923      2.3833
    0.040754      13.261       4.021      15.636]"
7,transformed_0.1,ClusterSampler,0.002680513819088267,"[     5.2636      10.685      14.754      7.0825      3.2582   0.0047287      11.039      4.5403      20.053       7.065      7.2988      6.2639      22.578      14.543      13.332        4.76       9.072      6.3332      7.1764      14.699      8.4757      5.8472      7.1354      15.457      11.705      7.4811
      4.1674      7.3127      15.491      6.0672]"
7,transformed_0.1,ClusterSampler,0.15558315715805893,"[     4.5991      11.173      16.599      9.7055      3.5162      8.0079      3.5088      13.785      21.816      10.891      15.758      12.821       14.34      1.8703       16.14      7.6939      8.4121      13.638      10.455      12.883       8.115      8.9804      11.137      4.7852      4.1759      11.633
      11.945      9.0634      8.1601       6.043]"
7,transformed_0.1,ClusterSampler,0.016755153922566667,"[     11.017      5.1036     0.49402      9.7784      7.2969      20.351      11.369      8.4722      6.0899      9.2958      14.212      10.474      8.8681      3.9382      6.3061      7.2465       8.948      9.8016      5.3194        18.3      4.7875      9.3593      17.825      11.747       12.44      7.5034
      7.5211      10.464      14.211      5.1888]"
7,transformed_0.1,ClusterSampler,0.0002871925445368245,"[     3.4881      15.043      11.695      5.5082      6.7052       9.919      3.6853      7.5632      13.623      11.121      10.054      16.118      9.5036      11.651      12.842      10.857      6.3427      13.651     0.45192       10.15      8.3968      7.9544      8.3806      6.1015      10.016      13.762
      11.953      6.9731      10.493      14.732]"
7,transformed_0.1,ClusterSampler,0.06747206794730981,"[     15.757      12.487      13.071      11.481      13.131      14.303      8.2582      4.8532      11.583      12.075      9.5813      4.3512      9.8136      16.778      8.2814      12.744      10.636      18.006      9.9855      9.2519      15.491      15.937      6.5944      7.9839      8.5922       14.79
      15.473      14.511      15.034      5.8652]"
7,transformed_0.1,ClusterSampler,0.788032313406815,"[     11.019      11.661      15.385      3.5781      11.552      4.6247      15.603      6.7361       3.879       8.325      3.5471      9.5753      11.053      9.7226      7.5117      17.615      1.4834      8.1387      7.2772       11.38      8.5285      6.9224      1.0791      11.361      7.2804     0.86734
      4.8705      12.948      9.3488      11.956]"
7,transformed_0.1,ClusterSampler,5.365020358593811e-05,"[     4.8144        5.07     0.63439      13.261     0.44565      8.1506      12.604      12.265      8.5927      1.1715      6.7612       10.25      9.1712      12.949      6.3832      8.8157       5.672      13.508       3.854      15.131      4.4597      6.3744      4.7428      9.8127      9.3508      4.7488
      9.7843      11.219      10.195      5.3252]"
7,transformed_0.1,ClusterSampler,0.0038485729711780774,"[     9.7695      12.129      14.333      10.946      3.0373      6.0053      11.629      4.3984      16.586      16.304     0.35036      17.484      9.3141      9.8663       3.325       12.21      10.575      13.361      5.9802      12.207         5.1      7.7057      1.6194      13.797     0.11191      10.257
      9.8783       2.001      6.2117      1.9944]"
7,transformed_0.1,ClusterSampler,0.3999220046993276,"[    0.42142     0.78336    0.041599      2.0077      1.9768      7.6501      2.7695      5.2172      11.209       5.745      9.8193      10.451      3.2657      10.161      4.1664      5.1613      6.0696      8.6697      2.2325      4.2149      12.528      16.249      11.903      18.225      10.247      15.318
    0.078428       10.91      11.242      11.959]"
7,transformed_0.1,ClusterSampler,0.5926942543164456,"[     6.4529      15.185      14.036       21.93      9.8873      10.969      12.259      24.136      12.365      6.1955      13.121       14.76      14.536      11.253       15.57      7.6693      14.744      7.9238         9.8      8.0046      7.0609      5.0547      11.696      14.617      15.655      13.683
       10.01      10.964      5.5525      15.257]"
7,transformed_0.1,ClusterSampler,0.0034959486655771433,"[     13.101      13.873      15.082      11.878      16.804      11.308      15.638      13.899      13.407      12.948      13.071      9.9326      17.102      8.1318        2.39      12.271      10.279      6.9778      15.026      13.487     0.37293      13.427      9.3455      12.487      11.369      12.062
      8.8974      15.862      15.035      16.233]"
7,transformed_0.1,ClusterSampler,0.5241977882453139,"[     10.842      12.836      2.0267      7.2501      13.135      12.411       12.94      6.8082      13.844      13.978      13.145      9.0196     0.33057      5.5886       15.05      15.461      10.582      12.245      1.9871      17.032      19.277      11.953      9.1992      9.8832      20.656       16.36
      9.4351      4.6392      8.0423      7.7648]"
7,transformed_0.1,ClusterSampler,0.00013850747089582554,"[     7.7961      12.049      7.6373      6.5677      2.0962      4.1435       9.424      8.0173       13.36      19.821      10.757       4.256      9.8996      11.455      7.2202      1.8623      12.574      10.306      9.2011      7.1291      13.371        8.02      6.7339      9.4531      1.5779       14.59
      7.4666      12.251      11.001      16.062]"
7,transformed_0.1,ClusterSampler,0.0012290683328661255,"[     7.0761      9.7571      13.944       10.71      6.4197      10.542      9.3613      11.954      12.664      6.5986      11.842      11.992      15.222      14.596      2.9432      8.8996      6.4569      8.2956      10.793      8.9527       8.668       12.51      6.0979      10.557      9.8385      10.766
      4.5346      15.804      10.484      6.0573]"
7,transformed_0.1,ClusterSampler,0.005110421518070929,"[     12.139       6.861       7.064      13.915      6.1199       13.64      7.8689      8.8615      10.316      9.4168      5.3542      8.4716      2.6346      10.232      11.728      8.1544      14.072      7.3308      8.3537       4.047        10.6      7.8342      7.7246      6.1577     0.30775      9.2751
      6.3431     0.32309      9.3241      1.9012]"
7,transformed_0.1,ClusterSampler,0.013173304118295915,"[     12.411      8.6044      7.3086      8.3262       14.71      11.842     0.11679      7.3021      8.0112      10.809      15.151       7.067       9.011      7.8426      11.583       11.53      11.656      14.893      17.221      10.795      8.3609      19.943      8.9713      7.9755      7.3968      11.999
      14.797      8.8516      10.131      13.959]"
7,transformed_0.1,ClusterSampler,0.10441572304390102,"[     11.418      12.005      5.5639      17.689       13.26      8.5953      17.789      14.353      6.2634      10.111      10.324      9.2431      7.1128      10.796      15.323      10.164      20.729      8.2912      13.097      20.257      13.639      16.359      1.4906      13.427      10.608      11.942
      11.987      8.0306      2.9496      18.862]"
7,transformed_0.1,ClusterSampler,0.006875991556441849,"[     20.565      18.346      11.974      12.593      8.0783       6.864      8.2489      8.6219      10.729      11.467      7.5209      12.691      4.7668      10.868      11.966      10.438      10.045      0.1448      8.1436      8.5594       2.004      12.888      8.1717      8.6464      11.431      1.2456
      16.018      9.4472      11.503      10.209]"
7,transformed_0.1,ClusterSampler,0.00015416573021449315,"[     17.366      8.6207      5.9789       12.56      12.454      12.284      8.5111      8.0655       12.96      14.376      6.4322      10.926       7.386      14.628      10.873      7.9634      12.219      13.827      10.987      4.8107      8.1135      10.629      9.3169      10.554       9.655      3.8737
      10.125      8.5349      8.8105       13.33]"
7,transformed_0.1,ClusterSampler,2.10129052657543e-06,"[    0.36046       10.88      10.388      16.727       6.804       13.58      15.321       10.46      11.792      11.803    0.057175      8.2696      9.4223      1.2089      13.856      6.3452      4.2108      1.8241      11.029      10.907      2.9852      10.577      8.8915      4.6695       12.82      1.6512
      8.9036      9.8584      10.996      2.6771]"
7,transformed_0.1,ClusterSampler,0.0020662181714779827,"[     8.5919      10.218      5.7455      2.9002      18.634      0.3762      12.555      5.0711       1.255      3.2934      3.3158      10.158      10.409       8.089      12.204      7.9263      6.9828      5.4048      8.8402        10.3      8.1905      12.977      10.618      2.4301      12.012      11.276
      6.8727      8.0152      5.0191      5.1334]"
7,transformed_0.1,ClusterSampler,0.028461633286991504,"[     10.479      10.237      8.6088      13.901        15.9      8.3377      11.254     0.77172      18.696       14.33      12.317      18.999      15.166        14.4      8.5675      6.6897      9.7228      3.8874      9.8071       15.37       8.872      8.3326      7.6584      16.515      9.7743      9.7877
      14.753        6.99      2.5659      12.981]"
7,transformed_0.1,ClusterSampler,0.0676019809405207,"[     3.1711       10.71      12.902      13.193      11.605      15.516      8.4164       9.068      16.126      11.497      10.359      8.9293      7.8477      15.164      13.671      7.9815      11.259      7.2301      9.2465      11.439      11.801      14.233      11.187      14.958      10.597      9.0736
      12.993      13.452      12.413      14.107]"
7,transformed_0.1,ClusterSampler,0.0004806989981282494,"[     12.158      14.279      11.875      16.378      8.4401      13.499      10.367      5.6016      4.7008      1.6906      9.9394      13.372      12.119      5.5292      13.924      4.2966      12.174      10.963      14.186      7.1356      11.662      8.0813      9.3336      8.9515      5.9753    0.020553
      10.374       7.252      10.202     0.78985]"
8,transformed_0.1,RandomSampler,0.4066109511272183,"[     11.099      12.005       1.157       17.32      8.8383      14.851      9.6992      7.0293      17.429      7.4694      11.328      14.036      3.2558      8.0846       8.119      14.133      9.6156      16.674      10.134      6.4434      11.733      12.123      9.5362      7.8823      10.015       1.118
      8.4638      10.384      9.5061      9.0583]"
8,transformed_0.1,RandomSampler,0.005340283920641801,"[     10.897      8.8754      9.2433      2.6659      1.9412      9.4243      6.6961     0.13317      15.084      1.9883       13.01      8.5027       14.14      8.9537      10.062      8.5196      12.834      3.9998      8.2984      7.3312      4.0705      8.7182      4.2409      8.3336      17.028      4.4188
      9.5656       11.45      17.043      12.292]"
8,transformed_0.1,RandomSampler,0.012503495315046563,"[     3.5419       3.698      15.589      15.291      8.2182      11.788      6.2365      10.447      4.5734      10.884      5.5266      13.006      11.873      11.798      6.9396      12.509      14.713     0.95401      13.538      12.217      11.478      13.148      5.4473      2.5868      14.231      14.184
      10.308      15.883       5.798      11.566]"
8,transformed_0.1,RandomSampler,0.7524553692729753,"[     10.155      6.0492       8.252      10.278      6.7329       5.919      2.1779      3.6379      16.471       11.68      4.9949      6.0228      8.5122      10.654      0.3188      7.8207      8.2517      8.0986      13.954      7.0132      5.7053      6.5552      13.202          13      9.7069      11.092
      11.091      4.9475      5.9943      13.347]"
8,transformed_0.1,RandomSampler,0.05550016730976658,"[     13.477      11.811      10.443      15.453      10.279      14.275      7.8507      8.4625       10.51      10.033       7.042      11.146      12.344      8.2715      4.7143      11.177      5.5746      11.744      10.725      9.5057      13.279        6.92      29.804     0.10282      10.258      6.3139
      11.052      11.806      9.0827      6.7671]"
8,transformed_0.1,RandomSampler,0.000377679072691774,"[     9.5384      6.2112      12.723      7.8544      10.456      8.5255      6.0377      10.934      12.969      10.303       3.219      8.6953      12.918      4.9966      3.4649      6.5095       7.197      10.084      8.7812      13.172      7.3183      11.142       3.384      12.196      9.3761      11.743
      6.1573      10.658      6.6862      2.4054]"
8,transformed_0.1,RandomSampler,0.045024304153990606,"[     13.852      8.3078       12.32      6.7897      12.476      6.1994      13.989        10.2      3.7696      12.922      8.0445      5.0323      13.673     0.27647      9.8119      12.286     0.14054      5.7126      15.548      10.522      9.7795      6.2494      13.507      15.931      4.0438      9.3914
      5.4644      11.327      2.2398      15.991]"
8,transformed_0.1,RandomSampler,0.004233433210465776,"[      16.01      8.3543      12.459      14.002      13.839      12.043      3.4408      12.882      16.914      16.518      7.3489      7.4446      6.3216      14.101      2.8975      14.103      6.5906      1.0945      8.0957      9.9793      7.9687      9.7457      9.9646      5.1653      5.6027      12.553
      11.772      8.6951      11.089      14.259]"
8,transformed_0.1,RandomSampler,0.008071245984432667,"[     15.371      18.027      2.6593      11.435      4.1602      11.505      11.384      10.298      9.4599      7.0847      13.877      8.0791      9.7154      14.167      7.9445      1.0836      11.521      6.0821      3.3245      7.0081      8.9366      12.428      8.6707      11.218      8.3541       6.252
      9.4321      7.4044      5.0174      15.108]"
8,transformed_0.1,RandomSampler,0.02458368532715869,"[     12.087      11.258      6.5815       4.719      13.071      8.0904      11.272       12.46      10.196      16.364     0.36235      8.2182      7.2989      8.3412      11.706      7.4277      10.922      8.2825      9.0565      11.422      9.3094      13.969      4.2922      15.914      8.6332      11.652
      7.3802      10.951       12.42     0.37495]"
8,transformed_0.1,RandomSampler,0.26054502368582294,"[     9.0508       5.315      12.918      11.266      12.636      7.9894      9.2317      17.149      11.707     0.65823      1.7059      3.4831      2.8769      8.0466      8.1208       15.72      8.7293      18.064      10.836      14.858      4.5022      7.0711      10.365      10.089      10.921      8.3188
    0.078416     0.81618       10.23     0.12178]"
8,transformed_0.1,RandomSampler,0.0003081771846132594,"[    0.37048      14.425      17.296      6.5478      12.155      6.9426      12.965      10.367      8.5202      19.054      12.737      4.1445      4.3082       2.883      9.6929      7.8608      11.877      1.2071      12.724      5.8827      10.342          10      10.849      7.1714      12.363      6.9206
      9.5729      11.082      14.827      18.234]"
8,transformed_0.1,RandomSampler,0.005858371261009598,"[     8.8565      2.8602      4.0355      1.6353      12.326      5.5317      7.9696      9.8447      14.165      8.3645      9.5903      18.426      13.064      15.111      14.637        2.38       11.95        12.8      16.434      8.0128      15.307      10.419      2.2118      6.1569      10.062      10.431
      8.1373      7.3849      3.9898      16.429]"
8,transformed_0.1,RandomSampler,0.2111395332560131,"[     20.055       9.214      6.7794      7.6172      18.965      7.0592      8.1114      9.3322       6.341      6.3866       4.686      10.048      15.316      11.381      12.046      11.551      8.7903      7.8502      15.573      9.8056      17.298      8.5266      12.021      15.281      12.597      8.8282
      9.7909      15.504      11.301      10.419]"
8,transformed_0.1,RandomSampler,0.00884501166319077,"[     4.3568      7.6717      9.0009      13.188      5.2772     0.16518      12.232      5.3871      13.809      11.394      12.151      11.563      3.5703      10.429      13.886      9.8787      5.2762      14.452      14.737      9.4328      4.8382      15.938      11.636      7.3811      8.7626      11.507
      11.391      7.2927      12.187      17.263]"
8,transformed_0.1,RandomSampler,0.002893569350489666,"[     12.186      13.273      7.6234      11.937      6.0293       12.26      14.109      19.748      16.204      12.168      13.631      12.678      9.8527      12.868      11.159      8.7357      5.8426      7.5314      7.3079      14.039      8.2835      6.0604     0.60078      11.028      13.548      8.3948
      3.5039      7.4782     0.20913      13.659]"
8,transformed_0.1,RandomSampler,0.10898577419903024,"[     9.9672       12.51      10.314      10.831      10.193      18.021      3.4926      12.572      3.2609       6.517      13.889      21.619      9.9021      5.8267     0.92831      5.1606       2.168      14.748      7.8779      7.4314      5.9955      17.534      8.5271      16.701      18.311       14.34
    0.094194      11.313      4.2999      15.329]"
8,transformed_0.1,RandomSampler,0.5218555198096729,"[     13.076      9.3673      11.929      5.1771      3.0035      11.123      9.4401      13.328      7.3959      8.5004      16.812      4.8705      8.7515      5.3322      12.963      4.7597      16.029        9.26      6.9634      15.783      9.1884      12.551      16.497      15.221      10.658      15.317
      13.105      11.946      14.857      12.104]"
8,transformed_0.1,RandomSampler,0.3358612972418594,"[     12.408      11.404       12.37      19.259      6.7843      4.6747      11.351      16.241      10.937      3.5497      1.5126      6.8728      6.7058       15.05      13.258       10.88      15.434      15.724      12.354     0.20222      11.517      10.348      9.8109      9.0509      3.0197      11.199
      9.0135      22.154      9.4482      18.114]"
8,transformed_0.1,RandomSampler,0.1457606942102988,"[     1.7897      9.5758      16.403      10.165      9.9184      2.9316      12.781      8.5221      5.3606      13.448      10.826      10.173      9.6759      12.225      15.101      18.849     0.16487      10.417      8.6318      4.5763      10.506      5.7334      6.5904      12.555      11.069      11.376
       6.435      15.284      6.6631      8.0083]"
8,transformed_0.1,RandomSampler,0.15584017089728802,"[   0.023417      9.1164      5.6871      10.258      10.455      13.115      7.0012      8.9952      14.409     0.39774      6.0923      10.304      10.529      11.083      16.153      8.5197      16.598       16.12      7.2601      12.332      22.688      1.2273      2.7571      11.472      14.158       10.44
      13.694      10.804      8.4735      10.817]"
8,transformed_0.1,RandomSampler,0.8979079889094589,"[     17.858     0.51942      5.8916      11.684      13.235      10.148      11.906      11.961     0.32902      7.4491      11.678      10.378      9.2265       11.16      12.385      2.2191       14.57       6.264      9.3296       9.437      11.069       9.857      11.562      8.7546      11.133      12.792
       8.128      10.247      12.021      4.0016]"
8,transformed_0.1,RandomSampler,0.05280830659285274,"[     6.7621      7.8176      11.479      18.144      13.057      12.374      3.3616      2.2557      13.618      9.1838      7.6575      3.9973      6.3874      11.555      9.5292       5.634      7.1259      5.3693      9.0061      9.3765      14.219      17.132       18.95      8.9308      11.947      8.0474
      10.999       12.01      5.5869      6.6247]"
8,transformed_0.1,RandomSampler,0.001392139537242509,"[     7.6711      8.2174       6.608      0.1343      0.7599      20.387      10.639      8.4845      12.421      17.603      2.0673      8.8868      7.2397      7.6262      7.9121       9.741      15.605      11.779      17.379      15.725      7.5533      6.7898      4.2901      6.6158      13.084      14.165
     0.95249      12.219      13.518      10.779]"
8,transformed_0.1,RandomSampler,0.00010316390542031404,"[      8.881      10.654      6.9682      11.566      10.594      8.7621      20.621      2.5183      9.1961      17.523      10.444      18.474      4.7666      7.2988      10.531      8.1322      19.834      7.7674       16.46       11.36       1.116      7.7894      16.984      4.2464      6.4686      3.5756
      8.5535      12.441      5.4481      9.7095]"
8,transformed_0.1,RandomSampler,0.011807766118545712,"[     8.3586      18.745      10.815      14.173      10.805      15.465      5.1633      13.912      17.404      19.887      9.9855      2.3782      0.4275      13.564      6.9552      13.027      15.587      19.259       2.805      16.003      16.783      2.7287      11.653      6.7945      8.5254      11.474
      6.7536      14.028      11.745      13.006]"
8,transformed_0.1,RandomSampler,0.009474335387260023,"[     14.964      10.617      5.7663      11.612      9.8462      15.057      12.634      12.723      6.4292      13.997      6.2529       10.35      5.5905      8.0321      2.9449      10.163      5.8359      8.9801      8.0779        11.6     0.62124      14.531      11.265      5.5007      10.019      7.3726
      11.153      6.1193      3.0017      7.3915]"
8,transformed_0.1,RandomSampler,0.06838628708530697,"[     9.0153       9.255      7.7926      1.8252      7.9507      3.6849      14.567      8.8823      8.9727       9.225      17.866      9.4058      3.9202      5.0928      14.837      6.6878      15.835      7.8072      2.3947      9.2408      6.1285      9.8675      12.866      8.8804      7.8306      8.6688
      5.9975      8.5645      9.6864      8.8846]"
8,transformed_0.1,RandomSampler,0.014920372458985084,"[     12.334      14.088       11.37     0.03253      15.197      13.105      13.321      18.878      9.8562      7.6216      6.7937      3.4802       13.11      9.8323      5.4819      6.4132      3.3241      9.6011      11.165       13.49      18.891      9.1789      13.531      18.322      12.386      1.1962
      9.2337      10.223      10.522      14.811]"
8,transformed_0.1,RandomSampler,0.1105448944322869,"[     8.8628    0.024866      6.3957      11.466      2.0917      15.316        11.4      8.6488      13.187      4.3783      11.997       10.78      12.343      12.596      9.8968    0.001676    0.016456      18.484      7.5461      15.929       11.97      9.4331      3.5385      8.3043      13.374       1.879
      12.122      3.1825     0.38011        11.4]"
8,transformed_0.1,RandomSampler,0.032517732801844466,"[     4.5368      9.7838      5.3403       13.33      8.7415      13.453      10.549      3.7982      9.2253      8.1911      7.5047       17.82      10.059      1.7301      14.432      7.6396      13.393      8.5342      10.926      7.7201      13.752      11.324     0.52431      14.002      4.5003       13.29
      4.3263      11.956      15.465      14.845]"
8,transformed_0.1,RandomSampler,0.3409300497835276,"[     11.842      8.7174      10.284      14.073      12.339      8.7729      11.758      17.559      12.751      9.0639      11.621      16.845      10.363       13.85      0.0925      9.7279      5.8763     0.28687      10.526      16.754      6.1791      12.316      8.3403      1.0075      11.245      7.4368
      13.984      5.0472      14.835       3.735]"
8,transformed_0.1,RandomSampler,0.011695273368732453,"[     10.528      8.1164      15.509      14.003      8.1945      12.229      10.858       14.93      11.849      10.296      7.3682      8.0339      9.9007      16.121       8.994      12.594      14.593     0.32304      12.493      18.445      8.7737      10.259      9.8511      1.3951      6.9734      4.0795
      7.1508      8.5337      8.9747      10.258]"
8,transformed_0.1,RandomSampler,0.17967540231342952,"[     11.833    0.074185      6.8972      14.766      1.0111      7.8804      6.9556      11.297      11.499      10.131      11.207      12.384       10.04      3.4092      19.346      2.5361      5.2723      19.211      5.9423      6.3022        13.3      17.139      13.114      8.7115      11.024      11.753
      3.4168      17.405      8.9867      3.2426]"
8,transformed_0.1,RandomSampler,0.4899915493731785,"[     12.375      11.261      8.2434      7.3478      2.0029      8.9503      12.116      11.824      7.0457       14.22     0.59359       2.935      10.735      11.741      7.6918      7.3388      12.835      12.566      6.6565      3.9384       18.74      3.1383      13.837      14.488     0.82811      3.3825
    0.017383      6.6502      17.348      6.7218]"
8,transformed_0.1,RandomSampler,0.242606975918657,"[      8.781      14.723      9.4784      10.024      8.4905      5.5746      9.5506      9.1713      5.4782      13.801      15.617      4.8962      8.1906  0.00035578      9.2644       18.33      10.016       15.08       9.339      11.313      9.7016      8.6336      13.719      10.932    0.070225      8.3735
      20.938      12.906      8.9478      6.4053]"
8,transformed_0.1,RandomSampler,0.12607165560466202,"[     7.1215      12.458      1.0468      9.5511      12.154       13.94      14.151      9.3445      12.548      5.9343      12.338      5.7326      8.8031      14.468      17.501      8.3995   0.0083864      7.4106      3.7733      14.933      8.6139      13.586      11.335      7.4093     0.34539      8.5786
      5.1039      7.0136        9.51      9.7823]"
8,transformed_0.1,RandomSampler,0.11034854273023086,"[     12.567      8.0249      11.801      5.0038      12.245      10.286      12.928      7.1099      9.4572      11.228     0.73812      8.4391      2.6527      1.0239      17.668       13.66      10.178      12.773      10.027      9.8258      9.5731      10.118      7.7329      16.368      8.4079      15.166
      10.906      6.4533      9.5367      7.2508]"
8,transformed_0.1,RandomSampler,0.011751419502946713,"[     14.518      6.4728      6.7346      15.087      17.567      13.099      3.2918      5.8535      9.7727      15.345      6.2106      6.9973      7.1527      13.899       7.196      5.4417       5.931      8.6702      11.971      12.006      15.233      16.013      5.1396      1.2391       8.773      8.4831
      16.021      9.3016      6.5395      22.562]"
8,transformed_0.1,RandomSampler,0.023887522307601165,"[     4.7094      10.993      15.176      15.921      8.3145     0.52465      12.764      11.376     0.70673      6.2772      10.913      22.092      11.037      6.8401      10.707      9.5771      24.577      11.938      3.5908    0.070714      2.7938        1.85      14.832      5.8898      15.859      8.1955
      6.4249      22.216      10.594      17.494]"
8,transformed_0.1,RandomSampler,0.25749020511394505,"[     9.2405      9.7773      1.6308      11.784      14.965      8.0909      7.5872      26.247      13.044      3.0713      5.5699      6.3379      12.263      11.323      2.0544       22.99      7.3218      15.009      11.527       6.636      4.3883      17.089      10.554      5.6996      8.9607      6.6298
      5.8794      11.984      10.138      1.8889]"
8,transformed_0.1,RandomSampler,0.09316608408171434,"[     7.2953      5.8922      15.451      17.088      13.276      9.2519        10.9      13.193      5.7871       17.06      17.429    0.016743      7.8395      17.229      9.4121      4.5767      4.0652       5.408      16.365      13.321      9.3227      5.9418      7.9846      12.285      6.5064      14.801
      15.705      11.705   0.0015934       11.88]"
8,transformed_0.1,RandomSampler,0.0044271216606330864,"[     10.681      11.632       13.53      12.161      13.202      12.373      8.7263      8.2929      7.0278       9.931      3.7977      2.4567      6.5925       6.316      9.1916       6.734      6.0552      10.379      13.448      13.342      13.149      8.1537      16.218      16.704      14.799      5.4969
      16.737      11.022      4.1127      18.544]"
8,transformed_0.1,RandomSampler,0.0011063473558781843,"[     11.101      8.4594      13.474      7.5421      11.374      10.544      9.8262      6.4364      7.5913      21.298       8.455      9.8933      11.619      16.286      13.286      11.786      7.9903      4.4005      9.4789      9.1849      10.776      12.088      11.674      15.003      9.9324       3.829
      9.4812      9.0859      3.7696       10.48]"
8,transformed_0.1,RandomSampler,0.1362079514053227,"[     12.819      9.8745      5.8748      10.788      15.546      2.1157         9.3      15.412      5.2039      8.5331       16.44      9.4776      8.9754      2.9353      14.283      11.225      18.223      11.927      13.695      12.433      2.9108      7.6256       12.55      6.0603      3.1465     0.19395
      3.9045      6.6212     0.72653      11.579]"
8,transformed_0.1,RandomSampler,0.1822955530804881,"[     16.499      15.992      9.3432       4.047      7.7667      13.581      23.258      7.3449      6.0134      12.341      7.4576      6.5069      11.562      12.494      11.391       16.16      11.179      9.2037      11.425      17.207      5.4666      9.4986      19.575       18.55      11.252      9.8343
      18.955      10.602      13.585        3.48]"
8,transformed_0.1,RandomSampler,0.10516563600545983,"[     5.1668      13.309      5.4439      6.9035      7.4564      17.255      10.582      11.772      15.398      9.3839      15.766      7.2574      7.8098      20.461      24.572      10.014      9.6455      18.597      8.1782      11.213       8.196      8.9075    0.059945      21.554      9.8423      7.7835
      11.027      12.999      10.692      14.369]"
8,transformed_0.1,RandomSampler,0.04199139457715148,"[     10.888      7.2284      11.717     0.14833      5.4306      7.5509      14.683      14.298        8.67       20.54      8.0541      6.1518      2.7359      10.097      16.044      13.773      8.1028      11.141      17.789      4.6355     0.12215      7.6019      12.745      14.015      4.5749      7.8134
      6.2171       11.35      13.997      9.8877]"
8,transformed_0.1,RandomSampler,0.13027463909113485,"[     12.783      4.9604      19.218      12.464      11.104      13.243      12.444      15.701      11.774      7.9241      13.151     0.71387      7.8013      2.1938      11.416      19.612      14.572      14.988      8.9559      11.672      10.572      1.3976      12.406     0.67713      4.3391      3.7468
       8.596      8.3474       4.325       14.26]"
8,transformed_0.1,RandomSampler,0.008715161795290291,"[      12.19     0.86292      11.698      11.449      8.6671      2.8082      8.2175      15.488     0.56779      4.7417      11.984      17.753      12.735      16.867      7.3873      8.4709      2.1553       10.47      14.483      11.129      9.2004      6.7968      6.6515      9.6078      11.813      9.5661
    0.058595      16.018      6.8185      9.8574]"
8,transformed_0.1,RandomSampler,0.1995861673722914,"[     13.929      9.4056      2.2671      13.192      7.1742      6.0761      14.162      6.8301      11.298      20.731       9.168      3.4327      14.395      7.2003      13.883      8.2473      6.9103      11.828      14.082      7.7598      14.011      8.3488     0.44093      18.689      11.293      9.4575
      13.571      11.212      12.874      15.186]"
8,transformed_0.1,RandomSampler,0.1325305287973962,"[     11.799      10.835      7.3632      19.366      8.6519      5.1369      14.405      11.428       8.899      6.0959      4.4007      10.993      8.7347      15.458      1.0944      5.0544      6.7107      8.3224      12.312      11.468      9.7596      18.645      13.382      9.3117      9.3173      10.629
      11.112      6.2782      6.4862      12.073]"
8,transformed_0.1,RandomSampler,0.0020836285569667185,"[     5.8857      4.1089      6.8443      5.0239      14.497     0.95932      7.4544      10.981      6.8582      8.5741      13.843      9.0444      15.752       0.273      9.3143      9.7593      12.431      2.1645      8.2464      6.3082      14.571      14.638      7.8051      6.5252      10.497      7.1057
      3.1895      9.1729      10.146      9.6723]"
8,transformed_0.1,RandomSampler,0.27144576321616665,"[     1.4829      14.034      8.6747      13.179      15.328      17.531      16.619      10.447      9.1823      4.3056      16.019   0.0023417        13.2      5.2893      18.462      15.467       16.62      4.0864      7.8734      11.157       9.121      11.951      3.7903      14.935       1.564      9.3346
      23.266      11.645      14.183      12.679]"
8,transformed_0.1,RandomSampler,0.1624181197764166,"[      15.64      15.996      6.3138      15.144      11.718       14.35      12.827      12.623       5.359       8.206      4.0424      15.116      8.6684      19.468       8.219      1.1502      16.906      10.563       8.584       16.78      14.124      11.463      10.534      11.548      7.3812      10.187
      13.819      13.387      13.058      10.955]"
8,transformed_0.1,RandomSampler,0.024421491027362876,"[     10.437      13.395      15.102       2.306     0.82407      9.2687      6.6242       10.46      9.4327      11.951      14.569      7.6114      9.4052      14.335      5.7382      11.228       2.222      3.3532     0.73507       15.85      10.702      11.579      10.746      10.003      4.4522       12.45
      7.1964      11.515      7.9214      22.733]"
8,transformed_0.1,RandomSampler,0.21410597758223626,"[     14.162      11.109      16.172      9.0465      13.048      6.0173       10.26       5.668      17.246      17.354     0.22336      7.2592      10.739      5.9582     0.39923         8.5       3.481     0.15546      7.6579       18.61      9.9808      15.374      12.309      15.031      4.5142      5.9506
      7.9868      1.3359      12.132      9.4635]"
8,transformed_0.1,RandomSampler,0.003931228744661477,"[     7.7323      6.4127      8.8237      14.688      12.227      16.214      17.945      9.7823    0.033132      9.2233      9.7897      18.807      11.486      4.0354      12.123      16.851      6.3939      10.559      16.176      7.9251      8.3643      9.0254      10.524      9.2299        10.5      10.703
      16.048      13.778      6.9002      11.021]"
8,transformed_0.1,RandomSampler,0.17880858170204578,"[      18.33      8.8374      8.6097      7.9544      3.6753      14.649      5.2033      3.4571      9.5799      15.653      16.597      7.1093      13.182      11.817      10.599      2.7361      13.465      5.6313      11.959      9.1858      15.915      18.662      2.1557      12.804      7.2188      2.4237
       14.34       9.186      11.454      6.4277]"
8,transformed_0.1,RandomSampler,0.01883074610075416,"[     11.755      10.994      9.3454      5.5952      13.538      14.786      11.283      6.4421      9.7181      12.088      13.714     0.23851      1.4339      10.048      7.1431      5.4024      9.0742      4.9051      7.3878    0.066143      14.114      10.551      14.007      7.4141      6.9016      6.2232
      10.747     0.41009      6.8302      15.363]"
8,transformed_0.1,RandomSampler,0.018406649830156704,"[      10.57      14.335     0.25016      1.7165      12.036      18.995      16.054     0.17762      7.1869      8.6806          10      1.8937      13.911      2.5929      12.967       17.42      13.724      14.915      12.702      13.449      12.891      10.773      19.871      10.198        7.13      8.9947
      8.0185     0.73147      7.2182       9.262]"
8,transformed_0.1,RandomSampler,0.001513185156370469,"[     6.7699       7.256      5.4825      18.327      7.9799       7.189      2.1798      12.799      9.4099       1.319     0.19316       13.68       14.02      14.067      11.274      4.9154      5.1171      12.251      5.9294      15.499      9.7874      7.1924      11.186      9.7727     0.63147      6.3563
      12.448      6.6895      7.9797      7.4284]"
8,transformed_0.1,RandomSampler,0.03443626436100529,"[     18.317       13.08      10.682      6.4368       10.14     0.57644      14.389      9.4434      5.3024      10.686      12.206      8.5112      13.322      13.706      5.6357      8.7462      8.6976      15.279      15.771      2.2794      7.3595     0.18927      18.129      10.975      16.854      1.0364
      5.5768      14.296       8.537      11.941]"
8,transformed_0.1,RandomSampler,0.08866284281887755,"[     3.8431      7.5649      3.4842      6.8687      13.347       10.19      7.1119      9.1734      8.7206      6.8818       12.43      11.683       9.094        12.4     0.09826      10.786      9.7553      17.032      15.946      9.2419      16.827      14.937       15.08      9.8205      9.1585      12.554
      7.4857        9.83  0.00085484    0.087049]"
8,transformed_0.1,RandomSampler,0.03683692190150172,"[     8.0047       13.25      3.2661       14.02      9.9928      10.642      5.3647      13.691      14.916      14.538      15.341      9.0032      9.2586      9.3111      3.5151      10.263      9.7658      7.0784      9.7159      12.438        15.2      20.227      7.4026      12.333      7.4933      16.504
      9.5284      17.481      12.745      12.296]"
8,transformed_0.1,RandomSampler,0.007717406229315131,"[     10.761      13.092      2.7431      13.049      12.594      10.398      12.401      4.2802      8.0739      14.563      5.3356      15.819       7.494      24.696      5.6029      14.792      9.1317      8.6596      7.5807       8.706      13.597       8.029      14.878       7.779      6.1139      4.7896
     0.56241      8.7154      7.0961      9.4363]"
8,transformed_0.1,RandomSampler,0.12782694894689506,"[     8.5756      13.122       9.843      8.1728      10.243      1.2042      8.1621      9.5574      7.2622      5.8633      4.5394      10.125      5.8058      13.433      9.4434      6.8141      10.667      3.9442      6.7699      11.035       2.449      8.2196      7.9236      5.1226      12.984      11.653
       3.305      9.1383      5.8426      8.6747]"
8,transformed_0.1,RandomSampler,0.022148639572697477,"[      18.42      12.469      2.6929      5.1367      10.179      5.4085      12.778      10.919      13.048       7.854      7.9006      13.885      7.6698      6.0953      8.7028      7.5916      14.005      7.2609      17.301      10.228       14.63      5.0432      18.207        16.3      9.7922      15.437
      15.296      8.3883      13.182      13.859]"
8,transformed_0.1,RandomSampler,0.9562202830238614,"[     13.347      8.6669      13.509      11.587      7.0809      9.3864      11.083      16.147      1.0956       8.854      12.036      13.486      9.9766      6.5689      6.9833      2.1723      3.4925       17.11      14.384       11.32      13.287      10.827      9.9274      11.253        12.2      15.345
      10.414      9.6296      19.228      14.024]"
8,transformed_0.1,RandomSampler,0.0867204229276075,"[     19.792      9.8007      3.0748        8.71      5.0732      9.5551      12.729      15.585      13.341      14.531       7.794      11.674      13.219      2.9294      4.3677      14.357       5.583      7.7747      15.085      11.886      10.872      4.9247      8.6606      2.9795      7.8056      25.512
      2.5347     0.40331      13.827      10.358]"
8,transformed_0.1,RandomSampler,0.022497146305592734,"[    0.99359      2.5756      4.1207      13.964      11.551      10.596       22.83      10.659      11.392      13.246      12.789      6.9766      10.839      13.657      8.9687      8.6203      10.212      9.3422      11.845   0.0010896      3.1896      8.2678      8.7865      8.6433      13.702      12.943
      5.3589       5.381      1.7855      12.147]"
8,transformed_0.1,RandomSampler,0.045858013284785386,"[     2.9335      16.725      11.106      6.1795      4.0383      10.582      13.118      2.2326      5.1662      8.0785      15.542      17.297      12.152      4.8014       10.09     0.58784      13.796      6.9532      7.3503      12.581      9.0698      5.4715      15.964      4.0913      18.898      16.711
      7.7107      14.115      10.457      16.683]"
8,transformed_0.1,RandomSampler,0.004532900492818258,"[     10.874      13.997        15.7      13.152      0.5969      10.824      6.5674      14.283      9.8942      7.2537        17.6      18.746      8.9154      5.1234      16.554      10.054      10.528      16.245      5.9642      6.6858      7.8362      16.699      14.922      17.772      11.767      9.8645
      6.7621      2.3235      9.6091      9.0968]"
8,transformed_0.1,RandomSampler,0.7701205646837423,"[  0.0047236      7.3859      11.687      14.148      6.4665      7.7836      7.3157      10.564      11.325      11.388      8.9098      12.211      12.118      2.3968      9.1014      5.9276     0.26255      13.107       9.937      10.419       14.39      3.8939      4.2353      11.314      11.362      7.8182
      14.082        10.2      11.746      7.6211]"
8,transformed_0.1,RandomSampler,0.6117064401476392,"[     2.6428      14.722      12.185      14.777      16.804    0.086111      20.034       17.82      19.967      7.2737    0.019321      17.204      8.9902      6.5934      8.6831      19.118      7.2242      4.4803      9.9949      8.2676      17.416   0.0036964      7.9448      21.827      7.2204       1.528
      9.1121      7.7111      15.132      10.099]"
8,transformed_0.1,RandomSampler,0.0024143706668994297,"[     10.115      7.0154      14.158      9.1101      11.624      11.775      12.555      13.253      16.623      15.424      9.0483        3.57      10.229      7.7782       12.92      7.0853      8.8453      6.5592      8.3871      14.596      1.9514      11.836      9.0023      9.8237      11.655      11.482
      0.7907       14.73      6.6603      10.914]"
8,transformed_0.1,RandomSampler,0.0480490159319162,"[      3.296      11.267      4.6403      8.1412      13.501      7.6116      8.7107      9.6212    0.014426      10.414      13.194      15.103      5.2925       9.261      10.828      7.8854      15.421      12.553      5.0287      10.598      11.502      12.798       8.608      19.083      3.0919      11.258
      18.411      12.736      12.933      7.5336]"
8,transformed_0.1,RandomSampler,0.17339633190641562,"[     12.598       10.58      9.1494      6.0423       10.11      5.6586      9.0393       5.933      5.8409       3.621      9.0888      13.595      17.392      7.4258      11.951       12.11      11.151      6.1921      8.7036       16.09      9.8419      8.0027      5.7465       7.176      10.381     0.99257
      9.9408      9.3479      18.144      10.049]"
8,transformed_0.1,RandomSampler,0.6937497661979068,"[     6.6979      8.1123      10.442      1.1871      5.7801      14.588      5.5187      8.1872      9.5629      12.071      2.5262     0.24174      13.104       10.26      8.1925      4.5177      17.808      6.6205      4.7567      11.198      7.7726      13.006      12.892      9.5508      7.8405      7.9954
      4.4203      13.913      11.522      5.7683]"
8,transformed_0.1,RandomSampler,0.13162507778389726,"[      12.84      15.501       9.634      12.645      12.354   0.0030635      12.114      2.5895      11.899       3.956      9.1488      14.349      3.6964      12.085      7.9574      8.8378      12.849      6.0945      7.4879      9.6013      6.9271      18.533      12.545      10.528      10.772      20.784
      14.893      11.322      7.2829      12.531]"
8,transformed_0.1,RandomSampler,0.00875822800543281,"[     11.223      7.1577      8.7294      9.7419       3.818      4.7129       17.49      11.849      10.044      12.075      6.4507      8.2767       8.348      10.812      13.754      9.8879      8.8862      10.818      13.459      10.047      12.066      7.7805      11.187      9.3557      6.8556       1.129
       5.724      13.358      9.1997      10.699]"
8,transformed_0.1,RandomSampler,0.07367412890128941,"[     12.712      14.447      20.624      12.228      8.2634      11.998      7.4298    0.022029      1.7177      10.223      7.4565      11.417      17.604     0.11002      6.6301      13.635      12.869       13.32      12.132       8.697      15.013      8.1877      9.7174      11.482      12.004      6.1848
      16.107      10.179      8.2162      17.141]"
8,transformed_0.1,RandomSampler,0.24079270190779944,"[     1.4804      10.938      11.969      6.7558       9.743      9.0745     0.96656      7.8361      7.1638      14.058      21.132      8.5805      7.4427      12.663      9.4523      11.516      3.3158      13.509      2.0943      7.2128      11.964      8.5829      9.7522       8.926      8.8545      14.555
      5.1541      5.2351      10.227      7.5318]"
8,transformed_0.1,RandomSampler,0.1566180449615118,"[  0.0075399      4.5886      10.943      6.4687      12.411      15.207      8.1858       11.22      9.5542      14.835       4.879     0.10569      10.973     0.16613      13.554      2.6469      7.0204      13.647      11.943      10.788      6.3759      10.965      8.4181      17.823      13.734      16.117
      13.729      14.055   0.0057473      4.6653]"
8,transformed_0.1,RandomSampler,0.13831199675821196,"[     12.923      16.893      7.3271      13.089      16.584      5.1979      12.051      14.665      19.026      12.406      14.063      10.289       4.853      12.697      13.212      2.2935      6.8923      2.0822      12.713      5.9535       5.764       14.43      7.4379      2.2661      13.948      13.654
      13.426      7.2148      10.259      17.906]"
8,transformed_0.1,RandomSampler,0.15149094995976892,"[     17.246      7.4085      9.3471      13.365      13.708      8.9929      4.1543      11.459      6.6618      9.3714      10.292      15.597      9.0669      12.748     0.19528      8.5767      15.923      7.7004      10.156      9.6474      7.3408      15.949      9.8358      9.1332      3.6471      18.056
      11.357       17.04      12.712      6.2485]"
8,transformed_0.1,RandomSampler,0.6653999150935133,"[     14.481       10.72      6.1594      10.166      5.3875       12.34      11.499        9.13       7.745      3.5388      5.8444     0.14803      10.652      12.143      14.481      5.6708      14.564      10.158      16.254      11.177      17.151      12.435      19.972       11.12        8.97      7.6104
      13.254      6.6347      5.8511      8.2216]"
8,transformed_0.1,RandomSampler,0.3640995288380663,"[     15.704       16.15      7.3628      15.416      8.5649      15.155      6.2961      9.3458      7.7237       9.217      14.272      14.382       17.08      15.029      17.485      15.292      10.028     0.19588      7.8517      8.9976      12.106      4.5767      3.3883      11.138      3.1007      6.2518
      13.981      13.221      13.673      7.0837]"
8,transformed_0.1,RandomSampler,0.021562130189441923,"[     5.1331      15.253      15.159      13.359      13.644      19.408       12.54      21.829      9.8412      1.4101      8.3338      15.247     0.19505       4.914      10.092      12.858       5.119      10.273      5.6148      7.3921      17.363      12.695      19.896      7.5316      14.681      2.8454
       10.93      2.2786      2.9075      9.8488]"
8,transformed_0.1,RandomSampler,0.005873385698938722,"[     9.9686      15.339      7.9406      9.0153       10.66      3.9116      6.5712     0.65155      14.316      10.631      7.5807      17.007      19.298      19.568      14.792      7.7215     0.92696       12.39       7.975      5.4696       15.45      13.998      9.9923      16.701      12.171      14.947
      7.5827       15.87       10.87      6.8656]"
8,transformed_0.1,RandomSampler,0.5859812304232933,"[     16.279       17.96      8.2685      6.8355      1.9231      11.468      10.794      6.3758      20.547      4.3829      7.4219       8.853   0.0075293       10.16      8.8339      14.095      25.275      11.628      16.045      20.144      14.538      8.2058       6.886      11.483      13.925      10.336
      10.114      3.9084        13.9      13.301]"
8,transformed_0.1,RandomSampler,0.0002754304695121875,"[     7.4433      4.8919      2.7381      11.993      8.6268      11.713      13.151      12.248      11.668       11.77      16.789      8.5155      11.547      2.5275      9.8826      7.3553      6.5735      14.966      2.9277      13.898      12.244       10.56      4.8198      7.9347      15.546      10.681
      9.8238      10.737      11.401       16.48]"
8,transformed_0.1,RandomSampler,0.0004852002393407258,"[     4.0034      13.847      14.863      11.869      8.6164      7.0319      7.2628      8.6791      15.033      7.0537      2.0164      11.236      15.316      10.137      8.7109      12.071        17.3      12.324     0.20443      13.059      7.9895      9.9844       18.05     0.66358       26.72      8.9781
      12.084        6.84    0.046491      9.6615]"
8,transformed_0.1,RandomSampler,0.4318632197001009,"[     5.2953      6.9799      17.371      7.5433      10.603      10.781      14.869      3.3595    0.025666      13.669      12.243      9.5415      12.309       4.348      10.779      8.0461      0.3489      4.2034      7.5584      11.135      11.222      15.064      7.0493      8.5492       8.016      12.879
      12.052      14.158      6.8616      3.8074]"
8,transformed_0.1,RandomSampler,0.21744110183289359,"[  0.0014381      7.2746      15.923    0.048306      8.8199      13.828      15.279      15.631      2.3484      11.868      12.673      14.728      10.611      0.9095       5.228      11.997       6.298      12.222      8.7815      12.172      10.721      10.463      6.4531      14.624      12.381      9.9734
      11.817      9.6237      12.844      15.211]"
8,transformed_0.1,RandomSampler,0.016601316223297604,"[     3.0868      8.5401      1.1075    0.030454      14.444      9.5264      16.106      7.0912      6.9567      9.2698      12.111      12.828      11.243      8.7965      15.507      5.7954      14.399      14.653       16.99      9.7176      9.9627      8.1764      3.5252      12.424      2.8853      6.8318
      12.315      12.368      7.5109        8.46]"
8,transformed_0.1,RandomSampler,0.0017900167957494706,"[     6.9471      11.502      10.085       9.353      10.262      8.9224      8.0101     0.76329      10.606      10.193      13.752      8.4899      10.031      17.367    0.090197      5.8971      5.4808      9.1697      15.755      12.808     0.21814      2.4005      9.8382  0.00014388      4.5761      9.4854
      11.809      4.1658      7.3288      17.459]"
8,transformed_0.1,RandomSampler,0.1645674146698131,"[     8.1543      10.161      17.299      14.084      9.8529      7.8891      7.7064       7.191      11.249      17.938       6.509       3.612      7.8043      7.0002      12.976      4.6869      8.1462     0.41385      7.2901      16.618      16.372      11.265      6.8119      12.605      11.328      10.044
    0.023713      12.106      8.6906      13.602]"
8,transformed_0.1,RandomSampler,0.0010934340310632795,"[     10.389      17.143      16.219      12.764      6.0254       8.427      12.985      6.1774     0.19519      18.303      5.0362      2.8847      5.5951      6.9555      11.328      8.3487      6.9109      10.339      16.619      3.8364      10.186      5.5351      12.317      13.685      15.232      17.029
      14.194      13.297       12.75      7.1554]"
8,transformed_0.1,RandomSampler,0.028400040018887365,"[     6.5826      9.5694      9.0298      9.3729      22.029      7.7577      12.881      7.6099      8.0933      11.346      15.976      1.0489      13.906      2.2476      19.128      7.9591       10.56      14.019      4.8186      14.474      1.8579      12.701      9.4368       10.83      2.9691      6.0725
      4.9477      5.4079      17.833      7.4125]"
8,transformed_0.1,RandomSampler,0.08004938003538833,"[     6.0676      10.922       8.437      10.805      5.1544      16.695      7.3919      8.3666      5.5643       18.42      6.3893      11.606      20.985      6.0204      12.028      9.4049     0.39791      5.9057      6.4116      6.1382      7.5432      8.9194      4.6382      17.344      4.1389      9.5869
     0.28127      7.2341      8.2576      7.2158]"
8,transformed_0.1,RandomSampler,0.019351088050606948,"[     3.2941      9.7657      6.8651      12.758       9.122      10.973      4.5743     0.14943      12.368      7.1466      19.602        8.76       9.992      6.6421      16.212      16.254      6.5804      6.3214      6.4332      9.0508      12.955      12.979      10.619      15.009      12.634      6.1059
      10.593      13.898      12.261      11.711]"
8,transformed_0.1,RandomSampler,0.35215627005904027,"[     15.625      15.827      12.243      18.128        8.68      9.7148    0.054391      2.3518      9.1049      9.3419      15.204      7.9405      13.165      10.359      1.4595      14.851   0.0087945      12.247      4.5035      12.024      3.1317      16.763      7.4802      17.053      5.7789      12.318
      2.2534      15.775      10.204      11.359]"
8,transformed_0.1,RandomSampler,0.004580642700279608,"[     20.167       5.362      12.781      13.166      16.965      13.902      11.982      14.014       11.04      9.3323      13.156      12.083      1.5566      9.8423      10.447      3.2465      7.9554      8.5478      10.773      4.3114      7.7272      5.9259      8.9777      20.709          12    0.013588
      8.7595      5.3953     0.13844      8.8119]"
8,transformed_0.1,RandomSampler,0.15327095878241898,"[     3.6818      10.601      11.507      13.377      9.2579      9.9602      15.101      4.4642      9.0259      5.3734      7.7418       19.39      4.5704      6.7116       14.54      13.172      8.2563      13.339      7.1806      6.3022      5.3523      8.2192      13.052      13.115      12.633      6.2396
      7.7452      2.2312      3.8638      6.2337]"
8,transformed_0.1,RandomSampler,0.08639979053824338,"[     12.715      11.785     0.68868      6.6108      11.635      13.304      12.822      14.158       17.51      8.5195      9.6325      9.6216      9.3938      8.5666      5.8982      15.612     0.14892       7.598       8.937      11.122      2.1065      10.085      19.892      9.6276      12.918      6.1521
       8.606      9.1204      10.016      9.4632]"
8,transformed_0.1,RandomSampler,0.10072848367046153,"[     8.4681      11.425      23.752       7.628      15.147      6.8364      9.3788       14.73      15.509       4.055      9.9415      12.036      5.8865      11.459      10.841      6.1472      7.8758      8.3754      10.124      10.063      9.5055      10.251      5.4701      6.5066      7.2911      1.2398
      7.0497      14.007       9.773      11.392]"
8,transformed_0.1,RandomSampler,0.10573142973756736,"[     13.213      13.583      4.9422      7.1065      20.975      16.217      8.9819      4.4758      9.6625      13.847      5.3835      15.616      1.4724      2.6742      13.359      9.5259      14.253      9.8585      10.433      6.0434      8.7047      8.0209      7.9757      14.039      2.4433      11.107
     0.17882      7.1605      6.3794      15.336]"
8,transformed_0.1,RandomSampler,0.1873280288047658,"[     15.762      9.9186      3.0925     0.65957      9.2409       14.37      8.8191      10.072      16.484      11.158       4.331      12.084      4.8444      10.073      7.8777      7.0116      8.2786       13.12       7.808      6.4721      4.1711      1.4417       14.38      14.423      17.223      9.6114
      5.9933      14.636      1.1696      6.8645]"
8,transformed_0.1,RandomSampler,0.014406055721078309,"[     10.121      12.847      6.5704      4.8969      7.4314        10.3      3.7499      10.467      9.7131      12.361      13.428      4.4078      8.0522      1.3181      11.889      9.9763      13.002      5.0798      8.7926      11.495      11.883      16.387      11.202      18.627      11.446      14.468
      10.196      10.256      17.238      5.3818]"
8,transformed_0.1,RandomSampler,0.07011179555712066,"[     12.989        5.68      8.4103      6.3402      11.444      7.6389      10.127      14.567      9.2923      13.556      6.6456      10.981      14.679        5.94      5.9199      9.9181       11.94      8.6145      2.7447      11.271      18.213      19.034       11.14      2.6506      5.1829      18.653
      16.324      21.511      5.9917      8.0171]"
8,transformed_0.1,RandomSampler,0.07767922848424975,"[     6.7714      10.115      7.8883      4.9332      8.1195      9.4996      2.2467       3.488      16.774      7.5388      6.0251      19.378      15.546      10.739      12.762      14.651      12.716       11.01      15.096      1.4667       11.59      12.531      15.867      2.7351      18.425      3.0391
      17.264      16.516      1.2255      5.1108]"
8,transformed_0.1,RandomSampler,0.06305436545465562,"[     13.878      6.6424      9.0054      22.013      8.4962      8.1755      7.3868    0.068746      16.266      5.0081      13.566      9.0677      15.453      14.297      2.2208      6.1938      11.862      13.589      10.376      9.8885      8.5335      10.621      5.0679      9.2065      6.3787      8.1638
      10.838      11.253      11.163       6.932]"
8,transformed_0.1,RandomSampler,0.054086210405452806,"[     9.7229      14.686      7.0534      0.8365      18.635      9.7363      8.8549      12.845      22.746      4.0511      20.365       18.26      9.8903      12.862      14.853      4.8151      4.2843      11.411      7.6421     0.36644      15.444      7.1858      10.869      12.551      7.9881      9.2088
      8.3286      7.5693       11.61      10.315]"
8,transformed_0.1,RandomSampler,0.0033489380739001426,"[     6.2561      8.3025      14.492       7.378      11.119      15.175      16.077      6.2048      14.208      9.3008      3.3325     0.29438      17.138       7.282       14.48      5.9896      9.7431      13.601      2.6375      2.2005      19.764      13.513      1.3607      13.188      10.552      12.552
      4.2979      16.395      5.0884      9.8976]"
8,transformed_0.1,RandomSampler,0.4769456134578711,"[     9.0508      8.4746      17.092      14.464      8.6837      11.444      10.131      18.002      13.867      10.372     0.69691      10.956      7.8072       16.34      3.6438      10.408      9.8815      15.722      12.955      10.132      15.929      5.6117       10.49     0.74321     0.93768      2.2918
      6.6719       13.37      8.0592      17.197]"
8,transformed_0.1,RandomSampler,0.009544101719918614,"[     16.713      1.1009       14.12      4.5995      10.436      10.778      11.876      15.199      8.4375      4.1736      10.308      8.5849       3.018      10.159       6.153      12.929      7.1213      10.631       5.638       7.862       17.66      6.0437      7.4714      9.6962      12.195      17.504
      10.442      10.837      15.578       10.15]"
8,transformed_0.1,RandomSampler,0.6734348846073493,"[     11.143      23.411      7.0031    0.085629      8.1593      7.1868      7.6386      8.4996      6.2892      12.576      11.078      10.302      12.521      5.1102      9.6332      10.457      13.823      2.7317      5.9353      10.408      7.6742      7.7091      12.264      11.594       12.58      3.1334
       11.27      9.6024      11.699      9.2513]"
8,transformed_0.1,RandomSampler,0.24333317450064185,"[     14.235      3.1951      14.177      17.154      17.503      12.653      5.3951      5.0168      13.303      10.199      5.6622      1.7833      10.955      15.866      15.273      12.116      5.1805      11.571        6.17      1.9714      8.5248      6.7734        22.1      13.107      14.783      15.687
      9.0324      9.0399       11.28      6.6978]"
8,transformed_0.1,RandomSampler,0.11093714254392016,"[     10.098      12.126       5.909      16.304      10.574      6.3439      14.195      10.093      13.257      13.616      15.849      8.4251      10.798      6.2646      12.883      7.7356      10.007      15.133      6.4535      11.607      9.0349      13.996    0.089681      12.596      13.268      8.7336
      6.8531      13.524      13.387    0.003651]"
8,transformed_0.1,RandomSampler,0.02821590719686528,"[     9.1229      13.694      11.629      13.464       6.545      12.296      8.3709      10.156      14.349      5.6869      3.0679       1.552      6.4975       7.117      9.7482      9.2168       10.33      7.3473      1.0298      9.4429      5.8023      8.5134      16.322      13.753      4.0066      5.6808
      12.847      8.0162      2.8904        16.3]"
8,transformed_0.1,RandomSampler,0.013018320413154084,"[     6.8885        8.05       9.552      11.406      6.4436       14.24      6.9566       9.874      6.0645      7.1313      19.717      7.7985      8.6489      15.528      6.7046      7.4375      7.3273      14.019      13.722      12.964      21.153  0.00046457      8.7356     0.97979      12.568      9.9307
      15.673      6.3329      9.7271      9.5628]"
8,transformed_0.1,RandomSampler,0.008071245984432667,"[     7.1059      11.743      4.3714      17.182      12.619       8.386       8.075      12.938       11.97      12.578      9.0559      13.752      7.3283      2.3928      15.104      14.617      15.814      12.374     0.14862       8.494       9.149      11.579      11.774     0.86955      6.1851      1.9581
      13.689      8.8381      19.648     0.65659]"
8,transformed_0.1,RandomSampler,0.0028157593333275176,"[     8.8553      7.1392      17.458     0.02803      14.015      2.1869      19.937      7.0525       7.171      7.4306      7.3802      19.356      10.061      7.2466      13.182      14.653      13.574      13.136      18.681      11.514      5.6523      12.405      16.787       10.54      2.4178       3.757
      9.2957      22.801      11.849      11.185]"
8,transformed_0.1,RandomSampler,0.0033851461171887968,"[     8.3923       7.205       15.12      17.454      11.517      14.214      20.419      14.635      2.9546      7.1578      5.2012      9.0289      7.4355      12.813      6.5262      13.842      9.6125      5.5098       7.478      9.0583      11.226      1.2823      10.949      11.527      17.797      11.201
      15.785      10.548      18.345      8.8192]"
8,transformed_0.1,RandomSampler,0.04766177197446542,"[     9.2492       7.697      12.061      16.899      10.099      11.136      16.097      6.1293      21.528      20.581      14.775      11.509      14.103      18.416      3.6197      9.2036      17.277      2.0815      5.7131      14.896      13.694      10.337      10.026       12.74      13.255      14.613
      11.853      9.0155     0.42521       8.521]"
8,transformed_0.1,RandomSampler,0.0074706536491866826,"[         10        3.58      12.893      5.5275      12.814   0.0049375      10.585       10.28      15.035      8.1341      8.7611      7.7288      11.869      10.582      19.914      12.496      5.5777      2.9642       9.824      12.165      11.532    0.051658      14.933      7.3788      18.782      8.6461
      13.007      10.453      6.2077      6.3032]"
8,transformed_0.1,RandomSampler,0.0049536329617001894,"[     13.242      10.411      5.1341      5.1627      6.2547      6.7504      1.9576      15.497      13.519      4.3903      9.1412      4.8983      13.738      9.3048      0.6418       20.08      12.543      12.581      6.1464      13.632      9.5958      11.164       11.29      2.6483      11.264       6.446
      12.738       6.031      8.5015      3.9881]"
8,transformed_0.1,RandomSampler,0.33540664026774974,"[     7.1624      11.845      17.248      10.059       20.35      4.9351      11.671      13.172      16.947      14.928      5.6384      12.818      8.5471      12.444      9.5204      14.508      9.2764       12.62      13.291      7.6683      18.651      7.1939      12.212      11.938      12.588    0.078945
       7.802      12.754      10.689      16.326]"
8,transformed_0.1,RandomSampler,0.5720091428926917,"[     11.582      7.0452      8.8498      1.1022      14.016      9.7899      8.6455      9.6734      9.8754      12.496      7.3989      9.2433      16.499      7.1368      7.8653      10.399      8.1171       11.41      6.9607       8.723      13.224      17.608      7.7363     0.30743      14.384      7.0928
      9.5201       14.17      9.7675      9.4591]"
8,transformed_0.1,RandomSampler,0.07078553925111052,"[     4.3865       11.18      1.6887      15.959    0.012862      12.688      13.477      9.0558      12.784      6.1633      11.551      17.063       15.21      10.393      13.894      4.9796      8.0436      11.088      15.202      7.9555      10.854      12.856      15.814      13.783       10.82      14.411
      8.9935      8.2877      8.2132   0.0023496]"
8,transformed_0.1,RandomSampler,0.049128658836339954,"[     16.311      12.893       4.861      19.675      8.5532      9.0451      9.9431       8.661      8.1646      10.637      8.7383      9.6764      8.2755      16.029     0.10891      6.3581      10.874      5.7935      6.1614      6.7675      5.1171      16.864      10.408      10.007      12.556       16.69
      12.171     0.16285      11.643      9.1569]"
8,transformed_0.1,RandomSampler,0.32364206752203567,"[     10.959      4.4007       7.812      8.6964      9.4117      21.759      8.8024      3.9959      14.054      10.663      4.3592      9.9757      12.033      11.053      11.687      11.788      7.3325      9.4123      12.879      5.1333      15.638      7.6983      14.936      8.5347      15.739      13.135
      7.6524      4.8696      7.5671      2.0792]"
8,transformed_0.1,RandomSampler,0.30524089948564104,"[     9.2653      11.437      10.629       9.672      5.9343      5.8169      14.752     0.62865      12.161      10.256      7.0144      9.1756      11.269      10.089      1.8884      11.148      5.3742      14.596      7.4943      6.8292       8.731      13.727      7.2356      7.7365      7.5782      14.118
      9.3069      9.6177      1.9182       2.442]"
8,transformed_0.1,RandomSampler,0.009199840717051547,"[     17.305       13.23      3.5561      6.5402      6.7964      5.7534      16.288       8.006      9.3611      4.1579      11.011      8.1048      15.708      2.1971      11.623      7.3886      13.704      7.2153      8.3943      15.468       12.96      7.8393      5.7777      7.4383      10.007    0.016929
      9.8897      10.072      15.342      15.742]"
8,transformed_0.1,RandomSampler,0.19461225254673611,"[      11.98      3.2833      5.9349      13.091      3.6569      5.3216     0.35168      7.7694      1.0093      8.2082      12.197      6.2584      16.487      10.497      8.5037       15.06      4.1873      20.272      16.164      8.9008       9.387      9.2278      13.417      9.3174      12.155      8.8512
      8.6955      9.6807      4.0097      15.093]"
8,transformed_0.1,RandomSampler,0.00843967804186748,"[     8.7024      15.306      8.3779       14.47     0.50026      9.7771      9.5153      2.1267      14.713      11.189      7.3438      11.748      16.482       15.39       7.763      11.557      7.6973      4.1359       3.808      8.4143      4.5116      4.8391      8.4462     0.43667      22.035      11.422
      9.7978      6.4353      11.283      11.682]"
8,transformed_0.1,RandomSampler,0.1254182670427235,"[     4.7497      15.347      9.4506      1.0632      19.133      6.7896      2.8372      9.2074      9.7636      14.501      4.5316       8.201      11.561      7.8043      14.362      9.0547      9.9197      9.5326      15.423      2.6731      6.0042      14.974      12.167      8.5235     0.74595      4.5873
      5.5112      11.709       11.49      4.5313]"
8,transformed_0.1,RandomSampler,0.12455080647643044,"[     9.9734      14.729      13.059      3.5221      6.0459      15.039      6.7851      13.542      15.742      5.6798      1.6979      17.934      3.9353      2.8513      1.5414      11.909      11.293      2.4477      11.101        10.3      8.2076      4.0486      6.8327      13.139      16.209      8.7497
      16.374      6.9591      6.9615      8.4637]"
8,transformed_0.1,RandomSampler,0.20788280406014759,"[     6.5228      9.2722      8.9958       3.892      16.914      12.527      5.2878      7.5984      6.0947      11.096      10.102      2.7261      12.971      12.022      9.3526      11.184      5.4335       4.912     0.52921      7.3689       13.31      7.0717      11.968      10.412      11.839      9.6184
      8.2649       7.932       19.63      7.5577]"
8,transformed_0.1,RandomSampler,0.0003836859223923922,"[      14.31      15.424      12.368      10.263      10.777      6.3987      19.418      3.8622      17.499      3.6148      12.866      1.1973      15.784       11.58      10.381       12.57      3.1401      6.9886       7.674      3.0281      10.574      12.229      8.2048      14.384       2.245       12.25
      13.326      14.591      11.097      3.0512]"
8,transformed_0.1,RandomSampler,0.4980158062414803,"[      11.66          16      10.813      5.0315      10.191      16.279      1.7458      5.9298      14.789   0.0077991      11.686      4.7088      4.8301       5.862      8.2476      5.1785      6.6403      5.3685      11.609      13.545      7.5879      4.7162      3.3092      9.9073      8.3851      15.756
       9.765      6.5976      7.4344      10.171]"
8,transformed_0.1,RandomSampler,0.027251305987366466,"[     4.0243      2.9582      10.385    0.053746      14.415      6.3762      10.836      14.388      2.5783      10.323      10.257      12.547      6.1127       7.988      15.885      8.6312      10.368      14.636      23.501      1.4752     0.59104      8.9534      3.8911      7.6427      18.379      9.9025
      4.2324      12.765      6.1288      14.603]"
8,transformed_0.1,RandomSampler,0.1147254653516869,"[     11.711      7.7468      15.909      7.5718      14.662      14.035     0.75963      4.5725      8.4036      11.883       11.24      11.382      15.828      8.1626       8.092      1.4002      17.398      7.4802      9.5599      12.419      2.5082      13.238      10.293      5.8661      9.6501      12.358
       9.616      16.373      10.726      15.563]"
8,transformed_0.1,RandomSampler,0.5902620904624908,"[      12.96      5.7737      9.5309      13.984      12.028    0.074198       8.311      7.1817      17.229      6.7132      15.463      10.292      7.8417       4.428      14.626      17.167      10.098      6.6399      9.8414      8.4072      12.789      7.3049      12.627      9.4232      10.907      8.0736
      9.3779      14.521      10.236      12.096]"
8,transformed_0.1,RandomSampler,0.11573919627666575,"[     19.727       6.958      10.268      12.371      5.2771       14.84        11.7      9.5248      9.5563      17.545      14.231      7.5338      4.1885      4.0667      2.5678      12.724      12.224      4.5169       11.91      13.285      5.5577      18.862      6.0513      8.2544      13.679      1.8485
      12.937      9.2815      10.018      9.4606]"
8,transformed_0.1,RandomSampler,0.6684810002990056,"[     8.5065      12.593      5.3492       12.72      12.487      8.1236      13.019      9.0462      11.866      7.3003      5.8316      4.6691       1.148        3.08      13.429      11.506      9.4045      9.9403      4.3449      15.818      8.4638      2.8777       13.98      18.242      12.848      8.5256
      6.9661      6.9486      5.2244      6.1397]"
8,transformed_0.1,RandomSampler,0.28104755854710817,"[     10.126       17.39      5.7694     0.20174      11.604       17.54      8.9874       6.407      7.3543      8.2596      9.7282      5.5301       1.892      8.2888       3.767      4.5943      9.1955      11.359      6.9002       14.96      8.5959      11.816      10.171      12.598      11.767      9.3667
      15.305      9.2652      10.375      9.6729]"
8,transformed_0.1,RandomSampler,0.007640716067191587,"[     7.6779      18.771      11.474      13.535      8.1626      15.794      16.057      8.7164      8.6937      7.7896      9.9042      10.266      10.094      14.385     0.16949       16.86      10.918      2.1205     0.39365      17.455      15.122      12.894      6.2145      12.522      13.276      9.8622
      6.9202      16.546       5.944      18.567]"
8,transformed_0.1,RandomSampler,0.9678398325054587,"[     14.779       16.77      10.657      16.497      4.8607      12.414      9.3926      14.638     0.01026      16.082      14.107      2.2989      10.184      11.886      14.319      13.327       8.411      8.9659      14.962     0.39477      15.634       9.347      7.4348      17.744      10.511      6.3415
      9.0889      8.1494      9.1001      16.318]"
8,transformed_0.1,RandomSampler,0.48657077941200966,"[     13.874      11.433      12.032      13.591      9.9013      14.207      11.919      7.3705      11.676      8.4601     0.13396      2.3068      13.188      1.0549      14.087      9.5785      9.5334      4.7315      2.7041      14.396      9.5784      7.6137      12.741      7.9964      13.219      11.976
      9.7074      10.598      10.346      8.2309]"
8,transformed_0.1,RandomSampler,0.5859812304232933,"[     9.9661      6.3231     0.27357      7.6421      11.767      16.309      8.6427      3.3702       13.24      11.885      12.474     0.65684      5.2848      10.574      10.931      2.5131      8.0917      7.7532      10.945      12.503      16.467      7.3154      6.2287      15.128      20.814      18.222
      7.7401      15.186      3.2605      3.0866]"
8,transformed_0.1,RandomSampler,0.034218333453981196,"[     10.372      16.739      3.7488      7.9174      12.682      4.6483      8.5469      15.786      14.728      10.155      10.094       9.082       14.37      9.7273      10.829      12.056      3.2639      2.7444      7.3797      8.2453      14.294      15.287      14.241      8.2664       3.677      10.395
       10.76      8.9392      8.9871     0.29444]"
8,transformed_0.1,RandomSampler,0.02474682743568464,"[     3.0779      15.104      15.218      6.9868      18.651      9.4613      6.0386      6.6446      10.242    0.041881      4.0168      10.375      4.6307      12.757      9.9781      9.8332      17.678      9.7737      12.971       10.41      14.151      16.008      11.355      4.3664      17.176      1.5012
      9.2378      11.802      1.6718      7.4677]"
8,transformed_0.1,RandomSampler,0.07214863711020371,"[      12.13      5.9788      8.9813      18.162      16.116      6.6787      3.3033      22.768      14.421      9.4608      4.3684      12.612      11.714       14.27       11.45      15.592      4.7822      6.3751      11.762      9.5371      10.958      10.521      5.5217      7.6957      5.2087      9.2315
      14.467       14.35      13.088      9.4126]"
8,transformed_0.1,RandomSampler,0.0005373806965948807,"[     12.471      16.812      2.7152      9.7469      9.2833      4.3928      2.3701      14.585      2.2178      15.074      7.5607      5.6706      12.964      12.923      11.862      6.8227      16.791      6.6226      6.7972       4.683      8.6386      12.099      9.3717      1.6422      13.085      10.614
       3.406      8.2807      7.6153      5.6241]"
8,transformed_0.1,RandomSampler,0.16511029127711171,"[     3.9033      16.641      14.339      15.667      2.5281      10.998      11.489      9.3277      10.988      15.824      15.741      9.6344      12.415      10.597      6.3454      5.5933      7.5733      8.6538      16.311       5.779      8.0764       13.98      14.769       9.167      13.042      12.482
        14.4      9.9337      10.915      5.1958]"
8,transformed_0.1,RandomSampler,0.058653997160444726,"[     2.2073      7.9174      20.157      16.859       13.66      13.686      4.6072      6.1973      14.093      8.8527      12.388      15.468      14.028      2.4308      8.9335      17.489      8.7572        6.67      7.4023      1.2447      6.4939      14.084      8.7083       12.76      9.1249      2.1789
     0.78642      20.014     0.21636      1.4049]"
8,transformed_0.1,RandomSampler,0.3559504333487276,"[     5.6134      2.1751      10.757      11.597      8.8191      5.2829      14.079      9.0208      2.2919      14.201      2.7603      6.8744      13.631      7.7998      9.6699      12.093      12.562      2.9553      7.6309      12.072     0.08679      7.8403      14.299       5.132      8.2813      16.727
      2.8677      8.3754      6.3095      17.156]"
8,transformed_0.1,RandomSampler,0.08247955832070974,"[      12.69      14.668      18.165      5.1405       14.04      7.6742      10.401      13.119      10.352      9.3522      4.1121      15.067      9.0345      6.6343      6.5157      4.2067      3.0774      6.5869      6.9438      17.899       12.19      13.325      10.081      6.9908      2.8619      5.4464
      5.8505      9.7349      14.276      6.6243]"
8,transformed_0.1,RandomSampler,0.001491642693572658,"[     14.505      13.051      9.6575    0.053318      6.2406      4.4182      12.554      10.414      12.472      6.6427       12.95      2.9501      7.8771      6.4266      7.7957      10.423         8.7         2.7      16.608      17.037      13.593      17.127      6.4353      15.813     0.48119      8.9817
      12.213      4.8492      19.478      2.6542]"
8,transformed_0.1,RandomSampler,0.06812375051155281,"[     10.491       10.49      9.9134      11.428      7.5785      7.4951        10.7      8.0473      5.3918      11.057      17.873      12.588      11.929      11.865      9.1965      12.958      18.018    0.011747      8.7826      14.915      9.0661      11.191      11.994      2.9773      12.879      5.8299
      14.087      11.469      1.9463      6.9732]"
8,transformed_0.1,RandomSampler,0.720616103600254,"[     6.7424      4.1281   0.0012734      8.9306      18.102      7.0756      9.0131      13.316       13.13       9.437      9.4731        7.26      9.0982      12.583      6.6652      4.8751     0.22485      17.429      5.5319      9.2834      14.686      4.6174      5.3055      9.4092      9.9767      21.294
      11.477      8.8785      1.7956      8.4915]"
8,transformed_0.1,RandomSampler,0.23934785820137097,"[     11.835      11.139      12.573      12.208      12.186      7.5694      8.7875      14.289      8.3125      11.995      9.6675       5.886      9.3258      7.2721      10.809      6.5811      9.8456       13.86       16.54       5.662      3.4836      6.4886      7.6147      14.836      11.862      11.817
      15.569      11.015      8.5976      5.6289]"
8,transformed_0.1,RandomSampler,0.36120892000184085,"[     7.3161      10.175        6.62      12.728      11.414      8.0974      13.067      15.887      10.471      10.747     0.61492      9.9643      11.336      10.787      11.494      9.2092      15.404       22.51      17.658      10.429      16.539      13.289      4.7207      8.5366      7.2639       10.07
       12.21      5.5164      15.631      5.9175]"
8,transformed_0.1,RandomSampler,0.7133172248140931,"[     7.6788      18.143      12.823       6.034      11.705      7.5811      7.6732      17.637      7.3979      9.8854      3.8375      9.1264      11.581      13.411      5.9899      11.983      7.7144       13.69      1.2201       10.21      8.6293    0.015672      6.9899  0.00061612      7.1961      14.144
      13.855       3.705      7.9136      17.072]"
9,transformed_0.15000000000000002,ClassOrderSampler,0.02895877422766112,"[     2.3296       5.023      7.8292      4.5612      9.8269      8.9088      7.9283      8.5291      3.5041      11.245      7.8184       6.588       8.363      13.043      6.6737      5.6592      10.137      8.3663       3.446      6.9102       8.048      7.7391      7.8149      6.9261      13.884      10.491
       5.775      8.7518      6.7447      10.837]"
9,transformed_0.15000000000000002,ClassOrderSampler,0.15610008602939873,"[     6.5583      5.5632      8.0761      11.252     0.94844      6.4028      8.6077      11.139      9.7608      8.1108      5.2106      10.017      6.0963      11.111      4.7883      4.6868      8.9018      11.524      10.727      10.701      2.5501      10.878       9.883      10.013      9.3442      11.942
      7.8796      12.094      7.9066      10.103]"
9,transformed_0.15000000000000002,ClassOrderSampler,0.5491152730577167,"[     12.636      9.8236      9.2134      8.0774      11.264      7.9804      12.889      17.674      9.3476      6.8015      11.771      9.7731      11.618       6.605      11.818      11.276      14.927      8.4004      9.8282      14.248      9.9118      8.5576      12.306      10.416      8.7187      12.171
      9.0213      8.9551      12.289      10.347]"
9,transformed_0.15000000000000002,ClassOrderSampler,0.8004939687743183,"[     9.5617      6.3953      12.685      10.755      7.6444      10.833      8.7971      9.7368      10.386       13.16       7.028      5.4057       10.29      7.0191      6.7923      11.661      8.1714      5.4044      6.2201       8.399      10.151      8.2639      9.6413      11.644      9.7896      10.734
      9.3896       8.188      8.3207      11.196]"
9,transformed_0.15000000000000002,ClassOrderSampler,0.02469222711888126,"[     8.7155      8.4829      8.4305      11.174      10.377      11.747      9.1406      12.551      7.9004      8.7309      9.6252        7.54      9.1972       6.287      7.8608      6.7225      9.5815      9.2967      7.6228      3.4315      7.3133      7.3503      12.668      13.041      8.9131      5.0365
      8.6223       9.775      5.9669      10.161]"
9,transformed_0.15000000000000002,ClassOrderSampler,0.0015175255890456224,"[     7.4533      8.4389      9.8404      15.109       10.36      14.358      13.147      11.821      15.853      14.224      14.771      14.103       18.77      11.882      18.108       14.53      14.261      13.614      13.062      12.234      16.368      14.273       16.02      13.233      12.998      15.399
       16.27      17.088      8.9493      17.713]"
9,transformed_0.15000000000000002,ClassOrderSampler,0.11093714254392016,"[     12.205      10.871      12.536      12.402      13.511      16.525      17.685      14.856      15.219      14.699      12.683      12.832      13.691      15.707       13.49      13.098      19.059      13.367      12.004       11.64      13.966      14.746      13.789      15.216      14.358      14.423
      14.211      12.004      11.515      10.582]"
9,transformed_0.15000000000000002,ClassOrderSampler,9.150439090985293e-05,"[     12.159      13.292      13.169      11.459      11.483      11.289      14.902      13.169      8.0847       11.87      12.666      10.927      9.5209      10.747      11.053      12.996      13.629      11.653      11.496      9.8861      10.402      14.177      11.405      11.045      11.418      11.909
      11.626      11.972      14.344      11.927]"
9,transformed_0.15000000000000002,ClassOrderSampler,0.004473847098306956,"[     11.486      13.167      11.964      11.151      9.1752      9.3188      12.141      11.417      12.424      10.284      12.872      17.418      17.515      16.709       16.36      19.692      19.273      19.936      13.908      19.386      12.129      15.857      14.073      15.731      12.402      10.713
      13.382      11.301      14.804      18.694]"
9,transformed_0.15000000000000002,ClassOrderSampler,0.05819404728533715,"[      14.49      14.848      18.134      15.294      12.867      22.538      14.496      18.523      9.9598      14.257      15.589      14.742      12.475      17.781      10.632      14.271      13.933      20.291      17.872       17.19       18.48      15.669      15.775      16.413      15.802      12.608
      10.086       11.28      12.794      17.344]"
9,transformed_0.15000000000000002,ClassOrderSampler,0.05561053825362486,"[     14.977      13.081      10.295      16.621      11.047      17.841      13.798      14.351      10.953      12.126      11.408      15.742      8.7025      11.379      12.103      12.488      12.701      10.012      13.506       16.32      16.022      11.486      13.613       15.11      13.665      10.542
      12.548      11.141      11.642      12.056]"
9,transformed_0.15000000000000002,ClassOrderSampler,0.2722365727958338,"[      14.19      13.702      13.339      13.547      12.361       10.53      14.567      11.191      12.556      11.755      11.794      13.546      13.483      16.139      13.188      11.684      12.298      14.059      10.084      14.089      4.2432      10.513      13.052      9.5074      7.6998      9.0405
      5.0256      6.4046      6.8848      16.423]"
9,transformed_0.15000000000000002,ClassOrderSampler,0.17509204405302542,"[     4.3173      9.3129      8.4433      6.2205      11.847      3.4693       6.797      9.7527       4.301      2.0013       9.678      4.9028      7.2908      8.9995      8.0046      5.5878      8.4864      8.6306      8.1229      6.0636       7.259      10.319      9.2862      7.3007      1.9126      7.2429
      6.3758       7.863      10.384      6.3741]"
9,transformed_0.15000000000000002,ClassOrderSampler,0.0001893562102440439,"[     6.2796      12.384      8.9604      10.867      6.9208      7.7932       13.82      7.1265      6.7264      9.1324      9.2766      7.2441      9.8369       9.399      11.493      8.6909      12.881      7.2651      10.035      7.2471      10.689      3.7545      8.4886      9.7875      8.0153      8.9295
      9.5738      10.308      11.825      10.792]"
9,transformed_0.15000000000000002,ClassOrderSampler,0.011695273368732453,"[     11.141      11.601      9.7467      9.9337      10.311      11.514      8.9825      5.7893      10.507      10.636      8.0611      8.3148      9.3938      11.994      12.637      8.0205       8.969      11.473      10.466      11.619      9.0577      6.7513      9.3021      7.8345      8.0061      10.669
      9.2387      9.1938      7.4098      10.072]"
9,transformed_0.15000000000000002,ClassOrderSampler,0.42176187047129726,"[      12.28      9.6203      16.754      12.021      8.7842      8.7713      11.185       9.783      12.621      8.9567      15.064      10.118      12.138      11.478      9.7281       9.665      16.193       7.386      8.7139      16.611      12.278      11.798      13.061      12.096      10.072      8.8259
      10.129      8.9356      11.466      10.303]"
9,transformed_0.15000000000000002,ClassOrderSampler,0.000494321041249215,"[     10.075      11.877      9.9651        10.2      7.5111      9.3548      10.221      9.6118      12.734      11.367      9.2955      9.9634      10.534      8.6212      8.5169      13.117      10.403      7.8434      10.143      7.5048       8.761      11.504      9.1354      4.3913      8.3244      11.388
      8.5297      5.4685      9.5006      2.8545]"
9,transformed_0.15000000000000002,ClassOrderSampler,0.20755838758187709,"[      5.313      7.9124      9.1114      12.278      9.3267      10.429      9.0543      7.8229      9.0381      9.6009      7.3373      6.4851       13.26      10.018      8.3719      7.9906       10.45      12.855      10.065        6.49      8.2219      6.6607      6.1298      8.4425      7.5349      7.1012
      6.6284      11.173      11.576      4.3334]"
9,transformed_0.15000000000000002,ClassOrderSampler,0.14502615230593613,"[     7.3516      8.0144      5.8041      8.8422      8.5566      4.6981      9.2294      8.8174      8.3312      11.099      9.8327      10.043      8.0062      7.5137      8.2208      9.4876      7.9876      13.443      12.507      10.865      11.623      10.642      9.4926      10.173      11.397      9.3701
      10.205      12.676      9.6577      9.9476]"
9,transformed_0.15000000000000002,ClassOrderSampler,0.4118019648413986,"[     7.5384      10.588      7.6892      9.8988      8.9001      10.938      11.102      12.494      12.046      7.3166      8.4619      4.2519      8.1446      6.4978      12.545      12.645      7.8132      8.8784      9.8915      5.2828      11.387      12.624      8.3319      9.3932      12.235      11.054
      12.513      11.753       11.61      12.964]"
9,transformed_0.15000000000000002,ClassOrderSampler,7.282078274076802e-05,"[     14.151       12.35      14.907      14.658      14.933      14.316      13.336      14.954      15.318      15.057       14.93      14.215        16.1      13.428       14.57      15.002      13.899      13.176      14.019      12.718      15.524      13.026      15.812      15.097      16.772      17.563
      16.881      12.881      14.458      12.568]"
9,transformed_0.15000000000000002,ClassOrderSampler,0.020476163292458653,"[     13.973      14.203      17.997      13.858      14.253      13.041      15.467      15.184      15.935      14.231      14.839       12.26      16.108      13.788      16.463      16.619      12.682      13.661      15.587      15.523       13.96      14.247      13.666      14.279      15.817      12.355
      13.519      15.148      15.379      14.836]"
9,transformed_0.15000000000000002,ClassOrderSampler,0.035920073133977354,"[      19.44      14.347      17.081      15.389      13.854      12.229      14.929      17.396      13.847      14.684      17.006      15.171      18.724       18.59      13.895      12.502      10.691      20.066      14.216      11.627      15.682      17.263      14.868      15.256      16.298      12.649
      13.944      12.142      15.899      13.542]"
9,transformed_0.15000000000000002,ClassOrderSampler,0.08387346830066765,"[      16.04      14.258      14.927      15.086       15.54      13.754      17.102      16.539      17.004      15.202      13.627      12.163      12.044      11.058      17.837      13.183      13.985      8.4704      13.658      13.908      3.2028      14.346      12.645      14.089      14.946      7.8353
      15.645      11.798      17.092      16.386]"
9,transformed_0.15000000000000002,ClassOrderSampler,0.04604481783556124,"[      13.35      14.907      16.457      13.213      14.993      13.194      15.982      14.836      14.786      11.473      15.408      9.5694      13.139      11.255      15.352      13.063      13.781       14.58      15.467      16.729      15.552        11.2      16.079      15.021      14.147      10.598
      15.265      15.418      15.189      12.461]"
9,transformed_0.15000000000000002,ClassOrderSampler,0.2942231660845264,"[     14.723      13.516      11.868      12.533      14.668      15.814      13.552      14.318      17.345      16.749      13.389      16.999      15.751      19.764      16.154       14.49      14.835      17.401      13.884      19.222      20.594      19.119      13.622      13.027      15.264      15.125
       16.81       18.99        16.3      16.323]"
9,transformed_0.15000000000000002,ClassOrderSampler,0.009637826466655385,"[     15.769      18.143      17.333      16.543      13.748      15.698      16.417      17.021      13.933      16.428      15.301      14.565      18.412      17.244      13.993      12.736      14.092      18.479      7.7327      11.955      13.939      10.743      10.521      18.181       14.27      14.546
      12.571      9.4827      14.024      14.012]"
9,transformed_0.15000000000000002,ClassOrderSampler,0.02141766502698861,"[     11.988      17.061      12.697      14.295      15.238      10.664      13.165      12.367      10.561      12.527      9.8476      8.7784      14.881      13.599      14.897      19.022      15.271      9.1943      12.675      15.575      13.276        8.75      14.215      13.079      14.657      10.382
      16.684      15.155      15.016      12.555]"
9,transformed_0.15000000000000002,ClassOrderSampler,0.0036100616682211897,"[     11.341      17.432      13.123      8.8643      14.608      12.468      10.573      16.271      12.438      13.502      12.392       14.79      12.731       12.18      12.353      12.316      13.322      12.207      14.016      14.377      10.829        10.8      14.723      11.949      13.306      8.7062
      10.517      13.522      15.255      13.094]"
9,transformed_0.15000000000000002,ClassOrderSampler,0.001376167170969739,"[     13.336       11.64      11.376       14.69      12.044      11.634      13.465      11.179      14.487      13.095      10.873      14.228      12.308      13.123      10.887       11.69       13.88       14.07      13.541      10.698       15.29      12.092      13.496      10.817      11.801      13.582
      11.476      11.444      14.567      13.212]"
9,transformed_0.15000000000000002,ClassOrderSampler,0.0024614877722193918,"[     15.148      12.799      14.886      10.294      8.0492      7.6636      5.1738      5.6451      4.6858      3.5761      6.5585      5.9025      4.0016      7.1239       5.509      3.8137       4.845      5.2839      6.5729      4.5592      6.2314      7.1576      2.1656      9.1767       4.296      4.9051
      9.3052      5.4718      5.2092        3.97]"
9,transformed_0.15000000000000002,ClassOrderSampler,0.014644112755436483,"[     5.6619      5.0822      5.7399      7.8893      9.3818      9.1031      8.1596      5.6805      5.8393      6.1486      12.522      6.8695      3.3778      4.6335      4.6047      8.2022      5.7151      5.6262      13.594      15.959      15.358      11.104      16.873      15.177      15.887      14.916
      18.261       14.12      15.745      17.643]"
9,transformed_0.15000000000000002,ClassOrderSampler,0.0012507080301942435,"[     19.681      14.975      16.355      13.312      16.658      13.233      15.569      14.787      15.459      11.639       16.08      16.769      18.619      15.519      12.467      15.195      13.536      13.734      14.612      19.376      13.214      14.252      13.193      16.178      15.222      12.034
      13.177      18.051      16.947      14.188]"
9,transformed_0.15000000000000002,ClassOrderSampler,0.0037275731129182794,"[     14.457      11.271      10.944      11.497      14.782      13.516      14.113        14.1       13.32      16.537      10.761      13.912      13.292      10.165      10.338      11.267      14.199      12.607      10.139      12.533       17.33      12.423      13.963      13.339      16.077       10.96
      12.478      14.547      12.915      14.896]"
9,transformed_0.15000000000000002,ClassOrderSampler,0.10274317565941406,"[     11.317      20.459      15.906      12.115      4.1009      14.239      12.837      15.034      16.702      9.2382      6.9112      14.738      15.253      17.633      8.7133      7.5558      9.9242      10.295      11.305      11.889      14.606      16.116      11.432      16.812      17.565      18.002
      19.881      16.633       15.71      15.462]"
9,transformed_0.15000000000000002,ClassOrderSampler,0.0023746425768713837,"[     19.746       17.13      14.308      18.569      16.616      15.433      16.284      17.031      15.699       15.92      17.432      16.209      15.768      16.492      17.083      18.014      18.095      13.951      17.796      16.953      16.481      15.498      17.021      14.567      19.625      13.752
      15.873      15.855      14.583      16.432]"
9,transformed_0.15000000000000002,ClassOrderSampler,0.005031471177075213,"[     14.195      19.981      17.891      17.682      16.693      17.747      15.942      13.368      19.229      17.566      14.533      16.021      18.376       21.05      12.997      15.517      9.9002      11.807      11.336      11.683        10.8      9.9497      12.298       14.17      11.898      10.123
      11.305      14.768      12.657      11.182]"
9,transformed_0.15000000000000002,ClassOrderSampler,0.6061763266916729,"[     9.1598      12.332      12.884      10.657      10.026      9.5828      14.548      17.553      12.034      9.6528      10.881      8.5146      11.846      10.773      14.103      11.102      11.227      15.588      10.812      11.249      11.146       11.48      10.016      9.6503      14.746      14.798
      9.0289       10.25      10.668      3.1439]"
9,transformed_0.15000000000000002,ClassOrderSampler,0.037302925474389056,"[     7.2731      1.2086      1.2754   0.0083671      1.9957    0.048888      10.193     0.87319     0.19171      3.7027      3.2411    0.017326       1.114      1.7492    0.056499      6.3721     0.19942     0.32483   0.0088666      3.0194    0.014865     0.94795      3.1151      6.5206    0.023918      4.3107
      7.6941      2.9435      1.9511     0.33124]"
9,transformed_0.15000000000000002,ClassOrderSampler,0.008954524799928313,"[    0.84338    0.011714    0.077611       2.696      3.3023      3.1085      2.0762     0.14427      2.2174     0.47722      0.8393    0.010272     0.88256    0.028849       8.917     0.08718     0.14491      6.2686    0.029139      4.3949      2.1659     0.21911     0.01952       6.226        9.25      10.191
      8.8119      15.719      7.3561      6.4827]"
9,transformed_0.15000000000000002,ClassOrderSampler,0.6882192732736458,"[     8.4123      9.4935      12.907      6.5656      15.074      6.5666      15.709      7.7427      10.825      6.7618      10.147      8.1537      6.6434      9.3992      4.3227      12.975      8.0852      11.096      13.218      14.851      14.577      9.0731      9.6167      6.4034      8.5032      12.308
      7.1158     0.10139      11.189      12.359]"
9,transformed_0.15000000000000002,ClassOrderSampler,0.08656012695228937,"[     3.4687      3.0357      8.5824      14.279      10.651      7.9563       11.52      8.8926      4.3453      5.4715      4.8797      7.5449       11.16      10.198      11.889      12.015      11.536      10.755      9.5569      9.3488      12.522      10.398      5.1001      5.6393      12.031      9.1984
      9.3928      11.381       12.15      11.018]"
9,transformed_0.15000000000000002,ClassOrderSampler,0.017867942917691643,"[     11.344      8.6407      9.9345      8.9648      6.0147      7.4487      10.032      4.7133      8.0639      10.236      7.0302      4.4858      8.1544       15.36      8.8848      5.7821      10.419      6.0722       3.746      13.761      7.8663      5.4887      8.7903      7.3728      10.235      7.3161
      12.353      8.5324      4.8278       4.557]"
9,transformed_0.15000000000000002,ClassOrderSampler,0.2967412797185644,"[     3.2193      8.8065      14.248      10.484      7.7641      13.612      4.8736      8.7247      11.881      9.3587      7.8555      2.9367      8.3043      11.309      3.7472      9.2267      8.3679      7.0306      8.5127      1.5447      7.4576      6.3936       8.135      5.0629      5.9565      7.6046
      3.9241      7.5584      5.2088      12.257]"
9,transformed_0.15000000000000002,ClassOrderSampler,0.03030008626478832,"[     10.642      9.9719      8.3574       3.224      6.3944      8.3279       5.462      8.1202      7.9128      6.9348      5.0461      5.3727      6.5646      6.7181      4.9147      11.381      6.6138      6.0236      9.2103      5.4424      10.524      10.911      7.4189      8.5871      8.2467      9.8281
      13.039      10.323      11.802      11.782]"
9,transformed_0.15000000000000002,ClassOrderSampler,3.127697648889373e-06,"[     12.014      11.447      11.833      12.628      10.273          13      10.288      14.546      9.5914      10.162      12.103      9.8475      11.404      11.105      9.5599      8.8213      7.4687      10.247      9.9939      14.631      12.443      9.3659      10.244      11.988      11.188      10.297
      12.714       12.35      11.224      13.236]"
9,transformed_0.15000000000000002,ClassOrderSampler,0.00018749263806518263,"[     11.147      12.143       10.13      9.6048      11.135      7.6375      9.9662      8.0505      11.126      11.841      11.988       12.49      11.724      9.9852      20.684      13.187       14.18      12.045      12.341      10.733      12.639      13.796      14.623      10.568      10.418      13.752
      12.007      6.5694      13.544      9.9447]"
9,transformed_0.15000000000000002,ClassOrderSampler,0.17143361988465747,"[     15.387      10.923      11.199      8.8797      8.0484      11.801      10.788      11.483       7.956      4.1714      8.7045       10.25      12.896      2.6933      7.2833      17.807      15.594      10.218      9.7872      13.362      11.414      10.118      12.196      7.9063      10.285      8.9711
      10.267      6.4159      18.885      15.438]"
9,transformed_0.15000000000000002,ClassOrderSampler,0.0028004234379852932,"[     13.702      13.746      11.105      14.325      14.283      14.038      14.055      14.893      17.289      14.528      12.726       9.727       17.27      14.166      9.6036       11.58      14.522      15.924      15.848      11.067      15.784      14.582       15.56      14.293      18.404       13.58
      14.759      15.941      11.728      12.995]"
9,transformed_0.15000000000000002,ClassOrderSampler,0.0007226608593058077,"[     14.256      16.092      14.215      12.555      16.465      13.879      11.463      13.773      18.836      10.022      16.662      16.004      14.113      14.011       14.69      14.515      12.533      15.252      13.763       16.29       12.42      16.195      13.161      13.608      14.916      14.346
      12.022      15.134      11.981      11.293]"
9,transformed_0.15000000000000002,ClassOrderSampler,0.0121222417635141,"[     9.4064      12.598       10.02      10.733      11.157      8.7583      10.397      9.0165      11.711       11.25      9.1732      10.323       11.48      10.408      12.963      11.585      9.9268      9.6247      10.666      7.3836      10.321      11.144      10.564      11.475      9.3478      9.7906
      11.792      9.9091      11.976      11.799]"
9,transformed_0.15000000000000002,ClassOrderSampler,0.00520397186099099,"[     11.676      11.463      12.705       11.41      10.954      10.358      9.1964      9.3737      8.8586      13.261      11.377      9.1772      9.1328      5.8046       11.46      9.5619      8.1526      6.8915      8.6539      11.346      7.5684      7.8161      8.7924      7.3616      10.082      5.9946
      7.9388      7.7106      7.9923      7.8208]"
9,transformed_0.15000000000000002,ClassOrderSampler,0.005949028837369207,"[     7.6635      9.0841      8.6167      5.8546      7.8597      9.3228      5.8392      7.5917      7.9853        9.08      6.3599      6.5687      6.9229      7.6417      9.1557      8.3424      8.9652      7.8831      8.5386      9.6285      9.0223      8.5984      7.4996      8.8777      7.4527       9.018
      8.1718      9.0489      8.2567       10.81]"
9,transformed_0.15000000000000002,ClassOrderSampler,0.032448328218681495,"[     8.0956      10.764      7.3422      8.4335      8.6238      9.2212      7.2798      7.8403      6.0972      2.3576      3.2799      4.5035         3.7      4.4484      6.5018      1.7177      5.7591      7.8761       5.722       4.101      6.3151      5.4211      3.6277     0.23054       3.608      4.4587
      9.4559      3.0863       5.011      6.9593]"
9,transformed_0.15000000000000002,ClassOrderSampler,0.5136567319003901,"[     2.4456      6.1413      7.9239       4.584      4.0815      2.1586      4.3211      3.0744       3.258       5.627      2.6011      2.3498      4.9623    0.049982      5.2398       3.056      4.6472      4.6074       6.967      2.0434      4.7322      7.4341     0.96119     0.65673      4.4214       3.002
      7.9932      5.5149      1.9641      3.0217]"
9,transformed_0.15000000000000002,ClassOrderSampler,2.4576074044779175e-05,"[      1.778      3.1776      3.2939      3.7794     0.73066      1.5623      4.6224      5.4071      3.3168      4.0556      3.0306      2.5364      1.8761    0.071824      1.7201      8.1267     0.51814      1.0305      1.0737      6.8203      2.2601      1.0343      2.3835      4.7493      3.3338      1.1142
      0.2959      1.6676      1.8204     0.81787]"
9,transformed_0.15000000000000002,ClassOrderSampler,0.01706664487674417,"[     2.8381      9.2069      2.3768    0.054623      4.3452     0.44172      2.9894      2.2472      7.0427      6.5864      1.5462     0.58794      4.9905      1.4367      1.7824      4.2981      7.0894      10.635      9.7209      11.296      8.8407      6.9316      12.845      16.574      7.7286      8.9851
      7.9622       13.29      10.895      16.083]"
9,transformed_0.15000000000000002,ClassOrderSampler,0.054409790314895436,"[     11.089      10.501      8.8083      12.968      10.922      10.705      15.319      11.493      10.857      10.109      11.095      9.7883      11.281      9.9646      8.5899      7.9641      11.939      11.672      7.5815      12.469      8.2016       9.594       8.842      9.5147      11.224      9.5336
      11.714      10.012      12.167      5.3857]"
9,transformed_0.15000000000000002,ClassOrderSampler,0.08882593710281408,"[     7.9535      10.689      15.242      22.356      22.877      16.251      15.524      19.116      15.284      12.958      17.217      14.019       16.83      12.536      17.766      17.531      19.501      15.776      15.233      15.445      22.578       14.53      12.709      15.465      14.361      20.217
      15.758      18.742      14.659      19.365]"
9,transformed_0.15000000000000002,ClassOrderSampler,0.6561338580412507,"[     12.488      13.342      16.672      13.623      14.335      16.711      15.847      13.871      13.445      18.746      19.984      19.362      17.964      19.459      18.323      18.781      15.039      18.198      17.836      15.948      16.383      25.675      10.892      14.419      13.958      16.222
      21.692      13.693      17.961       16.76]"
9,transformed_0.15000000000000002,ClassOrderSampler,0.018197795521034413,"[     18.808      9.0343      10.615      12.283      8.7935      9.5741      8.8954      14.474      8.4644      10.086      12.936        12.8      9.8899      9.6312      12.049      8.2677       15.47      9.7194      13.823      9.5712      8.7718      9.8091      11.643      10.441      8.1118      10.128
      12.166      13.262      9.9797      13.174]"
9,transformed_0.15000000000000002,ClassOrderSampler,0.03777404160428237,"[      10.66      10.192      5.3635      9.6613      12.428      8.7484      12.225      8.4739       10.28       10.59      10.383       8.529      12.877      11.825      10.368      13.162      10.657      13.041      11.281      14.505      14.579      19.746      15.596      16.064      16.087      12.579
      12.615      16.829      12.063      12.604]"
9,transformed_0.15000000000000002,ClassOrderSampler,0.0018569919445193506,"[     13.472      12.745      13.492      14.558      15.263       11.88      13.014      13.388      12.731      14.276      16.239       15.97      13.606      14.965      12.795      13.129       14.15      14.662      10.269      16.359      15.665       11.95      12.963      15.007      14.419      12.306
      13.424       13.04      13.912      14.859]"
9,transformed_0.15000000000000002,ClassOrderSampler,0.0038897111307387294,"[     13.959      11.122      15.557      11.896      14.821      13.357      13.225       11.72      12.292      13.551      16.175      18.007       16.76      12.801       10.54      11.768      9.8331      11.239      14.714      10.249      10.309      17.181      15.196      13.357      13.558      13.861
      10.904      13.493      14.196      15.561]"
9,transformed_0.15000000000000002,ClassOrderSampler,0.000439152071179849,"[     12.345      14.561       12.66      13.588      9.2578      13.323      17.936       12.81      10.923      12.061      12.119      10.168      14.092      11.941      11.323      10.954      14.408      11.152      12.437      13.295      12.874      7.3188       8.505      4.9587      5.4914      6.4602
      6.5968      6.8389      9.9281        3.78]"
9,transformed_0.15000000000000002,ClassOrderSampler,1.9022721928514794e-05,"[     7.6125      9.3766      8.3026      5.7695       6.131      11.719      7.0648      7.2063      9.2042      5.9599    0.016983      5.0702      6.1043      5.6425      4.6177      9.9017      4.3583      5.4344      7.1555      2.4056      7.4749      7.5323      7.6416      7.1291      3.3768      8.0223
      8.7113      5.2614      7.3036      9.3789]"
9,transformed_0.15000000000000002,ClassOrderSampler,0.00018749263806518263,"[     7.7967       6.263      6.7066      5.8523       5.503      5.2064      7.7653      14.662      14.201      5.9594      6.8291      10.699      12.459       11.24      15.981      10.635      12.169      13.045      16.477       5.375      10.003        9.35      9.0964      9.4587      15.039      11.327
      10.107      10.771      7.2879      10.192]"
9,transformed_0.15000000000000002,ClassOrderSampler,0.002394430844513156,"[      10.65      14.258      10.142      7.2874      11.419      11.458      10.207      21.753      14.329        15.2      14.036      13.966      9.8333        9.39      10.368      11.696      12.554      7.9788       7.591       9.724      11.066      3.0307      10.469       10.92      8.6919      12.064
      15.026      9.7782      9.2512      11.055]"
9,transformed_0.15000000000000002,ClassOrderSampler,0.404033388125739,"[     12.793      11.873      10.203      14.978       14.47      8.3984      12.726      8.0349      9.5872      11.594      9.4215      9.1393      8.3848      18.123      11.694      9.9541      13.648      10.874      8.9772      12.518      8.0401      10.018      10.932      10.911      8.4689      12.284
      14.061       12.58      7.8029      12.902]"
9,transformed_0.15000000000000002,ClassOrderSampler,0.0008324184199847006,"[     12.735      15.806      12.784      8.5279      9.8937      10.062      9.0739      10.129      9.5791      9.3118      10.315      10.867      9.7704      10.154      10.769      12.351      9.4153      10.473      10.196      7.6769      9.8636      8.6872       9.494      10.832      10.792      10.695
      9.6991       9.564      10.626      8.5734]"
9,transformed_0.15000000000000002,ClassOrderSampler,0.00030038510756728116,"[     10.758      9.5766      11.787      8.1468      10.359      9.7268      10.141      9.0614      9.3074      10.406      9.2715      9.9732       10.14       10.16      9.1034      10.436      9.7453      9.7341      9.4901      9.1314      11.332       10.36      9.1242      10.327      8.5311      11.026
      13.212      9.9296      10.065      9.6161]"
9,transformed_0.15000000000000002,ClassOrderSampler,0.013393041120201605,"[     9.0737      16.983      17.213      15.656      15.432      11.937       15.73      12.862      12.978      14.466       12.11      12.373      14.084      12.508       14.91      13.532      14.815      14.779       16.73      15.825      14.333      13.635       18.11      16.214      16.006      15.201
      15.235      14.412      16.655       14.01]"
9,transformed_0.15000000000000002,ClassOrderSampler,0.011528297612253621,"[     15.134      13.735      15.453      14.205      18.169      14.592      14.506      17.574      21.366      13.471      14.451      15.564      13.585      13.595      17.307      13.927      14.617      14.439      12.381      14.302      15.554      13.392      10.931      12.854      10.184      15.393
      14.384      9.3379      12.196     0.88337]"
9,transformed_0.15000000000000002,ClassOrderSampler,0.0008705869420888292,"[     13.399      10.531      11.772      12.102      14.466      12.343      10.515      11.974      5.3012      4.0507      12.232      11.292      10.753      13.025      11.226      12.704      12.526      7.0613       9.661      13.709      11.233      14.125       13.92      8.1644      12.849      9.7342
       8.743      13.652      8.6389       16.12]"
9,transformed_0.15000000000000002,ClassOrderSampler,0.38424743875314643,"[     8.3096      10.429      7.3806       6.249      14.056      14.443      10.286      13.292      12.233      9.8038      13.437       7.709      7.5224      6.5164      9.4826      1.6221       5.027      6.1552      10.249      3.6899      6.5457       5.944      5.5405      6.0266       11.71      3.3083
       4.798      6.1822      7.6571      3.7337]"
9,transformed_0.15000000000000002,ClassOrderSampler,0.025020733038636837,"[     8.1698      6.2039      7.1218      3.0959      8.8003      6.9411      9.4309      3.2376      7.7817      6.3073      8.9827      7.0816      9.1908      6.6821      6.2798      7.2112      9.7371      7.3927      4.4138      5.5915      9.3117      7.0442      4.9783      6.1161       5.106      6.5166
      6.1895      4.1424       12.76      5.1453]"
9,transformed_0.15000000000000002,ClassOrderSampler,0.04071064781218447,"[     6.7443       10.38      12.155      12.754      10.419      14.485      10.147      11.327      6.8839      12.234      15.813      12.031      10.371      12.767      14.989      10.628      10.692      6.8356       9.449      10.692      12.823      13.145       12.06      11.499      13.268      14.636
      12.538      11.604      12.745      11.148]"
9,transformed_0.15000000000000002,ClassOrderSampler,0.013456428940508244,"[     12.598      11.841      12.397      11.166      8.5454      11.238       11.06      13.806      14.859      8.5496      12.477      13.891      15.687      11.383      12.765       13.55      10.426       13.06      13.878      13.069      9.3485       8.732      9.2844      10.832      11.366      8.1088
       9.065       6.376      4.7176      6.4572]"
9,transformed_0.15000000000000002,ClassOrderSampler,0.015704395771284168,"[     7.1676      8.7315      3.4779       3.653      6.4374      4.7496      8.6761      7.9107      8.0089      7.0556      8.1562       3.395      3.6092      5.6539      4.6525       8.087      10.936      6.4702       2.646       4.915      11.761      6.4051      8.1801       5.052      6.6075      5.4043
      5.1259        7.09      6.7798      8.8838]"
9,transformed_0.15000000000000002,ClassOrderSampler,0.0004927887787829055,"[     8.2296      5.8306      7.2314      7.4579      9.2101      7.1859      7.8909      8.6414      4.2362      2.1578      8.4543      8.6616      7.4044      4.8125      8.3957      8.2589      11.949      16.437      19.724      15.397      15.118       16.16      20.467      17.774      14.098      16.802
      17.162       17.92      14.348      12.676]"
9,transformed_0.15000000000000002,ClassOrderSampler,0.23576252427183247,"[     15.402      22.147      14.157      17.175      16.978      19.167          18      18.366      17.927      14.414      16.247      13.943      21.281      12.605      19.106      14.385      17.521      16.045      17.709      16.202      16.524      17.576      14.512      15.374      13.238      14.499
      18.181      15.646      16.086      14.898]"
9,transformed_0.15000000000000002,ClassOrderSampler,1.5473023163442158e-05,"[     12.357      13.598      15.471      17.014      16.249      13.258        16.8       16.69      12.176      10.447      11.276      14.415      8.3552       11.77      9.1166      9.2524      5.0537      8.4044      7.5569      10.897      8.2617      7.7972      11.219      8.4076       10.35      10.406
      10.489      17.155      10.513      8.6315]"
9,transformed_0.15000000000000002,ClassOrderSampler,0.0005457279190365856,"[     14.558      12.179      9.7961      8.9885      6.2648      16.533      10.987      11.072      7.9883      15.021      11.979      14.105       7.185      12.294      12.199      7.0688      9.1932      9.5994       10.77      10.208      14.189      18.718      13.594       7.284      8.4709      11.337
      9.3275      9.6537      10.063      15.034]"
9,transformed_0.15000000000000002,ClassOrderSampler,0.0003327025097568991,"[     10.784      9.8976       10.52      9.3009      9.2055      9.6062      10.533       10.04      11.272      12.327      11.786      11.842      11.172      12.965      8.1925      15.174      8.8215      9.9821      11.652      12.346      12.171      11.817       11.71       10.71      9.6661      10.199
      12.264      11.516      8.1795      11.247]"
9,transformed_0.15000000000000002,ClassOrderSampler,0.025241986675447754,"[      12.36      14.626      10.941      9.5161      8.0399      12.145      10.599      10.885      13.656      11.896      9.7463      12.706      13.518      12.993       11.19      10.472      11.446      10.591      10.339      12.069      11.287      10.056        13.2      8.3845      8.0814      7.8859
      8.5159      5.4725        5.94      8.6846]"
9,transformed_0.15000000000000002,ClassOrderSampler,0.002917295816215527,"[     7.9763      6.6563      8.9214      8.4183      5.4929      11.503      9.4618      7.3557       9.168      12.378      9.4485      3.9043      8.3221      12.255      7.0988      8.2864      8.0523      9.6769      4.2492       8.172      12.292       10.68      5.4084      12.855       6.424      8.6129
      8.7718      9.3007      9.7952      7.7272]"
9,transformed_0.15000000000000002,ClassOrderSampler,0.12304637893638,"[     9.4211      9.4851      8.8988       7.528      7.9286       9.846      8.2155      10.164      4.7496      7.2952      8.4132      12.408      9.2397      10.646      7.0591      6.4886      8.2999      6.1579      5.4139      10.062      11.793      9.1298      10.697      10.972      12.487      11.645
      8.0555      13.005      6.6663      11.038]"
9,transformed_0.15000000000000002,ClassOrderSampler,0.0014452455141766892,"[     10.018      7.8078       7.434      12.707      12.557      10.832      9.1397      11.118      12.912      11.275      12.399      9.0962      10.237       11.82      6.6101      9.2763      10.283      10.722      8.8064      8.9904      10.623      7.4845      7.9484      7.9022      6.9437      8.1378
      9.6028      12.588      12.571      10.437]"
9,transformed_0.15000000000000002,ClassOrderSampler,0.2157702248226568,"[     9.4479      9.1256      6.6782      10.067      10.427      13.181      11.092       7.982      8.9409      11.246      11.654      5.3548      6.1669       8.411      10.173      7.0791      10.257      5.9896      10.854      9.3445      7.5438      5.0523      13.249      8.8889      5.8144      9.6352
      2.3829      11.077      4.8807      7.1542]"
9,transformed_0.15000000000000002,ClassOrderSampler,0.2242228038791272,"[     9.6969       1.246      11.336      4.6582        12.4      6.8958      8.6886      8.1391      9.5201      7.2864      7.8386      11.607        4.63      9.5582       11.79      8.6464      17.611      8.7949      7.3923      12.632      15.297      8.1837      7.5847      4.1165      7.3065      8.2263
      9.7268      15.936      8.3531      6.8186]"
9,transformed_0.15000000000000002,ClassOrderSampler,0.06404190646481298,"[     19.087      12.161      10.982      13.181      11.231      12.314      14.031      11.112      10.768      13.135      10.109      9.8607      16.892      15.892      14.293      18.999      13.905      10.429      16.748      7.9379      12.943       14.41      7.3232      19.382      12.694      12.696
      13.461      15.273      8.9902      13.702]"
9,transformed_0.15000000000000002,ClassOrderSampler,0.02357216859067725,"[     18.508       9.371      13.905      13.778       13.17      12.088      15.305       10.75      14.189      20.092      15.053      16.306      11.916      15.299      13.599      12.687      15.894      15.714      8.6224      13.941       18.69      15.863      10.686      13.471      11.815      11.495
      10.778      12.992      15.576      12.271]"
9,transformed_0.15000000000000002,ClassOrderSampler,0.0010158590042975263,"[     10.008       15.04      11.979      12.148      8.2955      11.349      11.653      10.001      10.585      9.6695       9.094      12.388      12.793      10.728      11.716      11.403      13.217      12.118      11.756      10.975      14.942      13.231      14.582      11.159      12.154      13.958
      13.556      12.689      12.065      11.141]"
9,transformed_0.15000000000000002,ClassOrderSampler,9.901686775125638e-05,"[     12.165      11.698      11.388      11.767       10.84      10.131      9.6936      15.634      12.031      11.769      11.272        9.67      12.748        10.3      9.4704       10.71      12.691      13.715      12.219      12.178      12.198      12.228      11.722      11.253      9.5242      14.058
      12.464      10.365      12.897      11.041]"
9,transformed_0.15000000000000002,ClassOrderSampler,0.0023746425768713837,"[     12.826      8.8842      11.209      10.591       9.178      14.109      10.806      13.525      13.483      11.694      13.279      12.385      10.948      12.848      11.215      12.119      11.491      12.862      12.676      12.016      13.824      11.298      14.923      13.784      14.418      13.052
      10.341      10.641      16.608      11.343]"
9,transformed_0.15000000000000002,ClassOrderSampler,0.1530151226370103,"[     8.8863      11.924      12.373      14.102      4.2373      7.6304      6.0474      2.2248       6.378      2.2765      6.4155       7.594      5.5258      3.3407      6.1296      6.3433       2.461      5.5466       10.32      5.0725      6.4341      5.0995      3.4289      7.4292      6.9459        1.69
      6.7709      11.473      7.4544      4.7358]"
9,transformed_0.15000000000000002,ClassOrderSampler,0.2144395399059843,"[     7.4603      5.9237      5.3135      12.346        7.57      6.7667      9.9123      3.8827       4.874      4.5505      4.6387       5.939      6.1901      4.8345      4.6744      5.2153      6.0373      5.2345      5.0055      8.9185      8.5705      5.7865      8.4588      6.8424      7.2537      6.3071
      4.7214      16.678      14.835      12.279]"
9,transformed_0.15000000000000002,ClassOrderSampler,0.0018517535053114037,"[     13.156      15.152      14.416      12.735      16.352      14.344      15.843      20.467      14.598      17.672      16.281       13.42      12.001       11.97      17.276      12.789      17.039      17.546      15.047      13.616      14.041      14.513      16.673      14.311      16.104      19.037
      15.634      15.226      14.389      17.377]"
9,transformed_0.15000000000000002,ClassOrderSampler,0.002259037961579655,"[     15.897      16.879      16.291      13.529      16.096      15.696      15.955      17.197      16.133      23.195      15.486      11.578      15.557      5.8989      8.6733      7.5358      5.4648      7.4882      4.7237      9.1432      5.8074      10.336      7.3781      6.7279       6.009      7.3657
      6.2855      3.1698      4.8064       8.333]"
9,transformed_0.15000000000000002,ClassOrderSampler,0.006212864794021076,"[     7.7056      5.5535      6.6108      4.3612      6.8136       8.514      5.8876      6.3958      7.4594      9.1071      5.5176       7.111       7.519      7.6345      3.2703      7.7222      8.8677        9.18      10.073      4.3411      7.5114      6.6007      6.0871      7.0177      5.4793      4.6672
      7.1554      6.5351      7.1115      7.9149]"
9,transformed_0.15000000000000002,ClassOrderSampler,1.855472165902513e-06,"[     9.9657      3.0991      2.0052      2.9636      2.5398      6.6273      3.4871      4.0029      2.0964      1.6956      7.9408      4.5301     0.45727      2.8441      2.3604      6.6012      6.3406      4.7509      3.3819      2.6904       2.095      3.3725      6.0178      4.0007      2.2217      6.6344
      3.5145       5.091      2.8369      1.8446]"
9,transformed_0.15000000000000002,ClassOrderSampler,2.4175449428370146e-06,"[     5.3496      6.2808      6.0952      2.6083      7.0693      5.4797      4.4163      4.9005      3.1569      5.5169       3.212      3.6255      4.2523      7.4466      6.8976      4.6127      4.0812      2.8124      1.3618      3.9618      4.1124      2.8202        3.04      1.8735      1.4029      11.402
     0.27223      13.993      7.0513      3.3641]"
9,transformed_0.15000000000000002,ClassOrderSampler,0.33357837909458654,"[     12.557     0.57686      5.8343      13.045      5.3064      9.3846      7.4323      1.5266      0.4588      0.7824      8.2327      10.475      6.3269      6.9683      7.2898  0.00061076      13.753      13.056      10.083      9.8166      6.2313      7.2563      6.4655      2.0374      5.5718      9.0825
      8.5243      13.743      6.9505      1.2038]"
9,transformed_0.15000000000000002,ClassOrderSampler,0.1992746987874728,"[     10.745      6.8812      12.059      3.7501      8.8324      10.661      4.8153      10.629      11.272      1.3236      7.4918       7.896      11.393      8.6669      9.3029      11.932      4.1977      1.7987      4.6292      4.2775      5.1326       5.412      3.0195      8.4441       2.907      8.4518
      12.821       12.51      3.9022      6.0156]"
9,transformed_0.15000000000000002,ClassOrderSampler,0.1082126495138698,"[     6.4564        9.15      6.3735       5.676      9.1051      11.016      8.2993      8.1148      6.9299      10.987      7.2976      4.7276      10.514      10.883      12.282       4.261      8.9773      11.745      3.6073       10.39      4.5836      14.532       8.639      10.283      3.1585     0.34806
      6.7851      9.3653      10.569      9.4832]"
9,transformed_0.15000000000000002,ClassOrderSampler,0.04113392986492188,"[     9.9175      6.5213       6.255      7.0732      8.9478      6.0842      7.4703      8.1979      9.5649      6.9113      7.9094      5.7532      5.2648      10.424      8.0191       7.801      10.192      5.7877      3.2804      7.6146       5.278      7.9928      8.3379      9.1653       12.16      9.1905
      10.572      6.1262      9.4105       10.84]"
9,transformed_0.15000000000000002,ClassOrderSampler,0.0006113725616415579,"[     10.395      5.0314      7.9173      5.8819      7.3413      9.2015      6.6167      5.9835      2.9865      8.6953      7.8179      6.4729      9.0244      13.574      14.237       12.48      11.931      12.207      14.014      12.496      14.833      11.638      17.193      14.062      13.126      14.999
      13.874      14.926      12.471      13.645]"
9,transformed_0.15000000000000002,ClassOrderSampler,0.0011063473558781843,"[     11.393      12.419       10.72      14.423      14.892      11.622      11.805      14.605      13.028      11.408      13.852      8.5804      10.602      11.511      13.294      13.822      10.634      15.301      13.312      16.033        15.3      10.225       16.14      10.858      13.269      13.506
      11.395      12.628      15.242      16.164]"
9,transformed_0.15000000000000002,ClassOrderSampler,0.004640979416618007,"[     10.245      11.226      12.005      9.3527        10.1      11.151       12.45      11.494      9.8335      8.1068      15.591      6.4396      13.245      10.209      4.4369      8.3753      13.752      11.528      8.0083      9.2589      7.8853      12.179       11.86      9.5595      15.477      7.6372
      13.164      11.712       12.32      9.7457]"
9,transformed_0.15000000000000002,ClassOrderSampler,0.252204049449521,"[     7.8037      10.568       11.26      6.4149       13.86      9.5549        13.7      11.391      9.9496      11.263       14.34      9.9032      8.2843      10.865      11.257      11.336      8.0532       12.15      11.265      12.007      8.4082      9.2629      11.259        7.52       7.797      9.1333
      3.9061      12.955      7.2576      13.057]"
9,transformed_0.15000000000000002,ClassOrderSampler,0.0026440142375922025,"[     14.711      10.724      14.347      9.4319       12.32      11.762      9.2332      14.459      16.849      10.394      11.024      12.934      12.236      12.407      14.728      13.757       11.24      15.403      10.964      14.931      10.417      11.677      15.238      11.782      7.6447      10.163
      12.071      14.236      13.478      10.546]"
9,transformed_0.15000000000000002,ClassOrderSampler,0.0008151422039734511,"[     12.055      15.539      12.767      13.078      9.8146      14.573      15.661      12.313      7.8927      13.006      13.054      13.928      13.419      10.387      10.639      10.561      1.9356      1.5475     0.25458      2.3569     0.35359    0.027121     0.17628     0.95805      0.8561      4.2527
      0.1443     0.11692      1.7985     0.38458]"
9,transformed_0.15000000000000002,ClassOrderSampler,0.16161747310064745,"[      2.764     0.49618    0.037893      1.4863      3.9692      2.7343      1.1962     0.16764      3.6033      7.6583    0.077111      2.4778    0.029039     0.74259     0.35216    0.080837      1.4505    0.034887        5.43      4.6135    0.091031      1.0014    0.087633       1.237      7.2191      3.3478
    0.059952    0.061953      2.0981      3.7401]"
9,transformed_0.15000000000000002,ClassOrderSampler,8.25113677837982e-05,"[     3.9223     0.19722      4.8652      1.3634      1.3445     0.38223      3.3169      1.3134      3.5925       1.341       1.206       11.48      12.567      9.5889      10.129      6.9574       11.25      10.544      9.8399      10.026      8.6465      12.294      6.9595      9.6307      10.087      9.2742
      10.387      8.2916      10.201      8.3963]"
9,transformed_0.15000000000000002,ClassOrderSampler,4.587982017988739e-05,"[        9.3      10.492      10.264      9.3375      13.693      8.9552      8.0017      10.358      10.164      8.2249      11.635      8.3433       9.819      9.1029      7.8126       12.72      11.441      8.4405       10.23      9.9046      8.8115       11.46      9.7141      10.122      11.088      10.346
      10.243      8.5195      9.9015      11.765]"
9,transformed_0.15000000000000002,ClassOrderSampler,6.104722403415299e-06,"[     10.202      8.2806      10.649      10.536      10.572      10.621      10.795      8.3061       11.95      10.088      10.062      12.316      3.9428      8.2669      7.7411      10.214       12.71       9.612      10.685      11.427      10.157       9.917      10.191      15.717      7.5861      12.316
      11.566      13.239      12.161      8.8241]"
9,transformed_0.15000000000000002,ClassOrderSampler,0.037853276199419236,"[     4.1315      13.083      5.1366       11.45      12.976      5.9696      9.0536      9.8789      12.747      10.108      14.761      11.464      10.849      10.283      7.4174       13.69      13.463      12.866      14.346      16.928      8.1009      15.903      4.0225      8.5773       10.26      15.461
      9.6499      10.005      10.553       9.519]"
9,transformed_0.15000000000000002,ClassOrderSampler,0.014990215608480966,"[     12.981      12.461      15.119      12.923      16.182      7.1769      11.539      8.0053      7.2145      8.9386      11.443      15.253      8.9268      12.965      14.409      11.884      9.4076      9.4168      10.196      9.5062      13.365      13.471      14.999      9.1516       9.149      1.0505
      13.393      9.7325      12.299      15.446]"
9,transformed_0.15000000000000002,ClassOrderSampler,1.745312968549233e-05,"[     11.366      11.713      14.756       11.69       9.609      10.896        11.3      11.167      15.656      8.7934      7.7051      7.2745      6.3461      7.4121      10.263      11.368      8.4753      8.9156      5.6954      6.5394      15.303      8.0677      7.4127      7.8132      9.9584      9.7047
      8.1956      10.699      7.7113      11.484]"
9,transformed_0.15000000000000002,ClassOrderSampler,0.00010211205636046374,"[     7.5856      6.8781      8.7639      7.7924      6.6045      5.6825      6.8101      9.0434      7.1231      9.6065      11.297      6.0555      10.252      7.0606      9.8707      7.0443      8.1048      7.0467      7.4507       10.33      7.2672      8.4385      12.416      8.1965      9.0462      7.5546
      13.195      7.3354      6.4639      8.7167]"
9,transformed_0.15000000000000002,ClassOrderSampler,0.16728805698504778,"[     9.4514      7.0423      7.4888      5.9994      7.8989      6.0311      9.0323      6.1574      7.7932      8.8687      8.6597      5.7631      8.0597      8.8837      7.4286      8.1829      9.6069      6.4719      6.8558      6.4249      7.3739       6.872      8.3403      6.4585      4.4429      6.0057
      9.1029      8.8108      6.4764      7.2478]"
9,transformed_0.15000000000000002,ClassOrderSampler,0.3559504333487276,"[     6.7979      9.3796      9.6488      7.1106      6.0309      5.5711      10.088      10.896       7.408      8.1734      7.5203       7.162       12.26      7.1836      11.496      14.023      5.9189      5.9022      6.2477      8.8552      10.608      9.0896      11.034      4.5198      7.1297      7.2046
      7.3866      5.6384      7.1911      12.393]"
9,transformed_0.15000000000000002,ClassOrderSampler,0.002009150543682157,"[     7.0533      6.8214       6.508      7.0683      5.7291      4.4571       6.558      3.8105      7.9925      8.1585      9.1497      8.0571       7.096      8.0642      8.6345       5.002      10.783      11.827       4.568      8.5313      7.3998      8.4986      5.7215      9.9634      14.639      5.5859
      5.2651      13.652      8.2931      8.1041]"
9,transformed_0.15000000000000002,ClassOrderSampler,0.16429916852575505,"[     9.4376      6.2057      8.2878      12.993      10.659      5.9039      8.6018      11.824      8.4364      11.641      10.285      8.1324      9.9676      11.249      12.212      12.991      10.885      10.252      9.8061      8.1028      6.0671       7.999      8.7627      8.5652       9.763      12.091
      9.3146      8.6144      9.7957      8.7342]"
9,transformed_0.15000000000000002,ClassOrderSampler,0.42600243608089255,"[     10.941      12.588      8.4975      7.7313      5.3611      9.4654      11.872      8.4531      11.488      7.3901      9.6209      12.198       9.339      9.0594      9.9939       10.84      7.9166      10.244      8.2123      7.9937      9.6476      7.5809      8.0032      9.3615      5.9971      12.007
      13.481      11.528       10.77      7.8261]"
9,transformed_0.15000000000000002,ClassOrderSampler,0.0834066588276142,"[     11.118      12.202      10.741      10.468      10.963      8.5263      9.8008      6.6073      8.9756       12.24      10.282      10.579      6.8373      10.793      6.8498      15.943      13.008      9.5236      9.9299      7.0923       8.007       8.086      11.236      8.2889       9.921      9.0259
       10.21      13.217      11.251      12.259]"
9,transformed_0.15000000000000002,ClassOrderSampler,0.029399960162036914,"[     4.8011      7.0871      11.952      8.5622      11.849      10.079      7.3203      6.6405      10.644      8.5044      7.8883      9.7024      7.9323      8.5901      11.859      8.5993       9.971      7.2791      8.9767      8.3001      9.8653      10.546      6.5897      10.905      14.041      9.2972
      8.7311      8.9438      9.7944      8.4119]"
9,transformed_0.15000000000000002,ClassOrderSampler,0.020848324918829597,"[     12.516      6.8187      8.8726      10.493      9.8083      7.3642      10.043      9.7491      9.4811      9.0497       7.406      10.663      6.0891      9.7372      11.114      9.9628      12.001      6.9319      8.0808      7.6062      10.062      8.7482      7.5592      9.5125      10.533      9.6655
      9.7378      9.2995      9.2089      9.7166]"
9,transformed_0.15000000000000002,ClassOrderSampler,0.5318650747221699,"[     10.596      8.4213      9.7782      9.7928      9.7114       4.301      8.7429      8.8383      8.9227      8.8618       9.716      11.231      10.477      15.158       9.715      6.1917      14.599        9.89      13.171      14.513      2.9008      11.651      6.3418      8.7098      12.133      6.6827
      10.395      13.273      11.073      7.1224]"
9,transformed_0.15000000000000002,ClassOrderSampler,0.21377739399238804,"[     11.534      9.2837      10.368       12.37      10.069      8.8649      4.5486      16.427      5.4836      13.471      8.4417      4.5263      8.1466      8.9578      10.439      10.752      10.474      10.033      7.7987      11.836      9.9238      6.3061      7.7105      4.6085      7.0552      6.6424
      7.3461      5.0668      4.6437      6.1191]"
9,transformed_0.15000000000000002,ClassOrderSampler,0.48203262766081806,"[     6.5788      6.6172       6.663      9.5318       6.257      7.1336      7.8654      8.0544       6.287      5.3162      4.9796      6.2262      6.2916      5.5067      6.9778      6.6211      7.5966      8.5581       2.944      4.9082      9.0625      8.4674      4.8482      2.3949      10.354      8.6645
      5.1694      6.2174      8.4647      8.5371]"
9,transformed_0.15000000000000002,ClassOrderSampler,0.11034854273023086,"[     6.0405      3.3218      5.0511      4.4723      9.2127      6.5824      5.1874      5.8896      8.7713      6.9452      5.4483      9.1168      7.4001      5.3693      10.147      6.2859       5.298      8.0394      6.6562      6.3184      5.0294      7.4135      7.5723      7.8679      5.8376      5.0605
      9.8978      6.4039      6.2706      2.2765]"
9,transformed_0.15000000000000002,ClassOrderSampler,0.0008374141143958437,"[     7.9563      7.3675      8.3027      8.1254      3.7156      5.9882       5.608      8.1821      9.1694      2.8878      6.2286      10.129      10.734      7.5803      6.4346      8.5247      7.9376      7.0834      2.2979      7.5367      6.1705      9.2171       5.538      8.7964      7.7105      7.1182
      5.8067      6.9871      4.7859      7.1034]"
9,transformed_0.15000000000000002,ClassOrderSampler,2.1510609827393826e-05,"[      7.899        7.62      6.2602      6.8366      7.2202      6.1395      3.7155      5.5807      11.151      14.551        8.24      13.499       11.74      11.478      6.7189      8.8257      9.6083      11.428      10.752      13.569       10.24      8.6993      10.501      16.192      14.944      8.7336
      8.5064      10.654      8.4803      8.5915]"
9,transformed_0.15000000000000002,ClassOrderSampler,0.1143221198780418,"[     11.227      12.606      11.238      10.169      10.345      11.346      14.714      8.2723      9.1464      7.8038        12.8      9.9852      13.361      11.868      9.8654      14.292      12.195      9.6149       7.955      0.2791      8.7747      13.047      8.7643      10.522      10.623      10.767
      9.9416       8.119      9.4935      10.001]"
9,transformed_0.15000000000000002,ClassOrderSampler,0.03546913893124394,"[      16.16      21.683      19.371      13.421      12.347      18.581       17.09      19.415      19.978      15.505       21.04      14.324       16.87      16.678      17.226      19.037      18.889      16.238      12.502      18.363      19.587      21.167      19.896      13.996      14.822      14.559
      15.836      26.336      19.325      7.4755]"
9,transformed_0.15000000000000002,ClassOrderSampler,0.00036362148381558737,"[     14.414      12.926       14.31      20.519      18.608      12.733      18.326      14.647      16.521       14.99      14.548       16.56      17.819      13.934      16.043      14.703      17.829      14.293      14.713      12.461      18.802      14.618      21.939      16.545      2.4555      8.3888
       2.997     0.47007      3.8896      3.3468]"
9,transformed_0.15000000000000002,ClassOrderSampler,0.1681107889513527,"[     8.3148      2.7381      1.9271      4.7414      11.389      3.2248      1.6151      7.6624      5.3312      7.8585      6.4551      5.3708     0.55118      3.2057      3.2033      3.7467      9.3799      13.811     0.42489      5.7677      1.7544     0.37288      4.2431      8.4252      2.3037      3.7157
     0.51001      3.3983      5.2082      7.2295]"
9,transformed_0.15000000000000002,ClassOrderSampler,0.25597223677456765,"[      9.728       6.381     0.59562      6.8218      7.7197      3.4574      13.743      13.542      13.765      12.568      13.545      12.949      16.719      9.5265      16.246      10.792       11.84      18.914        11.5      11.166       12.99      18.248      18.722      13.755      14.674       12.01
      10.184      16.509      16.614      17.043]"
9,transformed_0.15000000000000002,ClassOrderSampler,0.16483889057700213,"[     12.277      12.828      14.921      13.002      13.713      17.361      17.424      17.953      7.8181       19.54      17.541       15.03      13.739      14.695      11.988      19.004      13.939      19.067      15.682      16.918       10.91      12.114      12.288      9.4442      10.405      11.458
      12.921      7.2418       10.34      14.383]"
9,transformed_0.15000000000000002,ClassOrderSampler,0.0005390398691468565,"[     10.121      13.236      10.165      10.849      13.129      9.7524      12.276      10.925      9.2152      8.1881      13.243      9.6566      12.347      8.0831      8.3699      7.1819      7.4578      10.671      3.7768      11.475      13.509      11.874        9.51      17.157       6.328      16.451
      15.793      10.076      6.3773      8.7796]"
9,transformed_0.15000000000000002,ClassOrderSampler,9.130033192300202e-06,"[         12      9.0698      14.474      11.475      10.272      10.469      9.1968      12.634      11.093      8.2495      9.2978      10.605      7.4719      13.398       10.88      10.412      13.605      12.716      10.078      13.597      11.032      10.087      8.1557      11.092      9.2103      7.3878
      10.497      10.389      9.0059      11.173]"
9,transformed_0.15000000000000002,ClassOrderSampler,0.15149094995976892,"[     10.326       9.407      7.7467      10.734      12.814      12.512      10.324      8.8937       11.07       8.891      11.114      7.7932      9.8365      11.297      10.115      11.947      8.5591      11.261      7.3175      10.976      10.727       12.21      12.285      10.099      9.4054      12.752
      9.1463      10.122      9.3616      10.345]"
9,transformed_0.15000000000000002,ClassOrderSampler,0.0069808139612072785,"[     9.7886      9.6486      7.7187      8.0358      9.9698      7.6699      10.474      8.8872      8.5673      13.819      16.028      16.384      17.699      18.612      16.828      15.124      14.074      14.828      15.327      11.444      12.319      19.727      17.252      18.309      18.306      15.473
      21.648      15.343      14.761      20.858]"
9,transformed_0.15000000000000002,ClassOrderSampler,0.005395709696886915,"[     16.252      18.989      14.903      12.289      14.712      14.566      16.079       14.81      20.271      16.369      14.896      16.181      17.423      15.313      18.568      13.988      15.986      16.024      14.923      16.347      16.267       17.76      18.647      17.875      17.132      14.815
      15.348      18.764      17.236      10.899]"
9,transformed_0.15000000000000002,ClassOrderSampler,0.02469222711888126,"[     12.086      19.318      18.227      15.924      15.178      11.838      12.759      20.339      18.428      16.284      15.332      11.295      12.636      16.927      14.614      12.616      14.855      14.987       14.48      13.865      15.369      13.833       13.83       10.77      13.302      13.819
      11.026      13.413      13.885      13.627]"
9,transformed_0.15000000000000002,ClassOrderSampler,0.013018320413154084,"[     16.809      13.535      15.849      11.983      14.193      13.924       15.04      12.718      13.993      11.782       12.27      13.234      8.6417      13.242      11.985      12.225      11.977      12.442      11.317      14.678      13.382      11.923      13.199      17.066      13.783      12.743
      15.502      11.686       11.78      15.678]"
9,transformed_0.15000000000000002,ClassOrderSampler,0.009199840717051547,"[     11.131      13.349      13.137      13.252      15.676      16.552      11.159      12.768      18.856      13.443      15.857      12.041       14.73      18.058       10.72      12.474      12.956      15.213      12.198      11.765      15.384      13.918      11.744      10.794      12.353      12.806
      14.727      9.4643      14.876      14.853]"
9,transformed_0.15000000000000002,ClassOrderSampler,0.03030008626478832,"[     16.054      12.726      16.478      15.106      16.074      12.362      14.584       21.77      15.174      11.299        15.4      12.829      11.585      13.031      13.357      19.124      13.769      10.639      13.582      12.813       7.241      9.9865      9.3341      9.7474      10.853      9.8904
      9.2906      12.698      8.1879      10.089]"
9,transformed_0.15000000000000002,ClassOrderSampler,0.01041812889261246,"[     2.4001      7.8509      10.594      9.3469      8.9429      13.251      11.588      9.2452      12.408      10.303      6.1864      12.526      10.006      6.7699      9.8978      11.031      8.7054      6.8937      6.5821      7.9549       13.76      14.988      11.941      10.731      6.4014      8.1618
       7.559      10.707      8.7427      7.3853]"
9,transformed_0.15000000000000002,ClassOrderSampler,0.00029751122348034765,"[     11.206      7.0135      9.7197      10.927      8.7904       8.907      8.1632      9.6182      9.1325      11.305      10.559      13.755      14.366       15.07      14.079      15.072      12.426      15.316      12.542      14.791      14.485      14.609      14.006      13.116      13.983      15.298
      13.803      16.592      13.922      20.097]"
9,transformed_0.15000000000000002,ClassOrderSampler,0.001152652376523858,"[     15.103      15.908      12.037      16.203      15.796      13.683      12.638      11.714      16.681      14.894      14.214      14.254      14.497       15.73      15.614      15.735      12.907      14.277      13.872      16.749      12.628      17.061      15.115      13.262      13.677      15.193
      13.586      14.937      13.867      14.969]"
9,transformed_0.15000000000000002,ClassOrderSampler,0.0021909602008141757,"[     15.677      14.278      7.3047      2.6683      6.0505      7.2386      4.5015      12.903       5.115      6.9669      3.7925      6.0435      3.5245      5.4712      2.6606       6.253    0.032194       5.355       5.999      2.0969      4.0639      5.1415      2.4531      3.2656      1.8598      2.9801
      6.3956      4.2643       2.361      3.0601]"
9,transformed_0.15000000000000002,ClassOrderSampler,0.07945098892244862,"[     3.5871      5.9198      6.0988     0.34613      2.5387      4.7038      3.9079       7.342      4.7159      2.0491      6.9345       5.348      3.7024      4.8753      4.2269      5.7134      3.2994      6.9991      3.2331      16.242      16.311      17.576      16.874       17.23      16.525      8.4495
      13.054      19.778      16.403      13.957]"
9,transformed_0.15000000000000002,ClassOrderSampler,0.2794304433508431,"[     13.687      16.805          17      15.293       14.79      15.897      14.594      14.322      15.559      16.535       12.46      12.786      17.481      14.593      13.506      13.767      13.085      17.186       11.27      12.344      13.275      15.497      16.332      15.446      13.997      13.891
      18.487      14.217       13.25      21.016]"
9,transformed_0.15000000000000002,ClassOrderSampler,0.011695273368732453,"[     18.062      16.436      15.824       14.89        21.2      14.957      16.003      10.984      16.941      19.345        15.4       9.155      8.0932      9.2815      10.169      7.8837      8.9643      9.2408      9.7196      9.5016      8.1886      8.4857      11.282      8.0855      9.7922      10.985
      7.3979      9.3943      8.4186      10.706]"
9,transformed_0.15000000000000002,ClassOrderSampler,0.03392944150604199,"[     6.4727       8.507      8.2947      12.768      7.7072      8.8439      10.328      9.5865      8.3137      7.8465      9.7833      9.4952      7.0359      8.4069      8.8527      7.3682      7.2192      7.5887       7.092      11.419      12.246      9.1828      6.9958      7.8494      7.4901      7.8779
      9.0922      7.4263      8.9217      9.5718]"
9,transformed_0.15000000000000002,ClassOrderSampler,0.0017748822519542047,"[      7.714      7.6097      9.1046      6.4653      8.6837      9.7561      7.7932      9.8414      11.409      11.368      11.518      12.894       12.13      11.656      10.721      13.263      13.193        12.4      12.593      10.645      11.201      12.772      10.809      13.802       12.29      15.239
      11.686      12.238      10.018      12.352]"
9,transformed_0.15000000000000002,ClassOrderSampler,0.00989992178588748,"[     15.627      14.546      11.663      10.983      11.179      13.444      12.044      12.102      11.977      9.7755      11.455      14.377      12.793      13.168      12.378      12.373      14.103      9.5374      12.242      12.521      11.471      11.628      11.458      12.031      15.252      14.199
      15.435      17.529      19.088      16.744]"
9,transformed_0.15000000000000002,ClassOrderSampler,0.15378177521970043,"[     18.644      18.098      16.328      14.354      16.496      16.699      16.261      13.095      14.717      18.037      16.366      16.954      16.308      14.134      13.201      14.719      19.082      16.183      14.733      13.543      15.052      16.059      16.041      13.707      14.643      12.447
      13.157      7.8993      15.668      12.615]"
9,transformed_0.15000000000000002,ClassOrderSampler,0.00017608396780495708,"[     15.048      14.393      12.335      12.603      13.384      8.6771      1.1092     0.53362      0.9284     0.17416      1.5692      1.1094     0.79381     0.12542       1.828     0.19948     0.38723     0.34754     0.81085      1.2912     0.15658      2.0319     0.24821     0.53338      1.5606      1.3599
      1.9104     0.29275      0.2922     0.95624]"
9,transformed_0.15000000000000002,ClassOrderSampler,0.03793239064761838,"[    0.46457     0.24892     0.19341     0.17997    0.082793     0.10659     0.82882     0.72258      0.3255      0.4467      1.2706    0.043707      1.9075     0.51447     0.84514      1.0831        1.48     0.72556      2.0155     0.13752     0.96152       13.46      16.178      14.658       14.34       18.58
       19.36      17.037      13.757      15.252]"
9,transformed_0.15000000000000002,ClassOrderSampler,0.06605619608925369,"[      16.59      15.853      14.953      15.764      15.952      22.621      16.369      17.283       15.61      16.643      15.483      18.159      16.437      16.707      13.965      18.232       14.29      18.565      18.692      16.823      17.446      14.434      17.086      14.643      16.718       19.18
      14.438      18.565      16.819      19.227]"
9,transformed_0.15000000000000002,ClassOrderSampler,0.008051221736270327,"[     18.814      16.381      14.092      18.396       16.06      16.916      18.722      20.823       10.89      9.8585      10.052      8.6039      13.233       9.732      14.273      11.542      11.707      14.083      12.879      12.226      11.933      10.192      11.005      12.345       10.52      10.937
      10.204      10.673      10.109      11.118]"
9,transformed_0.15000000000000002,ClassOrderSampler,0.30739594452073554,"[     14.663      10.773      13.059      10.299      11.834      12.284      14.936      13.646      11.464      9.0759      10.079      11.924      12.251      11.236      11.201      10.378       12.24      13.839      10.294      11.764      11.472      8.2349       12.05      10.394      9.8016      15.673
       10.25      5.8461      3.6211      1.8295]"
9,transformed_0.15000000000000002,ClassOrderSampler,0.0666966579884086,"[    0.58661      5.2757      2.5835      4.3631      6.8928      1.9541        0.34     0.21391      5.5897      3.8394      4.6181   0.0037527      1.4575      8.8811      1.2153      5.5106      2.6808      3.1615      5.7415      2.1632      5.6515      3.2352     0.79073       1.591     0.90919      1.5274
     0.39339     0.76983      1.0458      1.2985]"
10,transformed_0.15000000000000002,ClusterSampler,0.00018749263806518263,"[     15.014      7.4691      6.2795      4.7903      2.8686      9.0327      16.438      7.6658      14.475      9.1397     0.15671      12.485      10.077     0.12387      10.501      10.408      5.8448      10.535      5.8355      13.596      11.054       4.437      9.6965      6.6354      11.326      13.384
      8.2652      4.9421      8.3029      7.6115]"
10,transformed_0.15000000000000002,ClusterSampler,0.00039596622204724624,"[     5.9085      11.259      7.8868      9.2072      9.5518      8.7758      15.569      12.109      3.5815      12.817        0.65      8.9354      12.321      14.818      11.686      7.0901        6.94      9.8798      9.1768      13.112      8.8823      10.334      9.7108     0.12341      14.484      10.063
     0.87426      6.3993      6.3969      16.754]"
10,transformed_0.15000000000000002,ClusterSampler,0.0003567777464061427,"[     27.178      17.217      11.423      14.743      4.3644      13.682      11.189      4.9275      4.2041      8.6199      7.7581      8.9715      11.474      8.7137      6.5237      5.8315      13.519      11.841      11.978      6.0414      14.684       5.129      12.544       10.33      6.4948      17.396
     0.18354      13.962      9.9668       15.43]"
10,transformed_0.15000000000000002,ClusterSampler,1.8847219656323137e-07,"[     14.174      12.268      11.961      1.2751      14.699      6.1744      9.5001       10.51      8.1314       10.51      6.6954      13.011      11.668      13.331      1.7774      9.7536      14.537      7.9057      0.1551      13.763      10.854      10.587       9.986      11.762      3.5398     0.68279
      8.7697      15.316      10.112      5.6464]"
10,transformed_0.15000000000000002,ClusterSampler,1.3759897871589502e-05,"[      10.02     0.41024      8.8225      3.6329      13.452      8.5803      8.0553      13.637      6.7292      10.189      13.346      20.021      9.6369      11.242      11.831      9.6237       3.924      10.465      15.176      11.633      10.124      13.371      15.233      15.382      12.028      6.4531
      1.1025      7.7586       9.716      6.9534]"
10,transformed_0.15000000000000002,ClusterSampler,0.0008757951251093294,"[    0.88235      16.999      8.7603      11.363      11.713      14.672     0.60922      16.806      9.5585      11.898      11.368      10.778      13.885      15.579      6.4829      15.172      19.721      10.133      5.2918      13.856      11.889      8.4848      6.7838      18.274      9.7521      14.539
      4.8764      10.084      18.545      17.205]"
10,transformed_0.15000000000000002,ClusterSampler,0.0024210467947495453,"[     7.1072      5.9617      9.9915      10.412      10.095      7.4513       8.634     0.23136       7.439      14.457      4.7828      14.335      17.187      11.406      3.7616      13.025      12.501      16.278       8.391      8.9817      11.649      13.563      12.789      11.101      13.195       7.707
      16.771      9.5045      10.896      12.274]"
10,transformed_0.15000000000000002,ClusterSampler,0.0666966579884086,"[     17.265      14.276      9.3302      9.3756      7.3214      8.2049      21.175      12.371      16.716      16.842       12.28      9.4629      10.844      3.4209      13.798      4.4115      5.3193      18.558       8.685      10.802       15.05      14.574      9.9277     0.25606      10.548      12.671
      14.914      7.2864      5.4917      3.2929]"
10,transformed_0.15000000000000002,ClusterSampler,0.26246507846283873,"[     17.255      21.186      17.245      16.153      11.444      15.566      15.781      6.4039      16.619      15.446      11.397      5.4821      10.301      12.099      6.5227      11.931      13.359      19.116      8.0626      8.2449      14.363      6.0544      7.5226      17.616       16.24      7.7562
      7.4967      13.766      6.5631       9.066]"
10,transformed_0.15000000000000002,ClusterSampler,0.02357216859067725,"[     7.9308      17.967      15.596      1.0081      7.9274      14.763      7.6682      11.236      13.967      15.072      13.433      13.995      11.042      9.7233      7.6027      12.828      7.5999      12.767      13.217      9.9019      8.0794      14.019      10.268      11.479      12.748      10.965
      15.639      15.251      9.3351      2.7536]"
10,transformed_0.15000000000000002,ClusterSampler,0.0019923145766376402,"[     13.644       10.32      9.6401      8.5458      17.404      7.0758      9.6043      10.373      8.0988      11.715      15.547       11.15      11.547      5.6865       11.76      12.903      12.622      13.905      10.557      8.5319      14.612      8.9159      12.204      13.698      11.438      10.264
      14.343      7.1877      9.5721      4.5339]"
10,transformed_0.15000000000000002,ClusterSampler,8.630056256590893e-05,"[     13.436      9.2715     0.59113      10.854      4.1335      9.4515      15.347      10.061       8.233      6.8905      11.607       11.93      16.124      9.6343       6.393      10.326      9.0478      14.325      16.366       12.67      9.8272      5.2082      7.0581      9.7699      9.7967      13.444
      7.7913      9.9646      9.9217      12.184]"
10,transformed_0.15000000000000002,ClusterSampler,0.006340634514769582,"[     9.1852       5.203      8.3588      3.7619      12.586      12.504      12.296      10.308      6.8374      15.282      9.6944      8.3745      13.016      2.3965      16.049      1.9655      5.9904      11.822      7.1156      16.905      10.979      9.5846      1.1271      3.9537      14.703      18.234
      15.005      13.371      14.284      9.8976]"
10,transformed_0.15000000000000002,ClusterSampler,0.07989918857829259,"[     6.2703        12.4      10.023      10.062      10.608      6.4223        13.7      14.145      10.415      18.572      7.0975      14.433      12.334      15.367      22.937        17.9      9.4101      11.307      11.152      7.1874      11.095      11.938      4.5258      13.343      17.653      13.463
      13.726      15.514       9.983      19.561]"
10,transformed_0.15000000000000002,ClusterSampler,0.05876931299061206,"[     16.099      14.123      9.8429      10.052      5.3302      10.818      13.006      11.863       12.89      18.071      11.821      6.8345      17.488     0.76968      10.703      18.356      10.856      10.454      13.172      9.0798       15.56      14.951      9.0437      14.621      8.8584      12.429
      16.936      7.0152      12.651    0.036907]"
10,transformed_0.15000000000000002,ClusterSampler,0.00213667380528815,"[     18.966      5.6292      13.762      7.7005      11.068      10.018      15.318      13.993      11.744      15.045      13.219      8.3747      12.677      15.997      17.146      14.198      11.652      8.2048      16.465      8.0311      17.556      14.585      6.2078      9.5449       10.93      12.052
      11.366       19.68      16.472      9.6648]"
10,transformed_0.15000000000000002,ClusterSampler,1.3655815950716944e-05,"[     10.723      11.806      17.687       10.62      8.6046      12.944      7.6609       6.902      1.1722      3.2421      8.4604      8.4136       12.13      2.5204      8.7834      6.9443      11.676      8.5276      5.6549     0.33695      8.1694      12.318      13.185      7.3938      10.241      14.267
      13.756       13.15       10.73       14.74]"
10,transformed_0.15000000000000002,ClusterSampler,0.002831156871426145,"[     12.996      6.9244      12.569      11.661      8.5894      4.6932      13.911      10.054      15.509      14.768      9.4854      1.6866      9.8456       3.764      10.569      6.9609      11.047       14.98      15.035      6.0097       8.582       7.592      12.672      9.2556      13.706      13.848
      12.225      12.631      13.943      12.627]"
10,transformed_0.15000000000000002,ClusterSampler,1.7071563158092764e-06,"[     10.057      6.1924      7.0457      10.368      10.408      10.016      11.904      7.8032      6.9766       5.179      15.701      11.934      6.9004       3.842      10.636      8.5571      12.611      13.845      12.962      7.1763      9.0492      7.7504      11.769      2.4769      10.763      8.8606
      8.3227      13.785      9.9917      9.1267]"
10,transformed_0.15000000000000002,ClusterSampler,0.0011063473558781843,"[     15.295      3.7405      8.1271      13.889      5.3487      16.086      10.567      16.439      11.666      10.512      12.245      9.4565      10.466      14.576      11.573      6.3875      10.269      16.237      14.193      13.727        12.3      9.0388      2.4954      13.975      15.805      11.679
      10.192      8.8138      16.129      7.8718]"
10,transformed_0.15000000000000002,ClusterSampler,0.0001844244711311171,"[    0.66569      12.515      10.025      10.822      15.057       15.12      5.7662      13.009      9.8209      11.549      2.6996       11.98      14.572      8.4734      13.123      5.6272      15.216      6.1136      12.225      9.6357      10.009      12.075       13.04      10.091       15.23      13.667
      3.4907       7.928      11.703      12.565]"
10,transformed_0.15000000000000002,ClusterSampler,0.3516829953523804,"[     2.3128      16.265      12.166      3.6462      9.7984      16.607      16.468      12.752      5.5596      11.606      10.803      23.229      7.9634      4.2835      11.864      17.244      11.733      15.591      8.0159      16.434      9.7775      8.6574       14.97      9.2915      16.068      11.888
      14.522      11.236      13.409      10.474]"
10,transformed_0.15000000000000002,ClusterSampler,0.04156089791284527,"[     14.279      12.221      15.459      15.865      12.213      10.496      8.8715      9.0766      12.396      9.5498          14      14.625      13.404      11.092      15.829       21.32      16.609      16.346      5.2915      15.723      14.133      22.098      12.217      11.035      4.7142      16.854
      15.361      12.652      18.261       13.42]"
10,transformed_0.15000000000000002,ClusterSampler,0.001981159368220227,"[     13.679      11.016      7.2777      9.7972      13.435      4.5412      11.995      7.3864      18.867    0.017227      6.2441      10.954       16.58      9.7006      11.748      9.3296      10.446      8.3773      17.163      12.111     0.78957      16.596      11.467       15.17      11.194      15.799
      13.355       10.07      17.022      6.2751]"
10,transformed_0.15000000000000002,ClusterSampler,0.028154620638013494,"[     10.923      9.8285      19.615      17.811      10.196      12.411      10.121      13.217      8.0687      9.3472      6.8029      9.7416      16.373      9.6922      11.892      10.602      4.9082    0.021946      13.381      9.9373      12.097      15.875       12.27      13.577      9.2621      10.446
      15.653      10.365      17.234      11.949]"
10,transformed_0.15000000000000002,ClusterSampler,0.23434340291759898,"[     2.2244      12.517        5.66      12.557      13.476      13.018      2.4402      13.438      7.9097      9.6655       7.733      11.055      13.806       16.43       5.586      3.0826    0.034618      3.9911      15.182      5.8499      4.9286      10.567      7.5297      5.7151      13.731      8.9481
      12.823      18.688      10.037      14.006]"
10,transformed_0.15000000000000002,ClusterSampler,0.17852241317909773,"[      16.67      14.868      6.4399      8.8808      6.9323      12.085      5.5259      5.0289      15.557      10.459       6.088       7.731     0.21448      7.3092      3.7276      14.287      17.079      9.3731       12.55      18.983      14.572      15.504      8.9527      10.643      9.2683      1.3131
      10.726      1.5075      11.547      10.551]"
10,transformed_0.15000000000000002,ClusterSampler,0.007912235721580146,"[      3.722       5.789      7.6336       4.982      12.572      13.255       11.41      10.505      17.116      8.2471      2.7576       7.638      17.569      12.468      9.8871      10.209      10.938      14.872      7.2299      17.818      17.058      5.6687       3.573       7.625      16.897      8.8989
      4.3172      14.681      9.6486      14.021]"
10,transformed_0.15000000000000002,ClusterSampler,0.0074706536491866826,"[     14.423      17.429      11.034      15.925      15.224      11.593      6.0549      11.481      13.258      15.742      9.0961      9.9409      13.212       14.73      17.289      8.8302      9.0198      6.9133      15.868      9.1987      8.1129       7.671      15.728      16.341      12.482      12.257
      5.0445      3.2437      5.4239      9.5245]"
10,transformed_0.15000000000000002,ClusterSampler,0.0006538180143052934,"[     8.3996       11.47      10.789      10.368      14.061      15.209      9.1474      3.5425        17.6      15.551      12.041      13.474      10.902       7.942      13.514     0.62001      9.1526      13.562      13.002      15.391      18.419      13.611      12.532      8.9293      11.567      13.474
      1.5702      9.4477      8.3884      4.5914]"
10,transformed_0.15000000000000002,ClusterSampler,0.004145007182559384,"[     13.781      5.6884      11.985      8.9564      4.0849       12.33      15.885      8.4652      9.5985      6.7755      11.772      1.2559      9.1111      10.457      13.865      13.651     0.30075      6.9935      15.112      1.0492      11.712       8.509       8.702      9.0015      8.9564      13.679
      12.425      3.9938      9.8365      17.266]"
10,transformed_0.15000000000000002,ClusterSampler,0.019176243454442774,"[     5.4068      8.0526      15.165       7.806      9.8891      20.002      4.8029      10.814       6.007      14.677      4.7001      15.401      12.089      11.466       12.37       11.03      13.538      6.1625      10.324      3.2777      6.8435      10.229      7.1232      13.252      12.217      6.5151
      10.679      16.439      11.224      16.048]"
10,transformed_0.15000000000000002,ClusterSampler,0.0012616597107219926,"[     2.0965      10.825      14.835      7.7736      11.904      9.4017      9.6945      3.5581      18.725      8.3304      16.604      4.1957       6.969      8.7936      15.398      7.3336      10.281      13.493      10.694      11.509      7.0216      9.2257      11.172      7.5923       16.59      9.1256
      11.011      10.529      5.5952        1.88]"
10,transformed_0.15000000000000002,ClusterSampler,7.969676172870043e-06,"[     7.5821      14.885      11.123        14.5      11.033      10.316      7.7583      10.898      8.8671      11.235      13.516      8.6336       11.67      7.1884      5.4884      1.5642      6.4645      11.937      15.563      3.8933      6.1886      9.2717      15.037      9.4829      12.438      3.3774
      3.0486      8.8246      1.7646       13.35]"
10,transformed_0.15000000000000002,ClusterSampler,0.0003729384567030095,"[     12.212      9.4884      9.8522      10.921      18.564       17.27       9.253     0.50559      9.7854      12.864      14.556      9.3505      6.8898       11.85      12.458      14.647      10.123      11.787      6.8939      13.327      11.973      10.526     0.49211      12.801      7.9742      12.632
      15.131      0.5589      14.715      11.873]"
10,transformed_0.15000000000000002,ClusterSampler,0.0012543471906396335,"[     8.9573      8.3054      3.1045      8.1204       12.01      14.022      12.224      12.656      9.9652      3.5593      11.543      12.645      2.7071      11.124      8.5729      11.387      8.1818      1.9945      10.795      10.284       7.962      6.9653      15.176      7.5939      9.5831      9.5586
     0.14934      11.666      16.241      15.736]"
10,transformed_0.15000000000000002,ClusterSampler,0.0015795439184888673,"[     14.981      12.634        10.1      11.987      10.348      17.192      7.3129      10.742      8.6687      11.038      12.087      12.482      12.477      5.6646      7.4524      15.596      14.562      11.303      10.787       18.73      14.325      19.958      12.828      10.111      9.0326      6.9051
      9.9964      10.854      16.498      6.7851]"
10,transformed_0.15000000000000002,ClusterSampler,0.31434907163760956,"[      11.63      11.013      1.5068      14.093      8.5327        3.71      11.835      6.3635      13.585      12.605      8.4866      13.737      12.079      10.282      11.339      7.8843      10.447      12.819      12.423     0.65187      9.7274      11.852       8.247      15.736      8.9371      11.481
      10.851      9.7599      13.709      11.118]"
10,transformed_0.15000000000000002,ClusterSampler,0.0012112992274793163,"[     12.306      9.7046      10.166       15.12       13.36      15.944      10.111      11.031      14.216        7.22      9.1784      9.4773      13.939      10.374      9.5727      13.642      13.908      15.452      15.269      15.027      9.4088       10.22      17.938      11.904      7.1153      13.458
      6.3245      19.071      10.198      14.882]"
10,transformed_0.15000000000000002,ClusterSampler,0.07666140979759842,"[     15.991      22.336     0.19135      15.907      11.397      9.2822       8.545      3.9981       5.644      7.1307      8.3166      16.722      18.604      7.1868       16.19      18.497      9.3067      14.275      13.246      6.1279      11.549      9.2006      15.693      13.172      10.504      9.2036
      12.295      11.272        19.1      6.5497]"
10,transformed_0.15000000000000002,ClusterSampler,0.02043014806568019,"[     7.9595       13.38       2.873      12.917      13.072      10.502      7.7278      13.808      7.8947      4.2238      9.4474      8.7996      12.368      11.354      9.3417      7.9325       6.323      13.867      15.376      5.8307      14.004      10.569      7.8134      14.703       11.05        9.43
      9.8818      10.493      5.3152      18.233]"
10,transformed_0.15000000000000002,ClusterSampler,0.01588755908094485,"[     14.789      11.354      9.8772      7.9611      14.616      17.018      8.7615      7.2181      6.7996      12.751      3.3462      9.5222      18.334      12.015      7.0737      11.399      6.7916      10.519       9.661      14.399      1.7875      14.763      11.871      15.584      14.437      10.394
      11.906      8.3498       10.79      12.792]"
10,transformed_0.15000000000000002,ClusterSampler,0.2563513260958676,"[     3.8907       7.781      4.1049      3.8436      4.0213      10.639      15.521      3.8118      9.8761      13.981       14.44      18.154       7.658      9.2541      8.7442      14.008      9.2235      13.993     0.12913      11.735         4.2      16.789       17.92      15.863      14.079      14.843
      6.6883      11.301       7.097       2.465]"
10,transformed_0.15000000000000002,ClusterSampler,0.09946436184913077,"[    0.05576      12.693      5.3671      8.1617      14.816      9.5459      11.605       13.71       11.58      7.3392      8.5445      15.755      9.6786      9.4897      14.021      10.976      13.356      8.1109       9.688      11.891      8.7179      5.7088      7.6911      9.4197        15.4      8.3516
      15.393      11.725      6.9228      12.862]"
10,transformed_0.15000000000000002,ClusterSampler,0.1464982109803707,"[     11.408      15.349      8.5715      10.283      12.778      6.7876      12.693       8.245      12.422      15.506      21.555       4.547      2.8477      11.001       13.81      11.281      16.358      6.4871      11.851      4.4609      10.317      7.7499       9.729      6.1775      18.053      10.755
      9.5894      12.627      5.5679       14.66]"
10,transformed_0.15000000000000002,ClusterSampler,0.2563513260958676,"[     11.229      15.199      9.6121      9.2696      4.2319      11.058      12.377      13.172      16.506      10.222      9.8978      14.993      10.344      9.5044      6.7055       8.386      9.7667      16.629      20.245      10.889       4.344      9.4898      15.157      6.6995      16.311    0.065994
      20.314    0.027514      8.6534      15.122]"
10,transformed_0.15000000000000002,ClusterSampler,0.20370271266451986,"[     16.777      15.298      5.5317      16.639      9.2743      13.361      20.407      18.175     0.31227      15.011      11.438      13.974      15.086      11.303      5.9263      13.434      14.198      19.804      10.906       12.75      11.626       13.92      6.7083      9.9454      16.803      13.144
      11.632      9.4484      10.554      14.342]"
10,transformed_0.15000000000000002,ClusterSampler,0.025858881008097953,"[     13.569      10.958      14.042      12.028      1.2821      16.227      12.964      2.5699      3.5065      14.531      8.0443      3.0719      9.5778      10.568      17.879      7.3271      13.374      9.3077      13.635      2.2792      11.128      12.356      11.146       11.09      12.851      4.4207
      9.8165       16.27      1.0534      9.6139]"
10,transformed_0.15000000000000002,ClusterSampler,2.8676451209293684e-05,"[      9.629      8.3862      16.122     0.13656      13.289      14.882       9.807      17.155     0.99691       8.784      5.4525      17.171      8.9956      8.6608       7.998      17.399      15.864      6.9825      8.8789      11.774      13.749      6.5083      9.2648      10.925      7.6171      13.204
      3.1544       6.846      10.279      5.9859]"
10,transformed_0.15000000000000002,ClusterSampler,0.32678368100222555,"[     11.095      10.497       11.75      9.4782       10.72      9.8645      11.414      11.691      2.8136      7.8724      11.592      7.7291       8.915      9.4044      6.7159      9.0066      5.9944      10.329      8.0412      13.382      4.5949      14.463      10.095      9.5231      2.6153      13.562
      10.067      8.9828      6.8548      7.9903]"
10,transformed_0.15000000000000002,ClusterSampler,8.785332390017599e-07,"[     9.1104      15.819      9.7476      10.832      6.6268      11.817       6.158      15.197      10.826      9.2676       12.89      7.0696      4.8261      15.596      3.5603      8.9233      16.403      9.8548      3.3836      13.847      7.3491       9.748      11.051      16.996      9.3896      13.896
      9.5202      12.515      3.6648      9.8017]"
10,transformed_0.15000000000000002,ClusterSampler,0.0012838299828482733,"[     1.3464      7.6572      12.604      6.8113      11.732      6.7908      6.6048      11.865      6.2764       12.04      10.806      15.037      9.6686      4.6801      15.455      15.756      10.515      8.3287      11.174      9.4141      5.9041       13.02      10.077      16.297       7.169      4.5329
      12.391      0.7811      2.5859      7.6946]"
10,transformed_0.15000000000000002,ClusterSampler,0.006553405342820904,"[     9.4475      10.904      14.722      13.575       12.51      14.984      15.983      17.088      6.7118      16.283      11.698      10.957      8.4354       15.36      16.295      12.338      9.0596      8.5879      12.508      18.536      14.297      9.3828       9.576      12.037      13.501      10.582
      12.454      10.653      7.3156      4.2656]"
10,transformed_0.15000000000000002,ClusterSampler,0.1933825825724405,"[     15.326      10.902      9.4503      10.556      11.098      9.8907      8.2085      11.527      9.1613      11.052      11.102      7.5847      7.8201        11.9      10.682      11.878      12.268      8.2321      14.813      10.507       10.26      20.675      11.396       11.39      19.981      19.712
      11.033      14.894      15.628      12.296]"
10,transformed_0.15000000000000002,ClusterSampler,0.022049830762770874,"[     13.374      12.272      11.274      9.3766      7.2202      8.7659       12.87      1.4093      10.173      7.5046      13.909      7.1977       10.94      9.3833      8.5307      13.271      16.285       2.156      4.4308      10.273      16.295      9.3316      8.2104      20.247      11.954      17.281
      8.8451      6.1177      15.615      9.9883]"
10,transformed_0.15000000000000002,ClusterSampler,9.130907059475449e-07,"[     9.9994      8.4231      9.9482      7.4326      11.999      5.4637      10.346      9.1799      11.681      10.488      14.234      6.8199      10.087      2.7712      14.162      9.5456      9.2863      14.525      7.0847      8.6218      9.7166      8.1227      15.291       10.58      4.7184      5.9346
       15.34        1.94      8.7259      9.1524]"
10,transformed_0.15000000000000002,ClusterSampler,0.019749668221327885,"[     1.6243      13.562        10.5      7.0155      14.654      16.699      15.731      17.266      8.0617      14.093      9.7935        11.2      9.6203      16.657      11.941      9.2651      8.7687      14.478      5.9895      15.508      9.9178     0.23501       11.53      7.7476      12.993      13.089
      14.567      7.8083      9.6977      10.346]"
10,transformed_0.15000000000000002,ClusterSampler,0.015595372322414829,"[     12.085      17.512      14.295      13.671      5.0265      9.2758      10.031      15.667      5.2836      7.0003      11.924      14.733      15.809      11.467      14.207      11.121      13.996      10.568      10.906      6.7181      10.223      7.5187      12.367      15.634      9.9363      11.668
      4.9958      19.006      8.9809       9.479]"
10,transformed_0.15000000000000002,ClusterSampler,0.049128658836339954,"[     14.371      10.441      9.3938       9.912      11.828      4.6129      9.5492       13.31      8.4806      10.252      13.046       11.45      11.177      10.978      9.6034      8.6819      5.5294      8.1461      14.078      8.1089      4.6305      12.315      3.5154      18.139      8.1336      9.5745
      12.537       12.28      4.9927      6.9476]"
10,transformed_0.15000000000000002,ClusterSampler,0.0026367750365129507,"[      9.902      14.693      2.2429      8.2106      12.862      10.722      3.7094      8.8946      4.8806      13.401      16.952      4.6457      18.054      5.2014      12.382      3.9705      8.5579      15.058      10.167      8.3945      10.697      13.749      13.543       11.86      3.8793      5.2588
      5.0724      7.7991      10.939      6.9081]"
10,transformed_0.15000000000000002,ClusterSampler,0.0027323790967403293,"[     13.645      15.159      5.3489      9.5826      15.437      9.1325      17.257      13.295      9.5504       12.36      10.551      13.481       13.65      16.613      15.125      11.475      10.695      10.975      11.554      9.2135      16.904      11.632      12.297      3.4564      12.767      13.682
      4.4101      5.6824      12.153      3.6718]"
10,transformed_0.15000000000000002,ClusterSampler,6.72034964408453e-05,"[     12.715      10.804      4.4448      12.033      3.8991      16.171     0.93165      14.396      10.746      9.9019      8.4984     0.10982      11.263      5.7253      9.2921       10.73      10.888      8.5666       9.344      13.746      12.326      11.076      14.116      1.8463      11.325      8.8185
      15.216      11.436      11.309     0.59872]"
10,transformed_0.15000000000000002,ClusterSampler,0.0005875114221071549,"[     12.823      10.115      4.9735      11.682      7.7605      0.2618      10.009      6.3744      11.538      9.7263      13.278      15.078      2.1966      10.717      10.187        9.41      11.387        17.1      11.738      12.002      15.681      2.7865       5.664      6.7504      12.328      7.1764
      10.828      10.768      10.314      9.0356]"
10,transformed_0.15000000000000002,ClusterSampler,0.34791847449380364,"[     7.7521       1.765      17.059     0.38415       7.136      13.879      5.7744      14.148      17.783      7.4506       15.93      11.186      8.6821      2.5717      13.133      12.731      11.255       8.003      13.948       15.39      9.0736      9.1794        15.6      6.3844       7.485      10.825
      14.305      12.847      3.1817      8.5351]"
10,transformed_0.15000000000000002,ClusterSampler,0.29005682782493647,"[     8.6898      7.7464      11.003      1.0044      13.044    0.011977     0.72283      9.6346      17.959     0.30672      7.4047       7.598      5.7341      9.3515  0.00032646  0.00084758      8.3824      10.786      15.885      18.093       10.48      18.126      13.873      13.447      12.601       16.34
      13.952      13.654      5.9182      14.554]"
10,transformed_0.15000000000000002,ClusterSampler,0.02043014806568019,"[     14.334      14.082      15.977      11.375       7.382      7.5472       10.72      11.839      8.0858      17.276      17.561      9.0614       11.62      10.414      14.032      13.466      9.1943      10.641      21.169      11.645      7.0763      12.343      14.662      14.093      4.2842      9.9357
      12.451      12.294      17.611      10.191]"
10,transformed_0.15000000000000002,ClusterSampler,0.09609761981083347,"[     10.488      16.843      7.2061      11.003       18.75      9.8274      11.359      12.871       1.515     0.20456      11.682      10.303      12.595      11.952      16.594      12.819      12.223      4.5599      19.363      16.184      7.6173      9.8271       15.89      9.5622      13.104      7.1572
      15.719      7.9408      13.414      12.484]"
10,transformed_0.15000000000000002,ClusterSampler,0.21543654593050982,"[     6.8047      8.5861      9.9207      5.5622      4.5289      13.778      10.786      12.203      18.324      11.018       11.84      6.2545      12.046      11.512      14.482       8.927      10.051      13.096      8.1035      12.624       6.546      14.882    0.012359      9.2369      8.1892    0.016157
       11.11     0.30548   0.0043504      4.0805]"
10,transformed_0.15000000000000002,ClusterSampler,0.035619058169350445,"[     12.351      5.0211      16.335      6.9659      14.832    0.068948     0.25649      15.254      9.5817    0.075464      15.012       5.018      11.809      6.4353      16.135      6.8981      10.876      6.5933      12.407      4.6069      5.8547      8.5349      16.881      5.6822      20.936      5.2539
      19.276      11.876      11.168      17.253]"
10,transformed_0.15000000000000002,ClusterSampler,0.051866932835004494,"[     14.652      15.483      13.596      13.327      9.2813      8.7255      13.429      16.073      11.582      10.495      14.247      11.392      15.975      20.421      8.9338      15.525      17.719      12.756       9.529      14.505      15.019      5.7879      8.5701      8.6138      7.3069       12.85
      4.1545      12.366      8.2295       16.99]"
10,transformed_0.15000000000000002,ClusterSampler,0.017949951324523337,"[     17.123     0.18101      10.103      8.8736      13.627      16.262      8.6596      6.5523      12.937      4.8526      4.8048      8.7551      6.9478      3.5533      1.3537      11.369      13.682      2.9399      12.471      6.9427        15.9      5.5299      13.883       11.98      17.296      9.1133
       10.22      5.2832      12.274      15.313]"
10,transformed_0.15000000000000002,ClusterSampler,0.36652314559664445,"[     7.4584      14.777      10.222      9.7802       11.24      18.075      5.4638      7.9678      12.267      6.9805      7.8155      2.9742     0.26291       12.45      3.8074      2.5279      9.5711      17.817       19.01      9.2661      7.2955      6.9767      16.904      10.671       9.339      14.063
      9.7998      14.204      8.7117       11.49]"
10,transformed_0.15000000000000002,ClusterSampler,0.023208996280656986,"[     14.109      14.917      12.729      10.783      8.6197      9.2349      14.883      11.981      12.142      9.2265      11.472      18.942      14.285      3.8668       5.993      17.196      10.792      18.491      13.936      9.4284     0.18598      10.137      10.814      12.094      10.832      10.891
      19.233      15.926      12.006      10.951]"
10,transformed_0.15000000000000002,ClusterSampler,0.09248709486317946,"[     5.9417      15.037       23.71      15.306      8.8438      10.227      7.6906      12.894      6.8211      15.414      16.656      6.7634      3.7825      9.7448      13.098      7.2737      14.804      17.563      9.3596      13.269      7.9669      11.349      13.127       6.404      14.823      11.528
      9.2818      17.766      6.4386      9.7842]"
10,transformed_0.15000000000000002,ClusterSampler,0.22047437689536067,"[     3.4334      11.003       6.421      5.5674      6.0767      5.4589      7.7695     0.79407      13.344      13.706      4.4559      12.977      3.1644      18.872       21.46      16.976      13.415      14.781      13.816      15.452      12.411      8.5213      10.105      12.019      11.054        10.2
      14.899      13.117      9.6703       0.106]"
10,transformed_0.15000000000000002,ClusterSampler,0.00893253402811665,"[     6.8918      7.5942      10.868      23.114      1.1193      9.7732      18.469      14.149      14.985       11.44       8.571      8.5413      7.5131      4.9654      9.3196      7.5051      10.231      9.4912      15.916      16.611      4.5112      14.019      13.077      8.0496      13.705      14.569
      11.837      12.961      5.4505      4.3416]"
10,transformed_0.15000000000000002,ClusterSampler,0.00018625937541571713,"[     9.7101      11.032      10.259      8.9412      8.0469      6.3764      16.527      11.714      7.7586      9.2783      13.478       13.65      9.4335      11.937      5.6491      1.9606      13.598      8.9816       4.021      3.6046      12.386      11.991       14.37      8.5752      12.701      12.727
      11.997      10.121      11.744      15.918]"
10,transformed_0.15000000000000002,ClusterSampler,3.342046105876694e-05,"[     21.067       16.95      9.6623      15.753      8.1345       10.85      12.697      17.526      8.8201      10.522       8.716      12.344      9.1996      13.167      7.5927      16.851      8.2192      9.7995      8.8134       11.68       11.93      12.826      10.351      12.648      9.3498      4.9664
      3.3503      8.1054      10.818     0.13381]"
10,transformed_0.15000000000000002,ClusterSampler,0.00039846695273581157,"[     11.788       14.02      14.051      11.223      8.3894      14.023      10.433      10.607     0.50546      3.0953      12.638      5.1613       6.588      3.9964      12.147      14.846       4.642      5.6784       8.502      10.468      12.155      6.5626      10.414       12.99      13.554     0.87031
      15.312      6.8424      11.049      12.708]"
10,transformed_0.15000000000000002,ClusterSampler,0.8159837761463493,"[     8.9751      12.756      13.152      15.222      11.225      11.446      13.689      5.7818       12.74      9.1346      12.593      8.8503      11.643       4.629      8.9878      3.1758      9.4753      8.8634      6.7607      15.859      15.692      16.455      6.8098      11.817      13.849      13.986
      0.1666      14.011      8.3526      5.6062]"
10,transformed_0.15000000000000002,ClusterSampler,2.7790477103823723e-06,"[     10.654      14.774      12.493       12.37      12.659      9.9402      6.0093      11.444       13.64      8.6386      14.802      9.3507      7.8785      6.6279      11.897      9.1695      15.375      5.7756      9.3835      14.611      12.536      1.0674      13.344      4.3888      9.5975      14.905
       6.151       10.06      12.504      13.906]"
10,transformed_0.15000000000000002,ClusterSampler,0.556912221207416,"[     11.139      6.8235      5.2903      11.141      2.3277      10.675      4.2598      14.143       13.17      6.0194      12.572      11.824    0.044799      2.4837      20.536       8.996      9.8005     0.92687      13.354      7.4586      2.2758      13.681      8.1136       9.905       21.68      12.963
      5.4904      4.9976      14.426      9.4141]"
10,transformed_0.15000000000000002,ClusterSampler,0.42176187047129726,"[     15.769      8.9776       14.77      13.983      5.9987      16.772      15.286      14.062      13.209      22.001      14.196      11.812      15.662      10.125      15.579      15.014       10.61      8.2778      9.3415      7.6935      13.746      8.3984      10.651      12.852      9.0442      7.1785
      8.4696      12.345      4.1171      13.254]"
10,transformed_0.15000000000000002,ClusterSampler,0.21710397052648883,"[     3.8938      13.171     0.51073      13.976      10.959      12.165      6.0383      6.5019      7.9139      15.404      7.1722      6.1028      4.8978      1.3118      8.1792      10.736       3.537       15.81      9.1222      16.075      5.2305      2.1671      5.5666      3.1732      13.318      17.523
      15.619      15.102      15.403      9.4905]"
10,transformed_0.15000000000000002,ClusterSampler,0.3679801050682542,"[     8.7627      12.566      13.343      16.369       14.36      9.1256      8.2379      14.734      14.279      11.764       10.64      7.3459       9.188      11.725      19.463       6.363      13.754      8.3924      7.6431      14.376      10.846      8.2563      10.372      4.4173      11.381      5.0754
      2.8821      13.943       10.23      12.748]"
10,transformed_0.15000000000000002,ClusterSampler,0.00042695691724752233,"[     14.767      1.7236      7.8838      3.1767      10.827      13.863      12.248      13.281      16.048      11.635      8.1737      10.029      13.134      8.3823      10.545      2.5687      5.9333      16.832      6.6921      4.4699      13.733      7.7597      4.0721      14.231       11.09      10.061
      11.599      1.4109      7.9665       15.38]"
10,transformed_0.15000000000000002,ClusterSampler,0.0027473725633469343,"[     12.897      11.169      11.153      9.0892      14.278      10.017      10.747      15.456      9.3627      12.493      12.676       13.75      16.587        10.8      12.205      9.0681      8.3746        13.7      18.026      17.734      13.021      6.7596      12.804      14.757      16.146      11.824
      1.3301      15.196      12.981      11.885]"
10,transformed_0.15000000000000002,ClusterSampler,0.047758185712674026,"[     6.0856      5.1162     0.40273      10.286      5.9729       8.778      18.782      14.835       10.64      6.6702     0.70916      11.944       9.207      13.566      3.1188      14.769       9.349      10.017      16.555      7.5003       15.46      13.834      16.039      5.8721       10.44      14.513
      12.714      10.648      7.9627      20.827]"
10,transformed_0.15000000000000002,ClusterSampler,0.1341297757491696,"[     8.4944      6.4919      9.8747      2.8849      10.991      10.948      9.3685      16.469      19.302      7.9931      17.549      10.104      11.129     0.75069       8.328      16.646      13.682      9.9834      9.8819      12.631      12.256        10.7      15.169      12.039      5.6402      6.2209
      11.355      0.4528      1.0999      9.6139]"
10,transformed_0.15000000000000002,ClusterSampler,0.06997800943773316,"[     10.758      9.1112      17.082      17.131      15.151        16.2      17.242      17.058      18.811      4.1356      4.0985      7.2128       7.841      8.7398      13.785      10.566        0.91      12.461      5.7561      16.932      8.6533      18.218      4.9117      10.108      15.399      9.5494
      8.1037      6.1712       13.15      7.6474]"
10,transformed_0.15000000000000002,ClusterSampler,0.03364301503307473,"[    0.55828      15.521       11.37      9.0334      7.9491      12.923      8.8123      13.962      12.765      11.668      7.3726      8.7316      11.807      10.604      5.1318      8.2095      2.7392      11.517      7.0181      15.612      16.495      13.357      2.8774      17.468      9.5048        13.3
      12.681      6.3697      13.473      5.3563]"
10,transformed_0.15000000000000002,ClusterSampler,0.00041377916089438947,"[     8.7749      6.4623      5.1296      16.492      4.0147      8.1741      15.836      7.9104      3.1096      10.319      5.5286      11.583      4.4125      12.618      7.6641      12.273      6.6214      12.932      5.0448      12.647       10.32      9.7951      15.216      15.582      14.913      6.0664
      5.2319      12.385      12.299      9.0328]"
10,transformed_0.15000000000000002,ClusterSampler,0.001156030979974424,"[     14.035      14.831      12.544      7.0429      16.163      5.8264      13.165      16.967       14.59      14.139      14.682      17.422      14.957      3.9353      10.331      6.2166      15.904      10.247      11.285       20.52      6.8427      11.038      17.843       10.96       14.72      7.3936
      2.6659      12.183      14.359      9.2651]"
10,transformed_0.15000000000000002,ClusterSampler,0.014541680944285082,"[     12.417       10.59      6.1571      11.734      12.038      8.3425      11.358      6.8239      13.349      5.4831       4.484      19.303       4.494       8.122      14.845      12.983      14.408      10.229      10.858      11.756      11.847      13.406      9.9145      11.225      8.4642      12.042
      7.6637      8.5247      8.7977      7.6234]"
10,transformed_0.15000000000000002,ClusterSampler,0.06891316988591124,"[     18.064      13.485      10.398       10.24      9.2135      7.5277     0.19701      6.8637      16.185      8.0823      14.373      7.6225      6.4722      12.089       13.98      8.9546      17.003      6.2499      15.628      18.775      11.277      10.205      7.4891      14.253    0.072843      14.771
      13.475      5.8648      12.345      7.8943]"
10,transformed_0.15000000000000002,ClusterSampler,0.01039291915426889,"[      3.105      13.746      11.414      16.038      14.383      15.668      8.2531      7.3218     0.16036      7.4367      9.1685      7.3161      3.0474       16.12      6.3187      9.1411       7.527      12.838       11.65      13.144      16.982      6.9355      6.3399      15.229      9.6956      10.093
      14.628      10.566      13.912      7.7655]"
10,transformed_0.15000000000000002,ClusterSampler,0.0031305328868816923,"[     9.1272      16.717       11.44      16.058      5.8962      16.811      16.029      5.6303       13.33      13.077      10.417      11.282      14.917      5.8315      8.5542      9.0341       9.746      8.4675      9.4493      14.447      14.383      13.833      11.015      12.967      9.9111      8.1955
       9.133      15.668      12.868      15.131]"
10,transformed_0.15000000000000002,ClusterSampler,0.0026008232677110733,"[     15.869      9.3985      7.4189      13.407      13.212       10.01      16.348       14.47       2.185      14.034      11.208      12.688      11.164      6.3771      13.722      4.2038      12.958      10.778      7.0167      5.8644      9.5371       11.24       11.69      14.006      10.464      13.367
      11.536      13.808      12.231      15.352]"
10,transformed_0.15000000000000002,ClusterSampler,0.0016485826385580046,"[     12.443      10.113      12.074      13.072      15.888       13.01      14.111      9.8258      9.7827      13.415      12.961      11.538      12.101      12.866      14.502      10.274      6.0497      15.745      12.833      10.572      4.7149      12.062      8.5385      20.443      12.931      4.7493
      18.486      3.1927      11.254      17.873]"
10,transformed_0.15000000000000002,ClusterSampler,0.00010529833231464968,"[     11.396      9.2725      14.223      17.537      8.8477     0.91228      18.178      17.724      10.367     0.68648      13.659      1.4499      2.0893     0.69302      10.287      7.5121      15.939      6.9728      12.259      10.251       7.019      6.7576      2.1985      11.034          11      9.2338
      13.451      12.963      8.4214       16.47]"
10,transformed_0.15000000000000002,ClusterSampler,0.002447947564604825,"[     9.2753      10.892      11.637      8.3289      10.527      9.0852      12.389      14.284      14.227      7.6459      6.8194      3.7089      7.0026      13.478      12.437      14.561     0.96012      10.699      16.343      11.089      12.558      10.361      11.539      8.6754      13.047      6.7687
      3.9038      7.2537      10.598       11.82]"
10,transformed_0.15000000000000002,ClusterSampler,0.00022750422820977918,"[     5.0389      8.5732      5.7917      1.2198       17.19      15.428      1.1348       6.912      7.0012      7.6026      3.2873      8.3183      3.0499      20.021      14.232      6.1414      7.3116      10.132      12.396       13.44      15.674      9.0268      9.5897      10.929      10.138      10.381
      17.853      8.3082      13.628      4.4804]"
10,transformed_0.15000000000000002,ClusterSampler,0.10072848367046153,"[     13.071      9.5871       9.238      10.797      11.171      3.5187      10.786      11.771      14.915      11.033       12.43      15.627      11.982      12.345      15.076       7.869      8.0727      16.693      12.881      11.372      2.5961      4.9661       13.06      11.353      10.362      11.269
      12.265      8.2712      6.5168      13.244]"
10,transformed_0.15000000000000002,ClusterSampler,0.00023048905515294648,"[     12.809     0.23781      8.8113      8.1924      10.449      10.679      10.365      9.0433    0.052911       2.678      13.845      6.6163     0.50924      6.4017       15.36      10.798      10.222      9.3735      13.401     0.70008      10.702      6.3538       16.59      14.352      10.211      10.556
      14.681       7.873      3.6735       8.357]"
10,transformed_0.15000000000000002,ClusterSampler,0.010519535855414982,"[     15.414      13.323      6.1082      10.101      11.553      3.5832       7.574      9.1029     0.97633      12.629     0.52554      10.661       2.671      14.368      12.699      9.1427      14.319      8.9298      10.829      13.717      3.2614      8.7939      9.7345        9.23      15.724      14.662
      8.2407      7.0852       3.771      8.0608]"
10,transformed_0.15000000000000002,ClusterSampler,0.1049781996075442,"[    0.15097      9.4469      10.942      8.8496       15.08      10.636      14.054      10.301      10.446      7.9593      10.876      7.5892      5.8203      0.6165      11.929      2.1742      4.4705     0.66774   0.0031296      11.489      12.507      1.2185       15.67      9.8365      13.261      13.737
      11.926      6.9212      19.487      13.918]"
10,transformed_0.15000000000000002,ClusterSampler,0.006687505049201508,"[     7.0826      16.752      11.496       7.844      16.824      4.1699       9.866      10.389      13.074      8.9446      15.127      19.806      9.6195      5.6598      16.106      9.4057      10.311       9.249      11.356      13.943      13.759      13.313      14.273      6.8952      13.295      12.047
      11.027      9.4634      11.736      5.3076]"
10,transformed_0.15000000000000002,ClusterSampler,0.042864701698757314,"[     10.719      11.753     0.50228      14.743      17.253      16.422        17.7      12.507      14.225        15.1      12.034      1.1298      6.0228      10.097      8.4686      10.162      10.086      17.392      13.419       18.49      14.758       10.34      5.1346      9.9865      13.644       14.68
      13.835      15.861      8.2206      9.0957]"
10,transformed_0.15000000000000002,ClusterSampler,0.0010218732239585565,"[     10.615      6.1302       9.707      9.9309      6.4485      10.235       5.628      7.4134      12.133      12.851      2.5653      10.124      8.9798      8.3524      13.132      6.2504      6.0452      11.953      8.9281      6.7925      10.358      9.3847      11.588      3.7717      9.5861      18.069
      6.1221      8.1144      11.893      10.408]"
10,transformed_0.15000000000000002,ClusterSampler,3.6778169661996974e-06,"[     10.661      15.548      14.102       14.21      8.5609      11.309      12.184       9.862      13.818      16.873      8.9397       14.12      9.9301      1.9949      10.973      13.546      8.4187      4.1526      13.169      5.1134      13.587      8.3073      10.954      8.1953      14.905      9.9985
      4.8696      9.1469      10.795      5.8701]"
10,transformed_0.15000000000000002,ClusterSampler,0.05012779683563813,"[     9.8132       2.813      15.192      10.677      24.375      14.386      8.9378      14.959       7.627      15.517       10.27      12.112    0.020355       5.403      6.9934      9.5379      11.957      6.5084      11.396      18.097      16.335       13.33      16.179       18.17      9.4569      12.807
     0.36953      14.513      10.844      10.841]"
10,transformed_0.15000000000000002,ClusterSampler,0.042864701698757314,"[     10.188      9.7122      5.9779      11.591      8.0519      10.411      8.2903      3.7215      14.596      7.0549      7.3702      12.377      12.572      5.5666      8.5572      11.695      7.6683      6.6651      12.575      8.8225      7.7992      7.5336      10.233      14.455      16.786      8.5174
      15.969      2.5922      15.612      14.117]"
10,transformed_0.15000000000000002,ClusterSampler,0.007140762932153255,"[     11.798      1.2727      5.9393      14.667      4.8587      8.7447      11.913      7.0462      13.202      16.077     0.56056      8.7563      10.113       10.03      13.297      8.6444      12.095       13.58      13.905      7.4357      8.3414      10.607      12.581      11.864      8.0004      11.589
      9.2295      7.2737      15.533      15.558]"
10,transformed_0.15000000000000002,ClusterSampler,0.00045308348814800256,"[     14.601      9.6536      14.689      12.633      5.0484      7.6079      3.4399      10.347      0.9354      8.2731      14.625      11.601     0.84038      7.9666      5.8668      10.611      9.1511      10.162      14.694      5.5267       14.58      14.616      10.914      16.122      12.398      17.516
      8.1808      4.7338      11.874      14.514]"
10,transformed_0.15000000000000002,ClusterSampler,0.1624181197764166,"[     8.2615      6.5493      11.854      8.6646      10.718      10.158      10.375      10.287       13.04      5.9252     0.16327      8.9061      11.352      9.6765      10.683      12.012      8.2446       14.64      15.758      17.122      9.2478      14.312      10.331      9.4483      20.294      9.7054
       8.633      12.438       8.038      12.939]"
10,transformed_0.15000000000000002,ClusterSampler,0.0057837765656953465,"[     9.8756      11.565      14.007     0.13105      14.002       7.797      16.642       17.37      10.175       10.65      9.9189      9.7714      15.274      5.5812      3.5637      14.337      6.1917      13.561      9.2177      19.819       12.24      9.6841      12.435      13.872      7.4597      9.0592
      11.179      18.846       12.92      8.9873]"
10,transformed_0.15000000000000002,ClusterSampler,0.0015482441134730385,"[     6.4966      8.4163      13.084       9.703      12.768      2.1722      4.8558      4.4356      12.326      3.9985      9.9237      8.8834      10.383      5.0562      2.8674      14.882      17.336      1.6662      2.5212      0.8454      12.679      12.648      12.496      6.9973      11.541      14.045
      9.9746      9.1916      1.0577      12.395]"
10,transformed_0.15000000000000002,ClusterSampler,9.308389265398e-06,"[     17.995      15.437      11.455      12.275      10.366      9.2038      8.4054      10.785      6.8796      11.077      10.561      8.6707      11.721      15.926      17.203      8.5575       14.55      6.8252      7.5262      11.514      7.6839      13.881      10.295       11.01      5.8972      15.922
      9.3754      9.9191      9.7411      8.9939]"
10,transformed_0.15000000000000002,ClusterSampler,0.0008054222415714435,"[     10.376      8.4949      7.3318       8.438      11.236      13.026      9.9554      7.9955      7.3979      9.4418      9.1651       14.26      13.351      9.6549      12.564      10.145      17.014      14.498      8.6757      8.6512      11.495      11.919      8.4482       4.955      8.0013      15.454
      9.4692      13.942      7.8517       8.309]"
10,transformed_0.15000000000000002,ClusterSampler,4.576876747833248e-07,"[     10.447      9.6944      4.9219      7.3391      13.565      10.423      9.5426       9.431      11.072      6.4327      7.7085      10.149       17.16      10.469      12.693      5.7859      8.1202      12.491       14.59      19.001       6.899      12.149      2.5508      13.144      2.3568      11.243
      16.858      12.832       9.839      10.749]"
10,transformed_0.15000000000000002,ClusterSampler,0.00035228318757056715,"[     2.6478      4.2957       9.962     0.91107      13.864      19.591      11.443       1.487      11.986      14.931      9.6644      9.6709      9.4285      13.107    0.065702      9.5185      5.1689      15.047       5.996       5.982       12.54      5.4215      12.633      5.2194      18.886      12.714
      9.6458      9.6977      11.603       8.381]"
10,transformed_0.15000000000000002,ClusterSampler,0.14748478235206694,"[     9.5498      5.2674      9.1173      12.663      6.5391      15.501      6.9132      6.1037      9.5775      4.9412      12.883      10.334      13.161      16.901      9.2051      18.045      4.8438      17.352      13.501      10.362      12.906      13.058      6.6096      11.152        17.4      17.968
       13.11      15.082      9.4156      8.1557]"
10,transformed_0.15000000000000002,ClusterSampler,0.07709636546666455,"[     8.2896      15.964      12.731      5.3236      10.997      9.6277      13.638      16.664      6.8958      6.0498      17.775      16.555      18.187      13.108      9.9255      12.602      9.4223      7.0366      14.125      19.448       10.17      8.9855      16.211      9.9955      9.0864      13.058
      19.384      6.1937      8.2433      12.686]"
10,transformed_0.15000000000000002,ClusterSampler,0.01197836436539564,"[      13.41      7.7681      10.769      5.5126      14.537      8.3658      13.905      10.684      14.034       1.627      3.2845      11.733      14.138      7.9658      2.7466      1.7852      1.6942      1.3299      13.934      1.3668      2.9038     0.18836    0.022231      2.7167      1.4443      2.7369
    0.040429      10.925      16.185      16.337]"
10,transformed_0.15000000000000002,ClusterSampler,0.018073496182901404,"[     3.6348      14.943       15.33      7.9825      13.591      15.894      10.407      14.381      10.961      10.168       17.64      11.462      13.164      12.132      14.082      12.958      7.2503      17.087      12.114      10.702      13.925      11.085      4.8971      9.1056      10.462      9.5048
      8.0531      13.879      15.267       12.89]"
10,transformed_0.15000000000000002,ClusterSampler,0.027729979242901222,"[     7.9093      13.425      17.218      9.1652      10.846      6.2821      15.582      12.991      8.3456      11.927      12.014      10.078      16.116       16.32      7.6277      18.129      3.9185      11.996      11.622      7.7874      6.2989      11.974      16.498      8.7197       7.231      6.1252
      8.3769      5.1092       10.72      13.276]"
10,transformed_0.15000000000000002,ClusterSampler,0.1840587943304221,"[     19.922      15.399      16.464      16.883      13.855      15.107      8.8018      7.5566      8.4913      7.8276      13.244      11.416      16.058      9.7452      10.459      13.796      9.1899      0.7361      13.954      10.943      13.594      9.2057      3.8651       6.457      12.657      8.6568
      13.258      15.039      18.878      12.265]"
10,transformed_0.15000000000000002,ClusterSampler,0.06367007844096757,"[     12.433      10.809      12.271      15.341      18.867      6.0135      8.5121      11.954      13.409      17.133      9.4809      1.2744      7.2317      15.305      9.1136      10.766      10.121      0.1049       6.535      7.4333      10.237      19.852      2.8403      10.246      5.3523      12.698
      16.703      8.2245      12.418      8.2675]"
10,transformed_0.15000000000000002,ClusterSampler,0.028461633286991504,"[     18.055      6.1871      16.809       7.246      5.1554      11.641      13.158      4.7683       8.833      15.849       13.67      6.4399      4.0529      5.2247      10.369       9.204      4.3802      9.1606       14.51       9.879      7.3904      12.399      19.265      17.587      16.371      10.273
       11.34       11.63      7.8157      9.2692]"
10,transformed_0.15000000000000002,ClusterSampler,0.012238406244781676,"[     11.441      9.1938      9.4681       12.42      13.005      18.623      8.1934      12.389      14.659      8.1223      11.414      7.0406      13.891      11.732      4.1922      7.6575      16.122      10.921      6.7433      12.089      10.863      2.3426      11.795      4.5835      6.7279      7.2702
      12.586      12.713      16.285      14.893]"
10,transformed_0.15000000000000002,ClusterSampler,6.791221399329022e-05,"[     8.0392      1.7153      4.4942      11.233      7.3105      16.876       12.05       13.41      10.343      6.2716      1.9054      14.723       14.56      10.874       4.261      10.805      15.912      5.5503      12.989      14.702      10.384       4.022      2.0876       9.883      6.9408       1.405
     0.21443      11.017      10.116      4.5413]"
10,transformed_0.15000000000000002,ClusterSampler,0.002271625959439053,"[     7.2427       9.231      15.166      9.6962      10.773       10.25      8.4673      11.188      11.013        15.4      8.8776      12.827      6.9562      11.678      17.454      14.807      8.2179      15.583      4.9813      5.1237      10.498      7.0909      5.8416      11.258       13.19      8.0667
      18.629      14.988      8.5715      16.181]"
10,transformed_0.15000000000000002,ClusterSampler,0.23755176126609356,"[     3.7106      18.923      12.691      7.6074      10.401      13.241      9.1645      10.036      6.2689      2.2159      17.339      10.406      10.944      12.353      13.781      9.2329      7.4929     0.60959      6.0883      6.2622      11.926      14.115      17.218      11.714      16.471      16.303
      11.123      17.416      6.2333       10.07]"
10,transformed_0.15000000000000002,ClusterSampler,0.00011425958613709859,"[     11.251      2.7543      15.625      14.118      8.4872      8.5717      12.176      11.485      10.521      10.969      3.4882      12.599      12.092      13.698      13.798      13.505       11.98      6.4499      14.766      13.385      7.2218      9.3443       8.427      4.2164      17.977      17.195
      12.641      11.197      19.196      13.643]"
10,transformed_0.15000000000000002,ClusterSampler,0.001333106861208234,"[     9.3152      15.005      15.277       9.485      11.677      17.303      11.504      6.4443      11.943      15.875      9.5156      13.865     0.36245      15.363      8.2429      13.687      10.836      20.658       13.53      16.731      15.255      11.354      13.194      18.582      11.318      7.4605
      11.565      18.068      18.772      11.176]"
10,transformed_0.15000000000000002,ClusterSampler,0.03629981368374924,"[     14.889      10.843      9.7716      8.8244      13.478      1.4211      11.925      15.996      7.1161       8.372       16.67      6.8101      7.7588      6.0087      5.1843      1.5344      5.1739      3.2244      8.6362      15.263      10.687      13.466      13.525      12.545      17.442      11.287
        13.9      11.944      16.479      11.467]"
10,transformed_0.15000000000000002,ClusterSampler,0.256727587483077,"[     11.339      12.831      2.9372      4.7613       20.78      1.5915      14.116      6.5779       4.631      9.4117       8.781      8.2537      15.131      12.783       16.48      14.653      11.625      12.759      11.215      15.504      7.9813      11.347      12.376      11.874      8.6935      16.787
       3.975      3.3012      11.425      3.6263]"
10,transformed_0.15000000000000002,ClusterSampler,0.012683066791728476,"[     3.9058      9.1238       15.36     0.79701      3.0768       8.004      17.901      11.675      12.734      11.785      10.614      14.353      17.568      10.085      16.139      5.9084     0.42791      14.812      14.494       7.157      15.587      9.7993      5.6045      20.924      9.2975      2.1611
       13.09      8.7773       15.79      7.6826]"
10,transformed_0.15000000000000002,ClusterSampler,0.025241986675447754,"[     17.994      8.7356      0.2836      13.959      12.415      16.904      17.818      3.3279      20.276      18.742        15.1      16.386      13.487      10.444       9.156      8.5709      7.2647      12.582      3.4701       10.21      8.4883      17.757      10.884       9.761      11.383      8.9077
      15.656      5.0498      9.8026      18.928]"
10,transformed_0.15000000000000002,ClusterSampler,0.00956744335584502,"[     11.338      9.7967      11.641      9.3084      15.609       13.02      10.745      16.196      16.668      13.327       2.479      15.514      4.3122      16.518       9.168      17.427      9.6237      14.488       5.754      5.0244       10.44       5.474       12.94      12.652      15.596      14.192
      13.676      4.4819      13.977      9.8782]"
10,transformed_0.15000000000000002,ClusterSampler,0.0018052703446900995,"[     13.851      9.2444      7.7394       15.07      13.155      10.117      13.468      16.815      10.693      8.2294      8.7697      4.4116       12.71      5.2647      7.7098      11.501       6.705      1.1418      3.3873      22.011      5.7297      6.8337      10.052      7.1706      13.163       12.29
      6.4152      14.032      9.6402      12.908]"
10,transformed_0.15000000000000002,ClusterSampler,0.07325548866074871,"[     9.0237      13.534     0.53914      9.0021      5.7151      9.8198      7.6119       14.15      12.972      10.269      5.1862      2.7422      9.8322      8.9843      10.202      1.2159      9.5888      12.388      12.413      12.811      15.474      10.118      10.601      12.685      9.8931      12.258
      11.304      7.3172       8.903      9.8567]"
10,transformed_0.15000000000000002,ClusterSampler,0.00010493978114217993,"[     8.9761      14.785      5.7971       13.69      12.317      9.3226      11.111      10.564      11.717      14.761      7.5536      9.0682      12.858      8.1826      7.5054      8.1594      12.317      13.085      11.963      11.691      15.597      11.674      3.6993      12.249      13.979        9.03
      6.1492      10.501      13.787      10.802]"
10,transformed_0.15000000000000002,ClusterSampler,0.0028080743033882215,"[      5.943      7.1882      13.188      14.015      16.424      11.618      9.4611      12.089       14.32      11.169      13.556      9.4665      8.1792       3.844      9.8048      4.7718      5.1114      7.1816      5.8649      10.535      5.8118      11.821      10.156      8.2754      11.322      12.792
       4.708      10.694      12.965      14.526]"
10,transformed_0.15000000000000002,ClusterSampler,0.0005340738968511911,"[     10.439      4.7197      9.6408      6.1511      14.216      9.8712      10.011      10.424      9.4546      7.5037      8.9941      5.9457      13.849      11.928      17.987      7.0408      13.019      11.795      8.5478       3.023      15.271      8.8631      12.626      12.185      15.076      12.083
      12.873      10.988      11.461      14.749]"
10,transformed_0.15000000000000002,ClusterSampler,0.008998695862822604,"[     13.685       14.44      11.215      17.865      6.8362      9.0159      10.724      7.4542       3.816      16.339      9.2774      17.857       9.513      7.2024        9.71      12.006      1.1195      9.7951       5.445      5.1831      5.2758      13.127      14.357      11.705       7.646      12.664
      10.221      12.735      4.7378      5.8196]"
10,transformed_0.15000000000000002,ClusterSampler,0.04357415802304275,"[     7.2656      2.5937      13.189      7.2532       12.45       13.22      10.576      14.808      12.151      7.8028      14.205      9.8996      7.3613      9.5008      15.399      8.1317      13.507      14.264       12.43      9.3924      15.305      16.253      13.567      15.466      12.777      11.474
       15.94      18.253      9.9138      11.718]"
10,transformed_0.15000000000000002,ClusterSampler,0.26869005127462037,"[     15.036      7.5114      5.3313      8.5709      3.1724      13.135      6.2452      9.5427      9.1051      14.686      11.605      14.197      11.432      7.9756      9.9013      15.727      9.9159      9.8317      13.186      13.506      5.7345      9.3092      4.0518      19.895      1.9592      17.226
      14.665      12.288      8.5219      8.1603]"
10,transformed_0.15000000000000002,ClusterSampler,0.05365741438908898,"[     14.428      15.953      15.478       9.579      15.415      12.493      9.9077         5.9      7.8049      17.152       7.624      10.747      12.228      9.9296      13.553      7.8366      5.7387      5.9026      15.955      12.078      6.4501      5.2717        9.54      9.3091      9.6907      6.9075
      12.885      13.197      14.192      13.949]"
10,transformed_0.15000000000000002,ClusterSampler,0.14997890480750153,"[      11.54      14.565      7.1018      6.0528      4.0233      10.936      14.774      13.335       15.37      8.0315      12.547       11.53       10.42      12.079      9.4571      12.834      13.194      7.1607      9.8608      15.712       14.86      14.031      9.3158      8.6026      10.506      2.7495
       16.06      11.846      11.074       11.76]"
10,transformed_0.15000000000000002,ClusterSampler,0.005622730983252441,"[     13.342      10.649      8.6481       11.94      5.3949      7.6865      11.536      5.0355      4.1848       18.66      5.7123      14.331      10.793      16.751      15.105      10.375      10.089      15.099      14.715      8.5712       15.13      17.329      12.434      15.055      5.1535      12.717
      11.518      6.4077      6.7383      14.567]"
10,transformed_0.15000000000000002,ClusterSampler,0.2069125486596367,"[     14.045      8.1129      11.297      11.409      12.822      16.328      6.6892      13.477      12.378       15.25      10.857      6.0672      12.711      3.4447        11.7      17.837      16.431      7.5006      5.5221      12.342       9.388      13.516    0.051129      15.108      10.902      15.127
      6.4113   0.0078944      8.7063      14.947]"
10,transformed_0.15000000000000002,ClusterSampler,0.0008654043434970432,"[     4.7046      9.4849        5.89      5.1784      11.125      11.629      2.6936      9.0548      10.997      3.5135      11.733       8.308      10.027      8.6234      11.739      11.096       10.57      13.785      6.6037      6.5675      7.2579      12.836      10.873      9.6007      6.9101      14.211
      14.199      9.2367      13.692      14.264]"
10,transformed_0.15000000000000002,ClusterSampler,0.008377237364756259,"[     9.5537       11.56      1.2721     0.49947        3.67      7.2955      3.9483      8.5331      8.2361      14.481      10.667      7.7382    0.029721      7.1455      9.6126      8.7306      6.9781      17.799      14.319      4.7141       12.89      12.937      6.7298   0.0026068      15.865      4.6588
      4.7736      8.8742      12.927      9.3271]"
10,transformed_0.15000000000000002,ClusterSampler,0.06268741382310451,"[     10.394      14.388      17.314      5.7004      1.1788      17.174      6.6083      13.839      10.285       10.94      5.5297      7.3136      4.8314      16.149      12.707      13.663      9.6915      11.228      12.828      9.2561       12.09      11.182      16.133      10.409      12.465      12.867
      15.362      8.4613      8.3707      12.327]"
10,transformed_0.15000000000000002,ClusterSampler,5.677251575762653e-05,"[     10.343      17.927      13.004      10.035      13.392      7.1572      17.026      9.8234      7.0409      4.8329      9.1989      7.0769      12.296      13.342      9.5257      10.376      10.272      15.424       16.66      1.1934     0.94441      13.181      14.469      12.883      3.2493      9.2091
      2.9081       11.46      9.2046      8.5558]"
10,transformed_0.15000000000000002,ClusterSampler,0.03921851802618259,"[     7.4572      7.2809      16.152      7.7192      13.442      11.793      10.063      9.7359      15.877      6.9347      6.3668      14.733      10.593      18.162      12.278      6.9523      12.045      11.929      3.9422     0.38448      13.425      7.8368       11.83      16.265      13.874      11.417
      14.653      10.986      12.687      3.2563]"
10,transformed_0.15000000000000002,ClusterSampler,0.24737280804847003,"[     13.019      9.3743      16.728       24.09      6.8439       16.14      12.085      2.7912        7.64      12.553      11.761      10.741      6.4612      7.1947        7.86      8.9054      5.4236      4.4488      12.777      3.7864      13.956      14.773      10.751      15.419      14.246      13.891
      15.618      7.2907      2.8507      8.8285]"
10,transformed_0.15000000000000002,ClusterSampler,0.3578586632298358,"[     10.713      15.016      13.779      7.3592      9.3397      22.576      6.8238      8.5381      14.288      17.461      10.958      10.844      11.274      5.6075      13.046      4.5572      8.7989      3.8243      9.8396      15.249      9.5616      13.282      10.029      22.392      12.299      7.3998
      10.229      10.268      15.662      17.908]"
10,transformed_0.15000000000000002,ClusterSampler,0.07325548866074871,"[     1.4705      16.816      15.238      17.038      7.2122      13.994      9.8137      1.2155      13.772      12.093      16.169      15.621      23.442       5.031       11.25      14.799      10.101      16.766      9.0665      14.713      7.6806     0.32134      6.9679      2.8146      16.666      11.795
      9.8455      1.4792      12.625      7.4135]"
10,transformed_0.15000000000000002,ClusterSampler,0.0001251986530991493,"[     11.977       13.04      10.745      15.402      19.296      10.749      9.1996      8.5504      13.629      10.611      8.2718      11.228      12.281      16.749      12.684      10.679      13.332      9.3236      13.351       12.77      11.033      10.942      9.1646      10.325      11.375      15.084
      14.173      9.4112      10.852      11.689]"
10,transformed_0.15000000000000002,ClusterSampler,0.005479840456877883,"[     14.974      9.0669      4.2714      14.124      11.493      16.289      12.863      8.8319      6.6263      13.669      7.4835      7.6432      6.7928       8.058      8.1977       4.484      8.4559      14.635        10.3       15.23      6.8256      5.5768      14.476      13.287       14.47      12.252
      14.659      6.3997      10.464      10.602]"
10,transformed_0.15000000000000002,ClusterSampler,0.6579874834537125,"[     15.683      13.284      13.318      17.483      12.234      1.1533      4.9788      14.207      14.338       3.732      5.4664      6.8932      14.649      6.3472      16.027      9.5021      13.284       18.57      13.114      5.4748      14.782      13.991      14.059      8.3797      9.8714      19.191
       23.39      15.159      9.0204      8.0721]"
10,transformed_0.15000000000000002,ClusterSampler,0.000817591291914994,"[     10.959       7.688      11.367      6.1474      12.915      12.163      6.2267      3.4467      10.652      13.267      9.2889     0.37164      13.376      8.7903      10.141      14.832      16.078       11.82      11.742      7.5592      11.822      3.1535      6.0729      8.0556      13.622      6.4799
      9.0872      7.7423      12.821      17.528]"
10,transformed_0.15000000000000002,ClusterSampler,0.006292436750188362,"[     14.492      11.421      4.3706      11.538      15.094      6.2453      14.287      5.6056      5.7332      6.0841      3.8943      10.793       8.304      5.5186      8.5321      14.511      8.3572       9.339      7.4023      12.058      4.2925       1.527      7.3119      12.568      10.627      11.171
    0.020666      16.859    0.060108       9.199]"
10,transformed_0.15000000000000002,ClusterSampler,0.013329891102816259,"[     10.215      6.1518      7.7369      5.2698      12.512      6.5371      6.4888      8.9905     0.98148      6.6623       1.444      9.4392      11.167    0.091719       10.64      8.6708      12.999      5.0107      6.8084      2.3891      7.6872      9.7833      15.549      15.483      12.541      7.9399
      3.3913      9.0667      11.894      9.8998]"
11,transformed_0.15000000000000002,RandomSampler,0.001030954587377293,"[     6.7664      8.0268      14.541       8.351      15.595      4.6327      5.0864       12.97       3.596      18.896      9.4348      9.3347      11.752      13.582      12.002      12.731      13.036      12.532      14.116      14.026       14.62      8.8643      14.505      3.5485      16.926      12.033
      7.0152      10.175      13.959      10.909]"
11,transformed_0.15000000000000002,RandomSampler,0.019351088050606948,"[     14.486      13.071      14.015     0.46227      17.416      8.0491      13.649      8.8903      10.392      12.878      10.226      9.6627      11.871      12.625      14.646      7.6368      18.048      11.122      12.688      7.3559      8.2862      11.382      11.438      2.9184      12.233      12.175
      11.471      11.312       3.968      4.9341]"
11,transformed_0.15000000000000002,RandomSampler,0.007736712362525332,"[     12.566      6.9925      9.5154      2.0517      11.037      5.5681      10.311      1.1767      9.6229      12.119       10.28      11.992      7.8636      6.6432      12.345      17.697      8.7492       15.78       10.01       1.331      15.537      9.7238      14.206      9.1943      9.5689       6.101
      10.425      9.0326      14.644       13.55]"
11,transformed_0.15000000000000002,RandomSampler,0.04260114930584997,"[     9.6546       4.669      9.6158      11.264      12.348      10.575      12.789      15.665      10.226      11.953      3.9703      15.464      6.9407       9.322      4.7073      17.198      10.405      11.527      12.365      7.8823      8.6058       8.928      9.5207      9.3788      8.6269      12.687
       10.48      7.4665      16.701      11.864]"
11,transformed_0.15000000000000002,RandomSampler,0.056497614703441196,"[     8.1246      2.0952      6.8348      7.1788      19.608      13.582      10.393      10.251     0.78727      16.378      8.1833      8.6076      14.853      15.769      5.9366      12.554      6.7502      3.2459      7.4858      3.9769      16.815      16.279      8.5464      7.9598      17.519      9.0937
      13.209      9.7406      12.823       8.766]"
11,transformed_0.15000000000000002,RandomSampler,0.009972502253095997,"[     7.8608      8.9896      5.8383       9.897      11.275      10.081      1.8359      8.6136      8.5995      13.189      13.486      3.5864      10.246      12.038      8.2928      10.335      9.4125      13.597      11.804      16.312      2.7028      5.3335       21.78       12.17      5.3155       13.07
      20.822      9.8558      8.2064      13.325]"
11,transformed_0.15000000000000002,RandomSampler,0.004739026034324557,"[     1.4079      5.3888    0.021473      16.301       7.891      5.0506       5.091      12.893       11.28      14.437      13.907      13.319      14.741      12.221      15.935      16.625      15.126      16.619      7.0596      11.684      16.407      14.943      9.5489      7.3806      14.492      2.7594
      8.1926      10.601      15.861      15.776]"
11,transformed_0.15000000000000002,RandomSampler,0.26751532854472176,"[      10.42        13.9      10.408      8.0998       6.052      11.178      9.7162      17.059      10.979      9.5345      9.4527      18.216      10.119      15.147      12.124      12.267      12.599      7.9982      9.3041      9.7504      9.4201      2.9764      10.401      12.795      14.253      9.8338
      18.787      12.216      19.089      5.3956]"
11,transformed_0.15000000000000002,RandomSampler,0.018281084369596516,"[     19.499      12.718      4.8378      14.293       15.29       8.047      5.9039      11.818      12.554      13.459      12.176      9.3449      15.626      10.123       10.75      16.233      13.589     0.37956      7.7208      14.977      5.4366      11.084      15.897      9.1453      6.8215      14.758
      13.265      6.0144      15.556      12.298]"
11,transformed_0.15000000000000002,RandomSampler,0.049128658836339954,"[     12.249      11.018      15.829      12.471      6.8775      11.452      8.3502      13.031      5.7419      9.2029      10.152      6.9557      12.818      11.127      9.6151      7.5514      3.1124      11.727      9.8613      2.1339       17.22      10.931      15.207      10.457      12.903    0.032146
      10.985      12.981      10.518      12.987]"
11,transformed_0.15000000000000002,RandomSampler,0.0027927920445715315,"[      10.14      13.552      10.488      11.723      14.549      8.3312      13.038      3.3319      14.533      1.3856      4.3985      12.603      15.279      9.5126      4.4162      14.418      16.378      11.286      4.3658      11.956       4.331       11.28      4.5722      8.1998      11.426      9.6058
      8.2522      9.2722      9.8941      18.295]"
11,transformed_0.15000000000000002,RandomSampler,0.1675626316660318,"[      9.659      19.021      6.3662      16.514      17.752      12.143      9.4412      13.629      4.3704      12.535      3.8293       4.164      16.175      1.0756      11.642      9.3382      9.0791      16.389      17.019      3.3899      11.857       8.464      9.3111      15.943      12.191      6.5553
      14.579      8.8374      2.1293      17.459]"
11,transformed_0.15000000000000002,RandomSampler,0.01247381880923947,"[      8.852      13.779      6.0424      5.2316      11.317      14.129      15.381      9.1689      10.671      13.806      13.497      11.098      8.1342      13.006      6.1277      17.525      5.8139      13.801      11.924      16.483      5.7026      8.3461       14.11        12.6      8.3798      8.3142
      17.349      13.934       10.69     0.55157]"
11,transformed_0.15000000000000002,RandomSampler,0.4175512555678709,"[     16.442      15.788      15.218      4.9483   0.0040551      12.906     0.49563      10.843      18.495      6.3852      4.6429      19.372      12.459       12.33      11.954       15.76      10.311      15.161      4.2076      12.313      8.7779      17.648      7.6449      12.497      11.656      8.4959
       17.37      14.672      11.331      13.355]"
11,transformed_0.15000000000000002,RandomSampler,0.12007914657247644,"[     14.414      15.373      8.9608      6.3022      8.2321      6.7617      11.428      15.055      9.8986       9.691      12.013      6.2368       11.39      2.4221      9.6018      6.8451      13.573      5.2794      4.5479      1.2007      8.7637       9.254      15.102      8.6783      2.5731      8.0827
    0.032424      7.4341      16.678      10.214]"
11,transformed_0.15000000000000002,RandomSampler,0.005340283920641801,"[     15.435     0.63823      13.234      13.461      11.011      11.752      18.104      16.585      16.336      12.995      10.474      6.9288     0.24048        12.3      9.6819      11.162      10.676      11.431      7.6694      6.8357      7.3141       9.312      15.004     0.78216      12.895      9.7505
      16.425      12.712      11.695      4.3504]"
11,transformed_0.15000000000000002,RandomSampler,0.021226379158438436,"[     11.524      6.1245     0.99293      9.7647      12.347      17.461      4.6709      11.221      6.8502      11.095      4.8299      0.4944      15.249      10.804      8.3047      7.9929       16.12      7.9932      8.1354      13.146       9.328      13.496      4.5436      2.7146      9.1023      11.373
      15.228      13.736      15.842      3.5979]"
11,transformed_0.15000000000000002,RandomSampler,0.02518642383000539,"[     4.5723      16.583      10.545      3.4616      4.8925        4.48      13.508      16.493      11.331      16.819      15.402      10.617       10.64      11.562      10.792      7.9194      8.9112      7.9625      15.781      7.9403      15.172      13.654      7.6858      9.0735      8.5728      11.443
      13.085       3.779      8.5146      16.534]"
11,transformed_0.15000000000000002,RandomSampler,0.01200704555206127,"[      14.25      8.5387       9.628      11.852      13.859       10.13      15.897      13.855      6.9402      14.946      4.3805      16.434      7.2575      15.274      13.993       6.077      6.9293      5.8487      11.629      2.9115      12.018      8.4565      14.432      11.504      1.9684      10.008
      1.4727      2.9263      13.733      15.051]"
11,transformed_0.15000000000000002,RandomSampler,0.0021307229246518003,"[     12.928      10.327      1.2329      14.076      22.399      14.124      18.265      5.1083      10.373      8.1272      5.7811      12.148      6.0453      14.521      7.3543      12.295      9.5054      1.5044      4.9254      13.197      14.021        8.39      11.993      9.8961      10.307      13.189
      8.3645      9.9335      20.988      9.3738]"
11,transformed_0.15000000000000002,RandomSampler,0.01637291313935874,"[     7.3224      10.823      14.737       11.13      8.5963      6.9994      8.2249      9.3143      4.1561      14.639      8.2566      8.2595      9.9145      16.675      12.274      10.354     0.62811      7.1309      19.127      9.3058      14.726       15.35      9.4134      8.7065      16.208       16.41
      15.105      12.877      12.731      11.059]"
11,transformed_0.15000000000000002,RandomSampler,0.20917935602074433,"[     4.4197      8.8872      7.2796      1.9937      13.128      14.678      2.1677      15.753      3.5156       12.42      17.606      17.489      14.522      12.287      12.343      13.264      10.682       12.25      9.2703      10.127      9.6532      8.4354      14.822      11.398       17.22      11.298
      11.825      12.259      4.6065      7.4245]"
11,transformed_0.15000000000000002,RandomSampler,0.03082501929280674,"[     3.0608      16.087      17.018      12.684      8.9876      8.1958      7.0095      12.596      14.612       14.06      7.5456      11.225      9.8232      6.7409      13.414      8.8001      11.895      14.985      5.9148      10.732      19.108      10.814     0.54313      9.1688      15.116      16.295
      8.8799       10.83      5.4382      10.142]"
11,transformed_0.15000000000000002,RandomSampler,0.1402034058899878,"[     12.711      7.4835      12.038      9.2883       6.354       7.472      13.026      12.854      7.4783      11.422      3.8845      11.882      8.9013      14.224      8.4923      14.755      18.448      5.9612      7.0225      14.157      10.595      7.9989      10.963      7.4999      5.2553       6.536
       8.481      11.264      14.371      10.402]"
11,transformed_0.15000000000000002,RandomSampler,0.00022676390681574418,"[     11.573      6.4177      16.308      11.825      10.381      8.4043      16.742      17.143      8.6785      11.869      12.479      15.055      5.6375      12.101      17.884      8.5248      9.3519      15.562      13.085      3.4995      11.578      11.432      8.7045      7.9794      10.552      3.9347
      16.129      16.792      15.142      7.9953]"
11,transformed_0.15000000000000002,RandomSampler,0.03203565651153383,"[     12.772      5.5586      11.908      11.949       14.06      13.536      16.988      7.7021      0.9485      13.486      15.171      13.322      4.6226      18.232      8.5515      11.248      8.4512      5.6912      13.351      9.1472      5.3834      13.217      9.5987      15.953      16.342     0.14959
       14.74      15.398      7.1383      19.831]"
11,transformed_0.15000000000000002,RandomSampler,0.00575420250830631,"[     17.655      7.2485      16.726       11.79      10.761      14.014      13.167      17.917      11.421      5.5966      15.139      5.5134      13.657      2.6744       14.41      2.0608      14.749      2.0084      14.082      11.324       11.68      9.4415      14.414      12.553      16.843       13.02
      8.9947      3.0338      17.162      9.0449]"
11,transformed_0.15000000000000002,RandomSampler,0.03258705900931842,"[     13.908      10.208      13.017      10.272      1.9629      19.073      7.0958      14.796      4.3667      17.083      12.151      16.206      6.2755       13.82      11.538      8.6426      14.178      15.885      5.8919       7.613      12.705      9.8107      10.773      14.051      15.683      10.012
      8.4723      13.476      15.065      9.3289]"
11,transformed_0.15000000000000002,RandomSampler,0.1822955530804881,"[     6.0222       9.103      10.304      10.762      11.693      5.0632      7.1874      16.299      13.711      14.469      18.399      11.048      9.5511      1.7713      8.7758      13.576      7.8792      9.5918      9.9152      13.643      12.079      12.866      16.426      12.711      13.823      7.8797
        8.31     0.96215      6.6828      14.616]"
11,transformed_0.15000000000000002,RandomSampler,0.019176243454442774,"[     2.7398      10.697       10.97      7.1984      15.644      1.6523      9.9345      5.9266      10.425      10.334      9.8137      8.4735      10.782      7.5029      11.973      9.3522      11.566      9.8043      7.5472      15.604      5.4272      16.197      3.3229      14.394      10.726      9.9317
      13.582      9.8428      6.7143       13.97]"
11,transformed_0.15000000000000002,RandomSampler,0.011445614478521842,"[     7.3971       3.705      9.5494      4.3933      0.4132      17.206       11.74       7.485      4.7881      6.1799      13.988      5.5975      21.016      3.9592      12.399      14.463       13.82      14.723      3.8203      6.0476       16.37      14.086      3.0339      7.1053       7.493      9.9562
      11.195      15.649      1.9977      6.7818]"
11,transformed_0.15000000000000002,RandomSampler,0.06232227849387715,"[      8.552      13.079      11.322     0.16842        1.27       10.17      11.966      7.3147      12.959      11.806      17.179      9.1366      13.288      17.072      9.4383      12.705      5.2335      15.134      18.116      15.319      16.189      6.1312      8.0754       15.21      2.1629      13.818
      8.3161      10.227      9.5378       11.38]"
11,transformed_0.15000000000000002,RandomSampler,0.07187451958255696,"[       17.1      9.6589      10.636      11.354      10.752      5.7301      13.136      8.2735      7.9584      8.3425      4.5751      19.547      9.8602      3.1515      11.704      16.876      10.004        22.8      15.758      11.195      7.5983          12      4.6273      8.2531      13.178      10.216
      10.709      9.9802      9.6805      12.243]"
11,transformed_0.15000000000000002,RandomSampler,0.0014082827909447878,"[      5.817      12.004      12.656     0.31324      14.076      7.8635     0.64247      1.6478     0.59436      1.7559      10.756       10.52      11.274      12.812      6.6862      13.136       8.939      11.219      10.034      20.854      13.007      13.272      1.2287       16.55      20.076      16.819
      8.3873      11.559      8.1206      19.126]"
11,transformed_0.15000000000000002,RandomSampler,0.013680381207424833,"[      4.673      8.2816      14.388      9.6989      7.9385      21.339      9.2647      10.597      18.349      8.7579       3.313     0.66548      16.841      10.653    0.047718       10.27      13.881      8.2799        4.87       17.66      6.6227      4.9092      1.9734      10.369    0.091325     0.19794
      13.172      13.723      9.2783      7.9567]"
11,transformed_0.15000000000000002,RandomSampler,0.09964369184387543,"[      8.499      7.5249      10.888      1.5261      7.3991      13.504      9.6543      4.3001        15.4      11.791      13.975     0.21238      13.074      4.8084      2.2803      8.8429      11.812      14.671       13.38      6.5204      8.5465      12.461      10.767      5.8777      14.494      18.076
      9.7829      4.2147      8.5476      10.201]"
11,transformed_0.15000000000000002,RandomSampler,0.0806512235010113,"[     8.3906      1.0847      11.363      12.914       15.01       12.85        17.2      9.9412      14.071      9.5909      14.571      8.5522      9.1537      15.303      16.758      2.8545      8.7675      6.7082      13.339      15.007      10.718      11.063      15.576      12.217      8.5788       7.414
      10.101      7.0656      7.9866       10.49]"
11,transformed_0.15000000000000002,RandomSampler,0.00044467580987552147,"[     8.1921      12.264      15.964      7.6983       9.431       5.281      11.854      8.7671       10.72      8.0505      9.7935      11.486      9.8524       6.292      6.7546      17.213      8.6584       15.24      13.135      15.689      7.2184      12.605      7.4558      13.909       6.471      10.296
      10.726      9.9364       11.67      15.603]"
11,transformed_0.15000000000000002,RandomSampler,0.28144974574712056,"[     17.048      14.371      14.469      9.2025      13.993      13.623      15.707    0.042177      11.327      13.252      7.8166      5.6504      10.557      9.3671      16.756      9.4664      14.911      17.398      13.689      13.585      9.5861      16.447      8.6555        1.93      6.5006      17.075
      10.387      11.155      17.321      4.6775]"
11,transformed_0.15000000000000002,RandomSampler,0.032517732801844466,"[     9.6603      2.8562      7.7166      11.708      7.3662      4.8943      10.268      14.126       2.593      5.8342      13.039      7.3533      14.596       11.64       9.688      13.368       12.82      17.154       2.408      9.0299      17.187      12.592      5.6073      14.796       10.11      14.602
      10.029       12.66      10.573      9.8753]"
11,transformed_0.15000000000000002,RandomSampler,0.002271625959439053,"[     12.517      8.1534      13.827      6.7103      5.4343      8.1283      12.617      12.126      11.303      11.815       14.79       12.51      8.8212      7.8693      12.866      13.945       22.46      12.062      12.491      8.5846      10.716      14.257      13.988      17.577      8.6183      3.8927
      8.8835      8.4744      13.161      15.428]"
11,transformed_0.15000000000000002,RandomSampler,0.002949203756541582,"[     4.5983      5.1431      9.5126      7.0051      13.007      14.929      6.2568      8.5296       13.56      7.3492      10.232      15.196      1.6378      14.712      16.148      4.2043      16.972      14.401      17.328      4.2146      12.123      12.997      15.483      7.8753      10.313      7.5451
      8.6639      10.209      11.012      7.5736]"
11,transformed_0.15000000000000002,RandomSampler,0.05012779683563813,"[         21      11.623      10.989      10.584      9.3111      20.178      8.1294      11.617      13.669      9.8384      3.9122       7.901      18.673      5.9883      14.563      10.916      14.501      15.339       12.59      11.627      11.606      1.1115      18.796      9.2033      15.093      6.4049
      14.055      11.416        9.61      16.216]"
11,transformed_0.15000000000000002,RandomSampler,0.39228822624910503,"[     21.634      13.546      1.8473      8.2853      12.665      11.333      13.667      8.1681       10.02      13.917      9.6037      10.462      1.1371      17.098      6.1099      10.742     0.75516      9.1839      10.214      7.9479      15.911      17.492      6.9951      7.8945      12.251      13.115
      9.1342      5.9149      19.064      5.0836]"
11,transformed_0.15000000000000002,RandomSampler,0.020989390348541012,"[     4.7599       3.001      7.6234      14.244      10.175       11.17      19.324      9.9684      10.125      12.483      8.9269      10.599      2.5529      6.0776      15.442      11.918      12.015      6.0879    0.083401      15.558      9.0561       15.94      11.342      7.0564      16.514      10.997
      13.394      11.467      9.6842      10.906]"
11,transformed_0.15000000000000002,RandomSampler,0.03203565651153383,"[      11.46      7.1688      8.8655      12.458      5.7903    0.039802      7.5314      5.7434      8.6041      10.963      4.8815      8.6511       10.26      11.033      14.898      6.5829      20.723      3.1512      8.2389      17.949      10.468      5.7678      16.403       3.771      6.9093      5.9487
      5.6909      3.4436      12.197     0.55952]"
11,transformed_0.15000000000000002,RandomSampler,0.020110052035030405,"[     10.669      17.565      10.462      15.356      13.491      13.821      2.8544      15.222       10.64      11.104       10.71      15.717      8.0046       7.346      16.345      10.778      18.946      10.183      14.736      13.103      5.5458      5.2888      11.399      11.473      11.411      6.2245
       15.71      14.128      18.112      12.816]"
11,transformed_0.15000000000000002,RandomSampler,0.03629981368374924,"[      16.92      15.267      14.673      11.999      12.968      8.5802      7.7449      12.413      11.998      11.681      18.134     0.96643      11.099       14.72      7.7688       9.293      12.775      13.053       11.99      6.2659      9.5641       14.18      9.1841      9.1641      8.8208      6.1719
      9.1283      15.219       15.44      5.4672]"
11,transformed_0.15000000000000002,RandomSampler,0.1003661857377125,"[    0.06035       5.116      8.4837      11.369       6.881      19.929      13.555      6.6791      1.0723      8.8676      15.205       7.807      8.8886      14.134      6.6367      16.658      17.281      8.6199      20.285      10.706      12.223      8.5872      10.287      5.1157      15.408      13.747
      6.6309      9.7833      6.0303      9.9137]"
11,transformed_0.15000000000000002,RandomSampler,0.08371760051619573,"[     11.771       12.83      11.157      17.642      12.757      4.6137      18.218      11.878      13.152      8.7646      13.499      15.813      14.305      6.3779      11.768       12.92      5.1972      12.453      12.978      14.706      7.3058    0.079521     0.28149       8.241       5.785      11.366
      15.558       4.516      5.4486      10.392]"
11,transformed_0.15000000000000002,RandomSampler,0.12304637893638,"[     16.948      7.3194      12.913      14.193      7.5681      16.225      8.5645      10.685      13.407      9.5398      2.4609      15.139      7.1952       11.09      9.3094      15.037      12.149       3.172      13.085      11.886      14.184      12.289      11.284      13.394      10.234      17.731
      10.961      13.039      10.612      12.282]"
11,transformed_0.15000000000000002,RandomSampler,0.04484075196849118,"[     10.279      11.207      17.144      7.4869      12.021      9.2906      7.1727      15.339      9.8699      7.7975       13.98      11.765      19.509      15.129     0.56877      12.373      11.408      16.155     0.20846       7.555      9.0212      14.177      5.6406      11.622      13.267      9.9846
      5.4465      6.9059      9.3887      17.515]"
11,transformed_0.15000000000000002,RandomSampler,0.001396157533533941,"[     10.996      20.728       11.58      15.944      12.167     0.13157      9.8201      12.876      15.309      13.061      14.271      11.742       16.21      18.323      5.1726      10.022      11.024       2.138        15.6      12.841      13.367      4.8205      3.5693      13.484      15.082      12.569
      12.723      15.478      13.627      8.8558]"
11,transformed_0.15000000000000002,RandomSampler,0.04746887127391605,"[     9.2723      7.1502      5.4381       3.449      11.515      4.9576      15.783        8.33      17.172      11.137      11.583      12.953       9.751      10.692      13.728      11.725      8.6849      8.3823      5.0496      16.646      14.116      9.3766      11.797      10.849      3.5363      11.716
        17.7      8.6161      15.228      6.4922]"
11,transformed_0.15000000000000002,RandomSampler,0.005299049905228822,"[     13.212      10.164      7.9057      9.9258      12.336      13.947      16.149      12.243      1.8943      15.216      12.471      11.859      4.2058      9.4363      8.4925      6.3855      10.363       7.573       9.013      8.3372      4.7117      5.0051     0.40943      16.907      10.165      8.3126
      16.379       13.38      10.086      8.5761]"
11,transformed_0.15000000000000002,RandomSampler,0.07826641007243156,"[     12.107      9.5604      9.8724      9.4176      11.746      11.622      8.6445      6.9739      15.205      14.188      10.018      8.9784      10.751      10.807      10.521       12.67      11.058     0.29475      9.3225      4.3069      9.4183      19.761      13.202      12.187      14.939      14.503
      7.3917      6.3706      1.7425      8.9615]"
11,transformed_0.15000000000000002,RandomSampler,0.010934207993300334,"[     2.5114     0.55115      6.9869      9.9308      12.731      4.6961      10.487       9.283       10.75      10.062      12.054      7.5621      9.8672      15.422      2.9763      16.327       16.39      14.045      14.355      6.4688      14.722      14.803      20.039      18.447      14.529      15.731
      10.643      7.6424      7.1995      7.7398]"
11,transformed_0.15000000000000002,RandomSampler,0.6074012768547785,"[     10.781      3.1435      6.4198      1.6807      8.2959      10.636      9.9568      8.8269      18.537      6.7163      5.0334      7.2353      9.9798      2.6148       11.15      9.5288      14.158      13.889      16.955      10.511      5.2612      15.616       8.261      9.0108      19.218      7.0361
      12.685      13.431      9.5695      11.503]"
11,transformed_0.15000000000000002,RandomSampler,0.00029560958509630274,"[     10.551      15.565      13.323      13.261      15.786      3.3529      6.0057      16.873      13.373      10.825      2.2587      11.008      13.073      17.924         8.8      6.4495      4.5907      7.2834      13.353      18.921      15.135      15.143      4.1616      13.707      10.917      10.369
      8.7255      10.802      10.087      15.121]"
11,transformed_0.15000000000000002,RandomSampler,0.0001620655935332675,"[     17.046      4.0886      16.067      10.366      3.2716      7.3059      13.517      8.9314      6.0199      20.691      15.736      9.4337      11.444      13.112      9.0508     0.18792      13.657      13.472      12.175      9.6431      13.576      6.0683      11.961      13.763       12.59       13.68
      6.9744      13.584       9.595      6.8756]"
11,transformed_0.15000000000000002,RandomSampler,0.015025180053748845,"[     6.5781      17.953      10.382      7.3203      8.0227      14.946      7.4961      19.029      11.522      10.488      15.579     0.17108      11.095      1.1192      9.5749      5.7898      13.065       7.425      10.932      9.8728      8.7301      14.019      6.9075      11.012       10.19      4.3841
       9.891       11.44      9.7482      16.714]"
11,transformed_0.15000000000000002,RandomSampler,0.021658921658975778,"[     4.8587      11.347      3.1469      11.064      14.352      12.705      6.5327      18.652   0.0017773      9.8993      3.8492      8.4062      13.527       18.77      10.366      5.4676      5.8217      4.6156      16.449      1.2549      11.113      7.5131      10.322      1.7376      13.911   0.0020635
       10.94       11.18      4.3167      13.458]"
11,transformed_0.15000000000000002,RandomSampler,0.001243454333245167,"[    0.18663      8.6469      8.5268      7.6023      5.4515      8.1988      10.702      18.526      11.415       13.78      10.201      16.635      9.6815      4.3061       15.85      17.764      14.844      4.2226      10.814      13.195      13.171      7.9779      8.2591      19.904      10.495      10.967
      12.606      13.167      12.625      9.1963]"
11,transformed_0.15000000000000002,RandomSampler,0.032104288683647945,"[      8.824      9.4546      9.0909      14.182      15.689      17.038      11.433      10.648       11.62      12.136      3.5478      17.742      8.2849      3.1797      10.572      15.921       11.12      16.863      12.371      18.165       12.07      16.059      6.5495      6.4149      7.0552      15.858
      13.169      5.1635      11.505       9.333]"
11,transformed_0.15000000000000002,RandomSampler,0.0812565281022417,"[     13.442      15.142      13.771      8.2301      1.2469      9.5037      10.698      12.769      11.797      8.8134      9.7173      8.7155       11.37      0.8245      14.316      4.8798       4.732      12.232      8.2706      12.469       14.58      16.076      10.148      3.9937      12.891      9.6573
      12.171      8.3951      3.3048      13.651]"
11,transformed_0.15000000000000002,RandomSampler,0.07797250058984072,"[     13.078      14.517      15.861      12.233      14.495      2.1013      7.4481      16.092      8.5107      9.2349      10.194      10.822     0.30014      10.763      9.2361      12.871       10.44      11.988      5.3962      15.022      15.744      5.1327       9.339      15.132      9.7254      10.044
      10.789      10.236      11.065      11.457]"
11,transformed_0.15000000000000002,RandomSampler,0.11271840753479229,"[     10.646      3.6972      10.807      4.8794      14.173      8.5711      9.3856      17.195      16.853      9.7605       12.92      6.9539      8.2083     0.76893      12.527      13.593      12.078      12.439      9.0462          17      8.7331      17.056       13.59      15.325      2.9613      10.411
      15.349       2.764      1.3113       11.57]"
11,transformed_0.15000000000000002,RandomSampler,0.00588846132760118,"[     9.1839       10.09      11.793      9.9286      4.6387      15.237      15.473      12.162      9.0665      7.8808     0.95213      16.093      15.005      10.678      5.5398      9.0569      6.6213      16.289      6.2381       8.851      10.139       12.46       7.005      9.1914      15.917      10.764
     0.96336       8.941      16.347      10.227]"
11,transformed_0.15000000000000002,RandomSampler,0.025297529108903778,"[     15.125       5.419      6.1898       12.74      5.7033      13.653      11.232      13.289      11.871      5.1418      7.4715      9.3935       11.17      10.171      13.743      13.232      10.674      10.222      9.0072      3.0216      5.1585      12.479      10.046      10.967      12.084      3.2287
      13.637     0.06616      9.2101      13.527]"
11,transformed_0.15000000000000002,RandomSampler,0.005083997301641217,"[      8.086      5.4552      6.0651      16.399      1.3944      9.5124      11.468      10.088      9.0381      9.6501      14.166      17.303     0.81333      16.885      9.3695      10.002       9.033      5.0312      10.498      10.029      14.979      10.968      10.935    0.073999       11.58      11.798
      10.039      6.1321      11.608      16.336]"
11,transformed_0.15000000000000002,RandomSampler,0.19770873783223614,"[     16.149      9.8069      10.067       14.74      11.225      11.074      15.994      8.3651      15.033      3.5133      8.7608      12.325      10.082      5.2497      3.2695      6.2378      5.0933      8.0026      15.883      6.2337      16.723        15.2      13.414      19.401      17.591      9.1629
      15.809      16.026      11.477      8.9759]"
11,transformed_0.15000000000000002,RandomSampler,0.024206588262853834,"[     22.806      8.7851      9.5825      17.155      4.7147      0.9254       6.989      2.3406      10.365      14.118      4.1948    0.019502      11.159      7.2558      8.4983      7.8298      10.637      16.946      4.6463      14.073       7.724       9.565      9.8052      17.355      4.1194      12.468
      14.053      12.974      7.9811      18.769]"
11,transformed_0.15000000000000002,RandomSampler,0.007640716067191587,"[     13.228      4.3949      15.583      15.366      6.5231       2.771      7.4917      8.9017      17.354      18.286       9.128      11.672      8.8784      7.5157      10.236      6.7391       10.55      1.1347      6.3848      6.7563      10.879      17.168      12.643      13.849      4.1669      8.8542
      8.6486      7.6098       8.051       9.824]"
11,transformed_0.15000000000000002,RandomSampler,0.0027323790967403293,"[     5.7398      7.9605      11.662      10.796      18.434      13.236      8.8424      8.3765       8.592      4.7441      18.594      13.803      3.1622      5.3759      9.4644      16.868      16.275       5.953      13.646      15.056      13.557      8.6322      6.7661      4.3116      14.493      8.2632
       11.97      5.0354       10.07      12.354]"
11,transformed_0.15000000000000002,RandomSampler,0.26634432663365615,"[     14.988      10.373      15.738      7.2054      6.8476      7.4578      14.369      11.395      13.253      8.2722      13.269      6.0747      8.8661      9.0487      8.9249      12.645      8.7247      8.5697     0.83945      10.227       13.87      14.286      12.833      11.026      9.3924      10.153
      8.8561      14.645      11.789      11.448]"
11,transformed_0.15000000000000002,RandomSampler,0.06812375051155281,"[     11.198      7.9528      2.7851      11.424      19.534      11.032      6.9523       13.74      1.0347      5.4314     0.69063      12.052      11.531      12.218     0.88418      14.758      12.436      12.368     0.05376      7.8977      14.474      11.437      12.082       18.86      9.2937      14.272
      21.438      17.872      4.5117      11.681]"
11,transformed_0.15000000000000002,RandomSampler,0.02580235803528648,"[     8.0275      6.3189      1.1501      11.664      12.817     0.99213      7.2993      8.4685      11.185      13.271      14.209      8.1807      3.9869      7.5001      8.1701      14.013      12.747      4.6492        7.03       7.623       6.852       9.243      19.593      17.745      7.4978      14.441
      16.127      9.7022      10.769      11.447]"
11,transformed_0.15000000000000002,RandomSampler,0.003122063070561598,"[      0.625      7.8696      11.315      14.385      11.731      8.4627      11.828      15.272      4.5053      8.3203      4.7113      8.3014      16.186      11.645      12.522      9.5663      11.545      9.9423      9.4359      5.8348      4.0919      7.5465      12.079      11.399        17.8      10.613
      10.882       13.49      11.012      7.9073]"
11,transformed_0.15000000000000002,RandomSampler,0.005299049905228822,"[     12.683      9.2092      9.4434      12.262      9.4619      6.3531      15.341      8.6816      5.8658      13.811       2.708      8.0452      13.769      15.433      16.489       6.109      4.9081      10.854      11.373      13.706      3.6642       8.179      13.371      11.586      8.8602      5.8557
       10.59      5.6351      19.742      12.418]"
11,transformed_0.15000000000000002,RandomSampler,0.00023199429177029116,"[      8.839      10.251      12.756       8.181      9.7099      15.679      13.133      11.201      6.5467       16.67      9.9481      10.285      14.897      5.1505      1.4343      6.4405      10.296      12.035      10.954      16.452       10.85      10.257      13.883      11.462      11.426        13.3
      7.8838      13.729    0.025272        11.3]"
11,transformed_0.15000000000000002,RandomSampler,0.0035716563719787094,"[     10.873      11.458      5.6563      7.2511      15.947      6.6095      6.5565      12.132      9.9882      10.441      12.891      9.6719      10.925      16.092      17.228      10.076      6.7601      2.4943      6.0697      7.9563      12.964      8.8071      6.3129      16.887      15.409      9.1831
      11.146       13.94      12.368      2.4376]"
11,transformed_0.15000000000000002,RandomSampler,0.0030800949700533595,"[     6.6313      11.832      3.0612      14.627      14.717      8.1024       7.312      14.687      8.2629      12.453      12.188      3.0855      16.493      13.379      7.4718      12.032      8.0646      9.5735      9.3513      9.6061      16.958          13      2.5195      5.1485      11.483      11.246
      10.554      9.6743      9.4473     0.82259]"
11,transformed_0.15000000000000002,RandomSampler,0.000562790209673981,"[     1.7103      19.904      11.287      19.602      7.5987      12.669      7.6103      12.949      10.069        6.77      20.064      6.3987      16.474      5.8534       10.24      11.123      8.2077      13.598      9.9618      12.655      17.633      11.287      12.478      8.5364      8.7897      9.6935
       3.794      13.276      11.979      4.3022]"
11,transformed_0.15000000000000002,RandomSampler,0.1399670258378698,"[     8.3598      11.254      6.0828      6.3853      9.6943      11.243      11.082      19.035      10.034      9.5742      12.794      10.099      13.534       6.695      10.871      3.3675       9.568       6.673      19.992       12.22      13.928      18.099       20.69      6.4705      11.776      17.485
      3.5722      20.017      10.543      11.082]"
11,transformed_0.15000000000000002,RandomSampler,0.09910492830798187,"[     10.322      7.7478      11.791       7.466      14.229       2.463      8.5526      7.3854      7.9536       12.24      15.448      14.972      13.976      2.4029      7.9922      9.8643      6.9393      11.746      3.1641      7.4075      18.918      9.5841      5.9125      10.225      16.648      8.2493
      5.7489      4.7141      8.3833      19.438]"
11,transformed_0.15000000000000002,RandomSampler,0.011281842830270596,"[     7.6242      14.002      13.488      3.7506       16.51      8.6363      1.2999      9.7567      8.6588      15.767      11.634      9.4097      11.146      16.687      5.1646      9.7427      6.8518      18.313      9.7718      5.1209      1.5734      8.2713      8.4376      11.121       10.04      21.187
      8.7272      5.8402      8.9652      11.458]"
11,transformed_0.15000000000000002,RandomSampler,0.0036782044510274745,"[     17.217      8.3628      12.619      11.306      15.168      11.384      9.6123      9.3046      8.3121       9.681      9.0192      1.8657      6.6398      11.189      7.6987      15.278      7.9936      14.269      13.519       12.68      16.416      10.222      12.888     0.65113      9.3553      12.704
      14.449      7.2109      12.608      1.1619]"
11,transformed_0.15000000000000002,RandomSampler,0.005994833745851634,"[     14.213      13.968       17.75      16.381      17.062      12.231      2.1276      7.1081      9.8886      11.344      10.983      9.1788      14.395      3.0201      5.7923      12.125      8.8454      11.187      15.415      10.498      10.147      15.997      13.098      9.2472       8.638      15.637
      10.735      6.7484      11.157      11.303]"
11,transformed_0.15000000000000002,RandomSampler,0.006772597170115309,"[    0.15109      12.262      10.579      12.475      6.9903      15.137      5.6017      5.7759      11.205      17.624       7.414      13.241      9.2261      13.792      10.004        14.2      9.9404      12.201       7.336      15.077      10.587      4.7115       12.36      13.272       8.359      8.3446
      8.6093      12.147       17.68      4.8507]"
11,transformed_0.15000000000000002,RandomSampler,0.021178706711345405,"[     11.893      14.957      9.9804      7.3045      4.7152      11.857      8.1876      18.106      6.5298      12.844      17.484       13.83      5.7192      15.299      5.8004      15.398      14.483      7.2625      11.362      5.5107      11.937       18.02       8.333      22.273       6.021       5.387
      10.681      10.872      5.7386      13.151]"
11,transformed_0.15000000000000002,RandomSampler,0.11820319410713849,"[      6.449      12.798      14.954      12.964      7.7401      9.7614      16.204      15.053      15.202      9.6856      9.8403      9.7177      13.024       12.02     0.48449      8.7043      17.985      11.507      2.5226      6.3568     0.55593      13.305      12.081      12.449      8.7593      10.377
      15.145      4.3574      12.215      14.917]"
11,transformed_0.15000000000000002,RandomSampler,0.0021606537113308525,"[     13.212      8.3899      16.035       10.42      10.737      18.465      7.6984      2.0368      15.439      12.692      12.824      1.0193      8.1185      8.0265      8.4821      7.8975      8.1703      10.235      4.3153      10.583      10.414      15.457        8.88      7.7547      14.034      7.5528
      10.906      7.3709      16.125      2.9926]"
11,transformed_0.15000000000000002,RandomSampler,0.0034679410673100768,"[     5.0331       10.19      12.979      11.203      10.384      18.471      5.6474      7.9583      9.3616       10.74      9.0059      9.9827      14.969      12.387      11.434      11.267      10.314      16.602      12.041      14.697      5.1266      10.954       8.927      11.155      7.4749      12.221
      13.748      14.366      5.7383      17.653]"
11,transformed_0.15000000000000002,RandomSampler,0.00011348653752788218,"[     5.9416      6.8059      3.6356      13.934       15.17      8.8191      6.7821      12.188      14.823      14.544      9.5783        11.9      14.002      7.0162      9.8979       10.24      10.135      7.4458      16.613   0.0040516       6.728      12.819      1.5389      13.003      11.439      10.221
      8.7708      14.719      3.4296      11.694]"
11,transformed_0.15000000000000002,RandomSampler,0.19461225254673611,"[     9.5066      6.9444      14.026      5.4123      13.327      5.9319      12.284      8.2064      11.469      6.0003      4.1365      7.0892      5.3686      11.047      13.557      10.614      11.198      12.691      7.9989      13.451      11.813      5.6709      4.3097      15.448      14.231       14.17
       9.782      13.399      16.284      11.475]"
11,transformed_0.15000000000000002,RandomSampler,0.015451007308032415,"[     10.075      5.2473      13.099      9.3392      15.165      18.337      11.576      11.433      13.076      11.649      11.822      9.5659      4.7281      10.204      7.6563      12.376       12.99       10.12      7.5188       3.113      14.974      5.0526       12.83      4.3368      6.7235      5.2899
      14.116      9.4647      11.284      13.485]"
11,transformed_0.15000000000000002,RandomSampler,0.0025512580843349837,"[     6.5413       12.35      9.1647      11.733      8.8501        5.63      9.2579      13.384      5.8268      9.3891      7.4128      7.1716       15.51      7.9413      3.7443      15.315      9.4074      18.262      12.043      18.139      4.1039      12.628      9.4964      14.136      9.2551      14.277
       17.73      14.785      11.122      1.3086]"
11,transformed_0.15000000000000002,RandomSampler,0.04853731285539722,"[     11.538      17.057     0.93691      15.876      6.2248      14.581      13.346      2.1954      8.2518      14.498      13.389       8.863      6.5033      5.8111      7.4532      8.4703      17.656      12.364      5.9645      8.9344      1.8108      19.534      12.948      9.9853      14.526      16.405
      9.5651      14.914      5.0347      16.316]"
11,transformed_0.15000000000000002,RandomSampler,0.04429416828622607,"[     15.394      14.534      4.4295      12.599       11.07      5.4423      1.5463       7.591      3.7153      9.4174      11.606      7.6325      10.536      12.896      14.251      5.2595      13.964      8.1831       11.98       7.093      10.085      15.038      14.205      11.654      16.083      18.146
       16.03      4.9975       13.62      16.006]"
11,transformed_0.15000000000000002,RandomSampler,0.01992906176316028,"[     10.609      10.875      7.2776      9.6116      9.9383      7.2861      5.9136      13.843      13.897      12.075      9.1067      10.993      7.4937      13.681      6.6059     0.21949      11.352        6.74      6.4183      9.2704      6.5667      5.2528       11.94      10.597  0.00037246      11.454
      10.994        5.94      7.9921     0.57692]"
11,transformed_0.15000000000000002,RandomSampler,0.04233899867823101,"[      9.892      7.1638         7.7      13.602      17.666      8.5606      13.949      14.577      1.1919      17.638      10.539      4.7305      9.8595      12.042      7.3891      2.1141      13.129      17.295      14.292       7.469      5.3513      12.328      8.7765      16.154        15.5       17.88
      8.1232      9.8541      8.6793       14.47]"
11,transformed_0.15000000000000002,RandomSampler,0.1742425709665038,"[     8.3227      7.9326      12.488       10.27      9.7096      10.843      1.6699      5.0168      6.7595      3.4621      16.621      10.817      11.202      10.496      6.5258      16.705       10.46       7.633      6.5316      11.646      15.588      8.4615      10.573       7.947      17.946      11.866
       4.303      11.716      9.5148      10.356]"
11,transformed_0.15000000000000002,RandomSampler,0.0023097668423584555,"[     5.1071      12.449      13.226      10.502      16.441      15.502      14.529      16.213      10.881      15.929     0.66555       2.576      15.521      9.8168      18.752       8.243        9.92       8.227      13.638      13.698      13.478      9.2764      7.8068      10.214      19.721      18.119
      15.996      13.181      7.8796      13.453]"
11,transformed_0.15000000000000002,RandomSampler,0.021610389683754127,"[       13.3      9.5305       16.61      13.672      8.5677      14.107      13.745      11.725      2.1917      1.0222      1.4887      11.515      9.1239      13.761      12.823      8.1024      6.6141      10.474      11.526      3.8809      16.974       12.42      15.399      4.6484      12.735      13.639
      14.757      13.749      15.007      8.6209]"
11,transformed_0.15000000000000002,RandomSampler,0.0007403381248518146,"[     11.687      11.464      15.702      12.233      15.909      15.268      13.923      12.773      13.908      7.9326      10.109      7.6338      10.377      6.3363      18.008      14.691       13.02      12.769      6.8494      14.448       16.17      10.384      8.1428       11.98      13.113      13.771
      12.548      11.722      9.2219       7.115]"
11,transformed_0.15000000000000002,RandomSampler,0.20562363829438712,"[     9.0916      7.8344      9.8824      12.862      16.332      1.8187      9.5858      11.352       15.64       6.621      7.6056      7.6737      8.5787      5.2731      10.528      10.223      1.0193      8.9032      10.711      1.1311      11.718      9.3688       16.09      8.9315      15.021       9.947
      6.2846       9.241      18.418      9.0252]"
11,transformed_0.15000000000000002,RandomSampler,0.06812375051155281,"[     11.672      9.3586      12.724      19.778      10.234      10.602      11.328      7.2866       6.823       15.08      14.195      6.9385      8.1586      8.1022      8.9652      11.016      7.9315      13.143      10.138      13.146      3.6042      7.3232      10.801      17.074      14.357      11.004
      9.5113       13.28      10.445      4.8339]"
11,transformed_0.15000000000000002,RandomSampler,0.0676019809405207,"[     12.882     0.29044      10.517      11.426      5.7733      12.015      3.6156      17.399      4.8253      12.008      5.6906      12.889      12.786      11.428       14.59          16      14.806      3.5393       13.69      3.2513      15.078      10.373       17.43      12.623      5.2399      17.066
      12.113      10.815      9.8323      11.367]"
11,transformed_0.15000000000000002,RandomSampler,0.12325959572531936,"[      8.065      11.081      6.5198      11.735      8.1037      6.6864       16.06       17.87      11.553      6.6506      4.7479      6.8419      11.649      11.121      9.0451      13.321     0.97813      16.435       14.18      14.497      15.576      13.247      10.491      9.7602      8.0245      10.306
      11.349      12.988     0.32839       9.317]"
11,transformed_0.15000000000000002,RandomSampler,3.0962393287335796e-05,"[     7.9803      16.692      7.9455      3.7988      8.5155      10.316      7.9068      12.108      7.9491      11.722      21.188       11.81      3.2233       6.354      15.563      10.413      14.052      6.2049      10.322      18.286      11.283      8.5637      11.796      14.511      14.292      11.581
      11.864      15.741      9.0799      13.375]"
11,transformed_0.15000000000000002,RandomSampler,0.00715872882364432,"[     17.754      8.8742      12.398      15.832       2.352      2.6563      10.923      16.052      10.098      11.462      7.7759     0.95866      14.403      12.312       6.842      10.418      15.517      7.7519      10.808      9.1475      15.946      0.4885      4.4635      7.0469      5.6808      12.842
      13.878      12.983      15.206      11.268]"
11,transformed_0.15000000000000002,RandomSampler,0.11452303251505594,"[     11.467      12.521      8.2277      15.454      11.751      10.644      5.8531      15.844      1.2203      9.5415      11.753      10.012      17.904      0.4979      3.4062        18.2      6.2133      8.9481      16.103      10.737      5.9552      14.352      8.6484      11.274      13.146      8.3158
      13.792      10.091      3.0777      8.8475]"
11,transformed_0.15000000000000002,RandomSampler,0.13389979732979762,"[     11.434      11.914      10.163      7.7209       13.98      11.596      8.4489      10.723      9.1029      6.6715      9.4197      5.4686      12.142       6.158      5.3897      12.643      10.156       9.692      16.071      12.944      13.443      6.3781      12.994      13.777      10.757      8.0484
      7.8446      15.031      8.7832      16.909]"
11,transformed_0.15000000000000002,RandomSampler,0.16511029127711171,"[     4.7336      9.2008      6.3701      10.713       10.84       11.31      9.3091       9.679      5.7982      13.769      7.3358      10.144      10.791      4.0809      15.956      9.0104      13.277      11.701       6.957      11.273      11.401      1.8315      15.836      13.731     0.90818       9.359
      13.548      12.032      18.476      5.9817]"
11,transformed_0.15000000000000002,RandomSampler,0.005312755401640827,"[     11.319      9.2969      6.5212      2.0492      13.561      15.139      14.463      9.4811      12.599      13.055      4.3932      6.8089      10.273      4.2397      8.9374      12.854       14.81      18.775      5.3858      8.6689      12.265      22.282      6.3587      14.347      12.698      18.588
      10.859      3.7603      20.267      13.411]"
11,transformed_0.15000000000000002,RandomSampler,0.011807766118545712,"[     7.3819      4.9645      1.7461      9.3769      16.358      10.005      2.9083      9.6465      5.0099      9.7557      6.6237      16.975      15.985      9.7864      15.096      11.278      13.143      15.075       15.48       13.55      2.6553      15.192      9.8645      6.8731      11.314      14.747
      14.605      9.9897      9.2183      18.131]"
11,transformed_0.15000000000000002,RandomSampler,0.0543018282471566,"[     10.976      10.228      12.573      14.722      7.9523      8.8035      11.175      6.8402      19.054      5.6436      11.209       9.415      9.0647      7.4543      20.391      2.6141      6.1271      14.009       12.29      5.0672      8.2463      5.9998      4.2807      10.292      12.267      8.8531
      8.7003      15.019      16.767        13.8]"
11,transformed_0.15000000000000002,RandomSampler,0.007414731781236325,"[     16.482      6.9937      14.044      9.9618      8.5889      10.082      17.197      8.3817      14.993      7.8798      10.023       15.21       14.55      7.3375      10.286      14.979      10.627      9.9365      9.2839      13.779      16.014      1.8356      9.7671      19.553      1.1073      9.8526
      4.3675      3.9518      6.5849      11.629]"
11,transformed_0.15000000000000002,RandomSampler,0.007322359981875439,"[     10.636      13.241      13.908      14.166      4.8257       12.26       14.54      2.9253       11.54      8.0219      9.7463      11.121      15.191      2.0766      5.4647       13.05      2.2358      7.8365      10.169       10.17      12.776      8.5974      1.1067        7.87      11.118      14.184
      15.157      11.597      10.647      17.488]"
11,transformed_0.15000000000000002,RandomSampler,0.002917295816215527,"[      14.81      12.253       12.99      6.2779      11.717      14.911      1.6031      5.4348      5.5375      8.4717       10.09      5.9837      9.3926      13.205      12.968      8.6595      12.126      9.9543      18.195      6.2119      11.878      9.3385       16.56      8.6768      10.876        11.6
      14.343       14.01      6.6877      15.791]"
11,transformed_0.15000000000000002,RandomSampler,0.030365268615430284,"[      12.13      14.219      7.4835      4.9112      3.7598      10.395      14.881      9.2046      10.344      9.4939      12.432      10.617      7.2495      13.999      12.895      11.487      15.291      2.4994      12.102      4.6042      15.346      10.264      16.239      14.717      4.8035      11.565
      13.017      5.9858       15.72      7.5213]"
11,transformed_0.15000000000000002,RandomSampler,0.006620145761405645,"[     4.8497      12.974      2.9635      8.8884      11.132      19.093      7.7776      1.0712      9.0121        7.14      9.3815      10.872      15.011      7.2979      10.413      18.561       12.86      6.0465       12.91      10.236      12.754      13.045      2.5698      10.913      6.8576      16.295
      16.799       14.63      3.4023      9.2209]"
11,transformed_0.15000000000000002,RandomSampler,0.03629981368374924,"[     12.351      13.163      11.441      8.5294      16.297      7.7374      12.723       18.36      6.3706      10.295      11.422     0.59682      7.8048      6.8993      10.335      9.3924      2.2182      8.4224      12.791      14.128      8.9384      13.209      11.664      15.635      7.7946       18.25
      9.0006       13.84      18.098        10.3]"
11,transformed_0.15000000000000002,RandomSampler,0.09030868353167977,"[     11.573      4.9333      12.942      13.687      14.404      4.1832      18.274      9.4991      12.209      12.817      12.387      10.906      12.708      12.084      2.8273      11.751      7.7225      6.1236      8.9192      10.712      6.7451      8.9909      7.0912      13.141      13.641      7.7535
      6.7214      13.715      12.071      13.182]"
11,transformed_0.15000000000000002,RandomSampler,0.00344013900726938,"[     15.662      3.2771      12.958       16.46      5.2927       6.093      8.9719      12.594      4.5743      13.971       7.599      13.408      5.5835       2.824      10.668       8.959      5.0926      5.3917      9.6543      15.677       9.804      12.999      18.063      7.1868      10.374      10.599
      18.983      2.6546      5.5566      8.9414]"
11,transformed_0.15000000000000002,RandomSampler,0.0051636970334031015,"[     7.5922      9.0521      12.782      9.4129      13.795      6.5835      16.136      10.494      8.6033      6.0454      16.599      5.8918       16.47      13.931      9.0578      9.4546      10.053       9.572      19.398       11.04      13.742      6.4135      11.792      9.4085      13.687      8.8453
      5.1716      18.487      10.092      5.6632]"
11,transformed_0.15000000000000002,RandomSampler,0.01706664487674417,"[     14.112      13.759      9.3031      7.9732      3.8937      18.588      13.234      3.8719      6.1897      5.7772      7.9832      10.438      13.093      11.079      11.865      12.097      6.6484      12.327      11.675      10.413       9.361      15.333      14.155      9.5424      7.7015      12.116
      9.1726      4.9042      3.6887      2.4804]"
11,transformed_0.15000000000000002,RandomSampler,0.00167697029466988,"[     12.935      12.746      9.7513      17.005      8.5817     0.84779       6.951      17.155       8.782      4.6949      14.872      13.313     0.73832     0.22565      17.085       5.048       17.27      10.795      9.5274      16.043      0.5835      13.608      10.052      5.4296      14.969        12.6
      9.1603      15.821      17.344      20.499]"
11,transformed_0.15000000000000002,RandomSampler,0.017583804948242125,"[      13.35       9.275      17.407      6.7535      17.533      10.098      25.687      11.039      0.5913      12.779      12.189      6.7274      8.4446      2.0866      14.109      12.574      10.673      5.6111      3.8706      10.062      14.611      6.0325      7.6041      12.984      11.254      10.241
      13.682       7.363      12.084      9.5308]"
11,transformed_0.15000000000000002,RandomSampler,0.007621660612359149,"[     14.691      13.515      14.857      13.399      11.628      6.5726      10.247      9.9268      9.3735      10.257      9.6059      7.4443      6.1685      13.168      9.0817      15.125      9.5483     0.13317      13.428      10.494      15.088      7.0816      11.018      13.054      9.6135      13.256
      8.2294      15.107      18.277      6.0819]"
11,transformed_0.15000000000000002,RandomSampler,3.1646617906142914e-05,"[     12.807      13.348      1.7285      10.728       6.502      15.508      7.0913      18.761      12.281      17.306      6.6724      13.303      17.169       8.146      8.2003      16.253      12.151      4.4144      16.782      9.8522      11.572      9.8299     0.92018       9.639      12.246      11.504
      16.619     0.95027        9.19      0.6464]"
11,transformed_0.15000000000000002,RandomSampler,0.004090583328862155,"[     10.702      8.9364      15.859    0.082418       4.141       5.529      9.1116     0.38246      7.3305      8.9364      10.091      8.9314      16.314      17.453      9.0727      5.3511       11.46      9.1538      5.0317      9.9728      12.335      6.6297          11      8.3934      18.105      5.2341
      8.1095      13.865      12.851      13.917]"
11,transformed_0.15000000000000002,RandomSampler,0.14972720315089702,"[     3.7744      9.7433      12.296      14.532      16.958      11.238      4.7707      9.1108      13.173      8.0972      12.877      10.246      14.326      8.1377      9.4466      6.7318      9.6574      6.0771      11.147      5.9792      7.2751      7.4819      8.9131         3.7      11.209       10.33
      10.396      11.336      4.4356      12.495]"
11,transformed_0.15000000000000002,RandomSampler,0.12113266864016417,"[     13.015      9.6095      10.941      6.7751      8.9259      15.594      11.469      10.543      12.935      8.6965      13.279      9.5852      8.3616      5.7508       8.542      12.119      9.1103      9.2676       16.66       9.432      15.646      8.8274      17.683      11.852       10.61      12.442
      1.7252      14.943      10.362      10.585]"
11,transformed_0.15000000000000002,RandomSampler,0.0052581057616274554,"[     11.162      17.342      8.0202      20.783      7.6113      9.4224      11.881      12.191      15.088      8.5395      4.1118      10.093       11.82        18.3        15.1      7.9686      12.648      16.512      8.9575      1.4022      4.0914      7.1075      16.114      15.796      16.296      4.4493
      13.821      15.414        15.8      15.817]"
11,transformed_0.15000000000000002,RandomSampler,0.04304093917504717,"[      10.24      13.723       15.02      13.158      17.393      8.7528      12.011      15.603      6.5332      17.492       2.147      14.956      9.0723      10.833      12.381      14.141      10.883      11.075      9.3676      12.712      16.935       10.89      3.4156    0.010915      7.6678      7.8398
      3.1406      15.975      18.318      16.645]"
11,transformed_0.15000000000000002,RandomSampler,0.038490400660845685,"[     4.5972      6.2572      10.384      12.463      13.543      9.4564      21.962      4.3923      2.3949      4.7659      10.222      10.179      8.3796      10.832      9.0975      15.045      6.4787      8.8061      11.583      11.223      15.678      12.615      17.635      11.097      15.131      11.032
      7.0041      6.5094        10.1      13.456]"
11,transformed_0.15000000000000002,RandomSampler,0.06268741382310451,"[     8.8541      13.183      7.0385       15.29      14.085      11.464      17.641      9.5322       10.07      13.401      2.6885      15.832      7.7029      12.755      12.433      12.982      12.032      5.7454      16.632      15.619      8.4669      15.149      14.124      14.188      8.1112      13.425
      14.484       10.77      9.8778      12.309]"
11,transformed_0.15000000000000002,RandomSampler,0.023054826319845942,"[     9.8638      8.7821      16.167      13.541      16.219      18.249      12.935      7.1545      8.0089      15.275      9.5484      12.897      10.845      10.963      13.131       7.353      12.119      9.7868      11.671      12.508      6.8397      14.336      12.403      9.6868      10.551      4.6044
      2.1732      5.7339      15.145      9.5617]"
11,transformed_0.15000000000000002,RandomSampler,0.0121222417635141,"[     7.7452       12.22      10.236      13.393      3.7654      7.2117      9.1888      9.0607      12.221      12.909      10.322      5.2038      18.445      14.495      7.5962      9.8851      15.376      8.8832      9.2006      8.7386        14.8      14.861      11.898      12.314      14.361      2.5202
      8.9532      10.247      10.386      1.3803]"
11,transformed_0.15000000000000002,RandomSampler,0.06878131828650962,"[     9.1551      9.8347      6.5051      13.973      14.587       6.134      7.3825      17.132      5.1773      7.1444      9.9737       12.67      4.5428      12.255      14.277      15.269      15.512      17.084      5.2665      2.8023     0.17757      9.9091      13.573      13.175      9.5313      6.4972
       14.56      8.5357      12.269      8.0981]"
11,transformed_0.15000000000000002,RandomSampler,0.23398849004562752,"[     12.362      13.417      7.8113      9.3036      9.0059      13.113      11.747      15.096      8.2644      12.318      4.8569      7.3398      3.5239      11.361       9.938       13.55      16.711      11.201      14.444      13.147      15.798      7.6405      10.119      10.953      10.145      18.562
      16.384       9.444      7.4896       14.53]"
11,transformed_0.15000000000000002,RandomSampler,0.6691042764030606,"[     18.962       8.276      12.751    0.075059      1.7147      8.6708      13.263      17.878       5.025        15.7      6.7928      12.575      8.6153      7.1252      7.4406      3.9377      13.716      15.196      2.0164      14.215      13.117       10.38      5.4894      8.9565      12.283      20.442
      17.695       5.572       8.007      13.884]"
11,transformed_0.15000000000000002,RandomSampler,0.1271661908247608,"[      12.22      6.3638      14.024      6.5329      13.549      12.497      7.6117       17.41      7.7936      11.234      16.352      10.991      10.412      10.183      4.4907      4.0714      5.4415      5.5674      14.802      19.201       9.858      16.367       9.128      13.257      16.419      11.196
      15.163      7.6568      9.7304      17.474]"
11,transformed_0.15000000000000002,RandomSampler,0.0026658559050451013,"[     19.487      6.6769      10.839      11.837      16.168      8.2469      7.5734      11.308      11.246      17.493      13.414      14.985     0.14529      9.3979      15.911      5.8266      12.359      10.163      8.5837      12.639      17.427       17.17      12.318      10.801      16.432      8.5778
      9.7252      5.7922      10.241      11.439]"
11,transformed_0.15000000000000002,RandomSampler,0.004222290754511461,"[     12.523      6.1186      14.856      13.173      16.544      10.425      8.1747      8.7895      13.179        9.28      13.114       5.782      13.348      11.841      13.426      6.0202       11.99       12.05      17.687      14.018      10.425      16.454      11.912       6.298      8.7183       6.812
      10.532      1.2431      8.0604      13.205]"
11,transformed_0.15000000000000002,RandomSampler,0.0028157593333275176,"[     10.802      17.891      8.1012      9.0019      8.8212      7.4023     0.96815     0.10956     0.68943      8.5032      3.6416      13.736      11.528      8.6715      4.4087      6.3575      14.422      12.399      5.9524      10.129      11.286      14.522      11.516      8.2928      15.797      8.7811
      10.229      13.892      11.105      10.211]"
11,transformed_0.15000000000000002,RandomSampler,0.009020833303078136,"[     8.8576      1.4281      11.248      7.3393      11.991      14.041      7.9038      10.763      5.9448      7.7895      7.9147      6.0266      17.741       12.06      17.125      6.1701      11.279      7.6184      8.6444      16.229      6.3523      3.6915      17.773      7.1377      8.4109      7.6747
      10.195      12.872      8.7925      11.163]"
11,transformed_0.15000000000000002,RandomSampler,0.05539048446315082,"[     13.118      1.5974      7.2981      8.9694      11.655      10.844      14.904      7.2339      10.505      10.921      7.7417    0.045063      10.345      15.608      13.879       8.142      8.0627      7.9442      14.515      12.754       14.16       3.835      17.532      7.5149      16.504      14.213
      12.812      11.951      10.954      4.0899]"
11,transformed_0.15000000000000002,RandomSampler,0.007194812085238461,"[     10.794      2.2452      7.9723      17.206      11.954      7.7454      7.2793      10.139      15.413       14.92      12.966      12.647      15.542     0.12454      7.7714      15.897      5.6709        10.9      11.235      12.285      6.3247      8.9937      1.4378      7.9308       4.362      12.442
      15.812      9.2736      1.9095      8.4362]"
11,transformed_0.15000000000000002,RandomSampler,0.05981661072931359,"[     12.353      10.205      11.455      17.162      6.2754      13.077      12.395      19.937      13.464      11.034      16.055      15.064      1.2439      3.9946      12.831       10.48      15.288      9.1582      5.9657      8.3463       12.27      11.072      10.939      17.493      5.9498       5.666
      9.7999      5.4292      11.157      16.613]"
11,transformed_0.15000000000000002,RandomSampler,0.00848155103450109,"[     7.9477      9.6571      11.332      2.6924      10.598      6.3073      2.6529      9.8922      17.882      10.048     0.14842      11.037      7.4798      9.1141      13.764      15.093      19.345      19.995      8.0845      16.779      9.0494       15.57      11.169      10.244      11.064      8.1066
      12.255      5.5877       10.99      11.131]"
11,transformed_0.15000000000000002,RandomSampler,0.03962833711264042,"[     6.5079      13.539      16.151      10.129      9.4675      14.528      13.503     0.73844      2.0922      11.828      8.4163      16.032       11.58      10.145      7.6615      10.186      2.1987       16.56      14.731       10.91      12.363        15.3      11.577      8.3179      12.963      12.877
      13.632       6.233      17.307      8.3091]"
11,transformed_0.15000000000000002,RandomSampler,0.21344604115542795,"[     10.644      11.343       9.543      8.5265      11.979      5.2201      12.929      15.089      11.764      8.8567      10.889     0.12144      11.818      8.1724      6.8307      12.929      10.275      5.1902      10.343      7.1825      13.865      9.9005      14.817      18.074      4.4472      12.717
       3.201      7.7056      19.231      5.8627]"
11,transformed_0.15000000000000002,RandomSampler,0.00031114746206906715,"[     10.781      8.9058       12.81      9.8516      4.6443      7.7861       5.003      1.0927       13.43      6.3337      6.5346      9.1745      9.1901     0.79476      5.3458      12.964      13.433      5.0259      6.3141      5.2884       9.976      11.372       9.765      5.2287      12.907      8.6807
      10.425      9.5256      9.2012      9.8613]"
11,transformed_0.15000000000000002,RandomSampler,0.06195895257940735,"[     4.0527      9.4369      7.0656       13.89      8.8601      12.061      10.792      8.4922      11.629      18.266      13.313      9.6328      2.5859      13.929      6.4276      10.879      7.5079      13.277      12.221     0.88817       10.43      13.625      9.0291      11.236      12.979      15.873
      8.5403      10.608      5.8662      15.116]"
11,transformed_0.15000000000000002,RandomSampler,0.13072307988383916,"[     11.142      9.7136       16.28      9.8826      7.1691      6.6661      22.061      3.8737      13.795      10.552      7.9042      12.697       6.049      7.5809      12.241      11.252      10.716      14.942      5.0249      16.154      14.908      6.1183      4.9732      8.2186      14.437      11.214
      7.1364      8.6011      10.539       16.63]"
11,transformed_0.15000000000000002,RandomSampler,0.00040990035919651876,"[     16.077      9.2356      14.116      13.299       10.39      13.785      10.631      10.335       11.35       11.76      6.8394      7.5128      8.2863   0.0030626      12.846      4.3262       15.31      16.729       14.82      11.984      4.8175      4.8759      9.6665      9.5422      11.958      1.2661
   0.0093873      14.197      12.607      7.1286]"
11,transformed_0.15000000000000002,RandomSampler,0.0036100616682211897,"[     9.6096      9.0429      9.2843      9.7086      14.852      3.5768      7.4856      9.4909      10.268       7.819       13.51      11.099      11.706      11.655      11.944      6.4652      18.498      9.2047      10.676      8.3714      16.072       6.796      17.366      6.0905      9.5143        14.4
      0.4772      12.978      15.582       8.233]"
11,transformed_0.15000000000000002,RandomSampler,0.21377739399238804,"[     3.6852      22.528      2.7504      5.2934      5.5249      4.8649      3.5941      4.8233      3.9432      9.2158      10.211      17.259      8.5728      4.5283      5.5978      10.815      10.199      12.405      10.788      6.5022       15.13      7.8935      14.307      7.8981      22.401      17.926
      11.645      2.0341      11.273      17.178]"
11,transformed_0.15000000000000002,RandomSampler,0.18288395437615837,"[     12.468      4.2414      8.1076      16.749      10.464      17.104      7.9904      9.0022      15.094      9.1002      14.414      14.584      12.542      8.8047      7.6908      9.1891      12.972      13.199      14.159      6.7701      11.989      11.547       8.733      11.164      11.755       16.17
      11.062      2.9034      12.885      13.179]"
11,transformed_0.15000000000000002,RandomSampler,0.05853849700166453,"[     15.073      4.2983      15.312      14.211      5.7239      10.498      17.049      8.6867      14.473      9.3096      9.8184      16.551      12.421      12.216      10.484      12.531     0.21497      7.8708      13.021      9.6819      8.4596       12.74      15.136       11.15      6.8986      7.3611
      7.3554      7.4117      11.221      10.872]"
11,transformed_0.15000000000000002,RandomSampler,0.009827817066438134,"[     15.925      13.735      12.378      12.967       15.91       16.52      8.3409      3.6099      8.2959      4.3039      13.801      14.347      9.8407      13.482      12.257      18.971      7.6815      11.195      3.7592      13.873      9.1349      2.0989      9.5769      12.561      15.414      16.022
      8.5855      7.5848      5.8011      12.257]"
11,transformed_0.15000000000000002,RandomSampler,0.004927948251613229,"[     11.491      17.301      7.1839      15.103      13.705      11.738      14.465      10.083      12.774      11.608       7.122      8.2814      9.0932      15.023      14.233      12.109      14.796      5.9959      14.298      12.472      16.978      9.0718       12.12      10.835      13.249      12.814
      2.0502      17.523      10.028      6.0434]"
11,transformed_0.15000000000000002,RandomSampler,0.017423216133908383,"[     4.8658      7.1867      17.847      5.1177      14.298      13.902      9.2467      14.937      8.2498      15.724      6.0255      10.898       12.33      10.691      10.789      10.466      11.178      8.0673      11.875      7.4511      12.056      11.688      1.1463      12.271      6.2683      11.638
      13.789    0.063417      9.9935      11.775]"
11,transformed_0.15000000000000002,RandomSampler,0.3205271389770675,"[     15.169      12.625      16.743      13.702      8.7688      14.132     0.31105      12.429      10.777      14.261      16.635     0.99173      12.319      4.7977      10.331      15.776      9.2821      12.248      12.678      13.836      17.739      4.0313      11.557      15.179      13.622      12.328
      15.925      10.804      11.216      11.134]"
12,transformed_0.2,ClassOrderSampler,0.031358192124086526,"[     3.1819       10.33      7.5184        6.43       12.48      8.9876       9.393      10.878      3.7098      8.3171      4.8926      9.4273      8.9696      9.8065      11.081      8.1544      5.7335      5.6227      6.3802      10.846      9.0365      9.3273      8.8996      9.6276      7.6621      8.3722
      5.2624      9.5551       6.873       5.876]"
12,transformed_0.2,ClassOrderSampler,0.12113266864016417,"[     9.5176      4.2153       9.128      7.4061      7.7889      5.7119       5.892      10.725      8.8386      6.6258      3.8676      10.792      9.6433      8.8881      7.0994      11.244      11.475      7.0221      12.986      13.292      4.6682      10.132      9.6424      13.342       10.25       9.601
      9.9324       12.92      13.531      11.273]"
12,transformed_0.2,ClassOrderSampler,0.00397315323205852,"[     13.368      8.1422      12.923      8.4478      10.955      8.7825      11.936      12.344      9.3119      9.6226      10.463      9.7137      10.347      11.196      9.7477      12.753      11.236      8.6268       8.961      12.667      12.479      10.597      12.035       9.245      11.793      12.152
      12.439      10.685      10.297      15.619]"
12,transformed_0.2,ClassOrderSampler,0.4612858361420177,"[     11.414      5.1997      15.213      9.2081      11.708      7.9601      9.3558      9.8754      7.3527      9.5373       7.524      8.1515      11.103       8.789      8.9372      12.948      8.5843      5.6491      9.9225      9.3362      6.8213      7.6954      8.3522      12.152      11.121      7.3413
      10.003      7.2518      7.4677      6.7845]"
12,transformed_0.2,ClassOrderSampler,0.01979432588131193,"[      9.616      12.827      7.4561      10.288      10.066      9.9909      9.5836      7.1217      8.2011      7.9806       9.287      13.113       8.221      7.8906      11.071      8.0343      9.3408      13.233      8.6077      7.4994      9.4977      7.5458      9.4369       8.588      7.7547      4.8778
       8.904      9.9969      7.2889      13.239]"
12,transformed_0.2,ClassOrderSampler,0.0033130862740186296,"[     8.1636      8.9601      10.198      15.825      9.5192      13.118      13.778      12.374      15.932      9.6048      15.091      12.779      13.634      12.258      15.632      16.217      15.511      12.658      15.252      13.572      15.042      13.186      16.265      18.994       13.23      14.987
      16.803      11.974       12.97      14.376]"
12,transformed_0.2,ClassOrderSampler,0.02200070630844483,"[     15.141      11.974      12.734       12.82      12.885      12.034      11.758      14.724      14.314      12.355      12.469      14.199      12.784       12.61      16.836      13.545      16.771      13.213      11.845      13.967      13.117      15.953      12.813      12.805       13.77      13.815
      14.739      8.8743      13.088      10.739]"
12,transformed_0.2,ClassOrderSampler,2.7451796796998094e-06,"[     11.906      15.562      11.643      13.721      13.522      10.638      14.431      11.615      11.509      12.921      11.263      10.907      12.117      14.245      12.244       13.27      12.989      14.597      13.617      11.788      11.909       13.05      12.584      10.112      11.478      12.317
      11.975       14.23      15.221      11.933]"
12,transformed_0.2,ClassOrderSampler,0.00048822181386107104,"[     13.813      12.543      15.386      11.495      11.979      11.878      12.283      12.363      12.099      12.229      14.529      14.595       18.03      16.942      15.235      17.031      15.021      17.814      11.403      20.252      13.263       13.22      15.172      19.393      15.264       14.01
      15.441      15.661      17.839       19.16]"
12,transformed_0.2,ClassOrderSampler,0.0009833694395962264,"[     19.351      16.414      17.429       13.92      16.654      14.303      15.799      19.311      13.345      15.798      19.242      14.058      13.974      12.652      17.924      17.438      11.872      14.667      13.836      19.456       20.87      15.963      12.855      14.521      14.006      12.737
      11.631      12.429      10.071      11.188]"
12,transformed_0.2,ClassOrderSampler,0.06367007844096757,"[     15.432      9.9927      12.187      15.242      11.454      13.792      13.248      10.985      14.696      11.757      10.368       11.27      8.4614      10.033      12.493      12.275      11.603      9.5264      11.614      10.569      11.242      12.701      11.728      14.261      15.156      11.972
      11.011      12.609       11.48      13.972]"
12,transformed_0.2,ClassOrderSampler,0.002259037961579655,"[     13.228      13.933      13.749      10.967      8.8647      11.203      11.591      12.074      12.682      12.582      11.614      11.221        12.4      15.615      10.207      14.534      12.131      12.768      9.3403      14.349      8.7115      9.6688      15.877      12.085      6.3747      8.0789
      6.4565      9.3337      6.6626      11.657]"
12,transformed_0.2,ClassOrderSampler,0.003156034736697249,"[     8.7501      8.9278      19.326      5.3798      13.076      9.4305      8.0047      10.961      4.6788       7.122      8.8815      5.0361      11.153      8.1411      9.9569       7.601      10.035      4.2389      13.375      7.0521       5.419      9.1387      10.101      8.2274      6.2607      11.493
      11.487      7.1682      11.152       8.854]"
12,transformed_0.2,ClassOrderSampler,3.60627971169966e-05,"[      9.044      8.9078      9.4985      7.4331      5.9438      7.7853      8.7726      8.6573      5.4161      11.445      10.295      7.6254      10.496      10.326      11.243       8.503      9.4631      8.9894      11.582      10.979      10.074      7.4946      11.673      10.985      9.3331      10.083
      9.8081      10.982      8.0469      8.5488]"
12,transformed_0.2,ClassOrderSampler,0.0005929391764616146,"[     13.096       12.36      8.7521      9.6552      8.5556      11.864      9.5148      9.6797      8.3908      9.5214      8.3609      10.975      9.0271      11.846      7.4417      11.498      10.461        9.31      9.2498      8.7739      8.7696      9.8574      11.151      10.283      8.0389      11.092
      10.096       8.505      12.356      10.502]"
12,transformed_0.2,ClassOrderSampler,0.00536794591204977,"[     11.072      9.3483      8.7458      10.453       11.31      10.599      11.063      9.4304      12.616      7.3445       13.04      10.881      10.231      11.404      10.397      10.377      12.832      6.7559      9.5792      11.658      12.917      7.4969      8.1866      17.052      16.404      8.7981
      10.831      11.634      14.762      13.931]"
12,transformed_0.2,ClassOrderSampler,0.016297400580652592,"[     8.9463      14.337      8.1357      6.8149      14.945       8.343      7.4537      9.9662      12.204      9.2245      10.415      9.9472      9.8989      9.3372       8.819      5.9372      5.3992      10.253      9.2441      9.6497      12.851      6.2584      4.9405      2.2036       10.95      8.6953
      6.6069      5.9352      7.9123      5.5796]"
12,transformed_0.2,ClassOrderSampler,0.022397152357156225,"[     5.3096      5.6687      7.1109      9.5916      2.8053      6.6791      7.4845      4.4682      8.8572      5.6301      8.3553      8.8119      7.0829      8.0055      5.3785      9.1549       6.721      6.8426      5.7016      4.7035      7.7857      4.9761      7.1822      7.4301      7.0999      8.3337
      5.9428       7.746      11.951      5.5322]"
12,transformed_0.2,ClassOrderSampler,0.008111464597677044,"[     5.9156       3.532      4.4706      6.2423      8.8904      1.9095      7.9863      10.606      9.5263      7.0977      11.106      10.476      11.864      11.374      10.218      10.121      10.597      8.6093      8.7954      9.7696      9.5777      10.761      9.0025       8.893      9.4897      9.6384
      13.208      9.7706      10.076      8.8748]"
12,transformed_0.2,ClassOrderSampler,6.156358170011805e-05,"[     8.7081      11.452      9.5098      7.4489      8.6588      9.6144      10.459      7.9105      10.161      8.2643      7.3372      8.5452      8.6949      9.6868      9.4442      9.4848      12.993       7.854      10.212      8.4382       7.141      10.462      10.245       9.137      11.214      10.965
      11.342      8.1774      9.6448      14.171]"
12,transformed_0.2,ClassOrderSampler,1.4291766330560604e-05,"[     15.149      14.797       15.43      15.798      16.069      12.656      14.738      17.052      14.898      16.432      14.549      15.708      16.795      14.995      17.621      15.577      14.998      14.653       16.43       12.05      16.128      14.959      17.153      14.869      15.341      15.753
      15.451      15.299      14.089      16.147]"
12,transformed_0.2,ClassOrderSampler,0.0002826147194562631,"[     15.652      15.593      16.223       14.08      14.851      12.852      13.455       15.39      14.517      16.485      16.136      15.968      15.142      14.246      16.471      15.242      15.104      14.796      13.374      15.771       15.39      15.515      14.108      15.334      12.342      14.319
      14.275      11.176       14.46      15.237]"
12,transformed_0.2,ClassOrderSampler,0.009451192649589,"[     19.119      14.056      14.552      15.887      14.826      13.112      13.719      15.444      14.847      15.041      14.983       15.45       15.52      14.735      17.423      13.805      12.869      15.665      13.672      13.847      14.649      15.679      13.925      12.589      13.855      14.363
      14.763      15.726      13.048      12.156]"
12,transformed_0.2,ClassOrderSampler,0.061118266948260405,"[     14.946      14.593      14.301      18.392      14.752      15.528      16.357      16.741      17.061      11.807      15.224      13.072      14.433      14.793      16.996      13.798      14.008      10.307      18.293       15.89      11.637      13.264       11.01      13.467      15.468      10.789
      15.768      14.456      13.368      13.735]"
12,transformed_0.2,ClassOrderSampler,0.10109279081157217,"[     16.446       12.16      13.599      14.007      15.468      12.796      16.095      13.198      14.569      12.907      12.554      11.279      16.071      13.731      13.442       15.78      17.126      16.935      16.731       15.48      15.137      11.615      12.394      18.592      12.359      15.025
      13.707      15.503      16.105        12.2]"
12,transformed_0.2,ClassOrderSampler,0.0004163831156918603,"[     12.557      14.677      15.957      12.563      14.011      19.138      11.538      16.509      17.221      14.708      16.043      17.454      15.446       18.22      17.767      14.501      15.451      16.204      15.237      19.581      14.277      17.567      14.218      15.075      14.802      17.021
      13.535      16.586      18.037      13.808]"
12,transformed_0.2,ClassOrderSampler,0.00014662925638375343,"[     15.139      18.205      19.583      14.548      14.205      15.389      16.633      14.892      13.903       15.14      16.857      15.461      18.892      15.683      15.842      14.183      14.396      17.977      10.195      13.075      13.343      9.1863      11.881      10.902      12.559      14.073
      12.537      8.1017      10.289      12.657]"
12,transformed_0.2,ClassOrderSampler,0.06076092338214703,"[     11.327      17.269      12.732      9.6883      14.349      7.8076      13.929      9.0875      9.9683      10.852      11.377      11.229      9.7493      15.282      15.084      9.4712       15.45       12.09      13.833      12.001      12.623      10.443      14.863      12.109        13.1      11.475
       9.334      10.629      9.7719      12.444]"
12,transformed_0.2,ClassOrderSampler,0.0006207862019911123,"[     12.767      13.351      13.229      11.866      8.9125      13.629      11.923      9.9692      12.708      13.081      13.016      12.572      11.784      13.222      12.188       14.15      14.343      15.637      11.291      13.031      10.283      11.929      14.915      11.989      13.129      15.275
      13.276      15.025      11.525      13.425]"
12,transformed_0.2,ClassOrderSampler,0.0010711778629641138,"[     15.468      12.563      15.918      16.548      11.483      12.411      12.852      14.872      15.015      10.889       13.89      12.847      13.434      13.964      10.979      11.256      12.561      13.296       14.57      11.102      12.551      13.303      13.209      13.865      12.441      12.751
      12.345      12.277      12.283      12.429]"
12,transformed_0.2,ClassOrderSampler,0.001981159368220227,"[     13.228      12.716      14.696        13.9      5.8521      4.3037      4.5733        7.58       7.694      3.8129       6.277      6.9774      4.2405      7.6077      7.0284      7.2021       8.016      7.5841      7.5495      6.9216      5.7089      8.9142      5.0007      6.0347        5.25      4.5925
      4.2374      7.3808      4.1842      6.3499]"
12,transformed_0.2,ClassOrderSampler,0.04465772900763028,"[     3.0693      4.0595      5.5214      5.6183       7.707      4.7873      4.3566      7.2482      4.7645      5.5532       5.514      6.7243      3.5448      5.2724      7.1446      7.9531      7.5649      6.5831      13.171      14.766      16.026      15.235      18.279      14.924      13.768       16.52
      21.094      15.283      16.797      15.523]"
12,transformed_0.2,ClassOrderSampler,0.005550865831484879,"[     14.636      13.371      13.632      13.401      15.999      16.188      16.599      14.729      16.228      13.834      15.857       15.06      18.119      17.136      18.065      15.348       16.93      15.673       15.05      14.841       15.15      15.155       14.75      14.496      16.223       13.84
      15.677      17.015      15.131      13.478]"
12,transformed_0.2,ClassOrderSampler,8.871373427052432e-05,"[      14.07      15.241      17.586      13.631      17.425      15.394      17.199      13.508      15.092      12.506      13.666      16.946      13.145      11.879      13.817      13.803      15.263      15.382      10.163      10.669       14.08      12.392      13.727      16.629      16.161      12.696
      14.121      9.6849      12.894      12.663]"
12,transformed_0.2,ClassOrderSampler,0.007717406229315131,"[     12.404      12.168      12.973      11.303      2.5152      10.861      11.888      15.105      18.641      11.009      11.402      14.662      16.131      14.677      10.212      11.848      10.773      17.072      13.536      11.544      15.658      14.177      9.8765       16.95      15.819      20.121
        19.3      16.606      14.208      17.379]"
12,transformed_0.2,ClassOrderSampler,0.00893253402811665,"[     15.715       15.96       15.57      16.264      19.485      17.372      16.306      18.167        16.7      20.503      16.494      16.427      13.562      14.558      18.618      14.685      16.886      13.854      17.152      19.259      14.128      15.128      17.965       17.66      14.657      15.805
      16.469      15.677      15.584       13.82]"
12,transformed_0.2,ClassOrderSampler,0.08325152018410845,"[     16.074      15.554      17.855      15.777      17.244      14.982      14.006      14.657      16.636      16.644      16.933      18.116      18.181       16.47      13.719      15.638      9.5048      8.4189      11.384      14.804      13.684      10.566      11.385      10.754      12.393      7.9959
      7.3515      9.0045      10.874      9.2619]"
12,transformed_0.2,ClassOrderSampler,0.02352006649951846,"[     10.585      12.412      10.423      12.421      7.2822      10.154      8.9003      10.797      5.6009      11.464      10.423      9.6898      7.7262      12.428      10.511       10.35      7.5039      9.9485      9.4968      11.135      8.9129      8.3028      8.6202      10.967      10.894      9.3682
      10.427      10.382       13.26      9.0072]"
12,transformed_0.2,ClassOrderSampler,0.008091350099823591,"[     1.7609     0.28176     0.40527     0.12264       3.379     0.23722      7.6754      1.5082     0.45086      2.5296      5.9096   0.0033984      1.6151      1.8038     0.73332       4.336     0.10258    0.094164    0.067639      2.1522     0.12331      2.2731       2.046      3.4736    0.068058      7.7999
      2.3184       0.834      1.5818     0.50599]"
12,transformed_0.2,ClassOrderSampler,0.00157054121375707,"[     2.0416     0.05532    0.010755      1.7734      3.9358      0.2186      1.7591      3.5277      4.4543     0.93195     0.16225   0.0027004     0.05853    0.061345      2.7866      2.7569      0.5281      3.3633      0.2185     0.32561      1.4914      0.7451     0.18383      4.6159      8.8981      11.255
      11.545      14.692       4.935      4.8996]"
12,transformed_0.2,ClassOrderSampler,0.0021486331632097197,"[     7.3023      10.322      11.404      13.223      5.4654      8.2544      8.4447      3.9568      12.042      8.7075      9.5299      11.399      12.891      10.257      6.0338      8.6284      8.9767      8.3508      15.761      11.233      15.671      11.157      10.103      5.0016      12.683      6.4036
      12.293      9.7929      12.915      10.301]"
12,transformed_0.2,ClassOrderSampler,0.009614330390673189,"[     6.9514      7.5986      6.8643      11.249      7.8647      12.109      10.725      11.415      9.6578      12.639      7.0668      12.359      7.6801      10.892      12.103      15.518      11.072       14.43       12.12       8.213      7.7403       10.68      8.7262      4.8208      10.333      7.9766
      8.5946       9.754      7.4522      9.2778]"
12,transformed_0.2,ClassOrderSampler,0.00710492527399516,"[     9.7788      8.2979      8.9401      7.2234      10.939       8.169       13.46      4.9828      10.444      8.3785      7.0235      8.3858      7.7213      9.4162      8.3039      8.5335       7.303      5.6715      9.1963      12.256      8.0922      8.3008      9.4315      4.6842      9.2169      6.2837
      7.2597      7.5846      6.6576      9.4313]"
12,transformed_0.2,ClassOrderSampler,0.0004973956064193208,"[     5.2105      7.5602      7.6364      7.2974      11.424       9.648       9.093       10.29      15.297      8.9728      8.0289      7.2356      8.4592      12.302      12.949      7.4207      7.6989      9.1539      12.343      7.0818      7.1884      7.2438      11.147      6.2073      13.636      9.1645
      7.4627        11.3        6.34      11.576]"
12,transformed_0.2,ClassOrderSampler,0.0001686580268815839,"[     10.545      8.3453      11.903      8.0952      10.046      11.402      6.1079      9.2642      10.242      8.4008      4.6652      8.8025      9.4807      10.152      5.2561      12.246      8.3348      8.1153      9.8436      10.314      7.4672       8.504      6.9212      9.1761       11.27      6.6198
      13.642      12.465      12.893        12.1]"
12,transformed_0.2,ClassOrderSampler,0.00010038171910583908,"[     12.386      14.228      14.832      13.439      12.537      16.001      13.152      12.626      12.051      15.105      12.433      12.662      12.069      12.153       12.14      12.277      11.934      14.333       13.51      11.472      10.738      12.772       11.98      13.042      13.788      10.434
      12.564      11.526      11.616      13.198]"
12,transformed_0.2,ClassOrderSampler,0.00010601906856717347,"[     13.316      12.057        11.6      14.348      13.408      13.169      11.777      12.573      13.607      12.686      10.658      14.719      12.574      12.175      11.623      11.526      13.828      13.281      10.468      12.299       10.55      9.8767      6.8057      12.271      14.622      16.469
      7.9018      8.7698      13.333      11.297]"
12,transformed_0.2,ClassOrderSampler,0.00344013900726938,"[     16.986      9.8334      10.539      10.051      12.717      7.2392      10.451      10.889      4.2194      6.3726      9.5723      8.9716      10.052      4.2081      7.8705      16.567      11.732      10.652      9.9841      11.232      11.328      11.335      13.477      13.501      14.374      10.914
      10.044      9.8682      16.345      10.944]"
12,transformed_0.2,ClassOrderSampler,0.001333106861208234,"[     11.767      10.983      11.717      11.445      12.051      15.086      16.267      5.6017      12.709       13.83      13.446      15.731      14.542        12.8        14.7      14.541      14.935      12.719      13.988       14.37      14.311      15.061      13.117      16.497      17.422      13.774
      14.076      15.996      15.783      14.822]"
12,transformed_0.2,ClassOrderSampler,0.0026295399429147664,"[     15.926      13.284      14.692      13.381      15.913      14.377      13.028       13.21      15.233        15.2      15.287      18.221      13.888      14.279      14.601      15.081      14.293       15.54      14.409      14.509      17.113       16.29      14.056      14.718       12.97       15.42
      13.384      16.167      10.814      8.6886]"
12,transformed_0.2,ClassOrderSampler,0.0015795439184888673,"[      9.707      15.434      11.119      10.514      9.8669      9.8569      10.176      10.966      9.9595      9.7212      9.8085      11.664      9.9366      10.582      10.674      13.498      11.292      12.666      11.884      12.809      10.117      9.2742      11.378       10.73      8.7183      9.6597
      10.124      8.5377      10.326      12.514]"
12,transformed_0.2,ClassOrderSampler,0.0022402818756001325,"[     12.144      9.8866       13.35      13.252       10.78      8.9269      10.224      10.019      9.6221      12.375      10.993      10.783      6.7891      9.0226      9.7532      7.3944      10.119       8.724      8.4402       9.252      10.708      8.0125      8.5961      6.9017      10.048      5.3895
      6.7975      8.8114      9.1627      6.7019]"
12,transformed_0.2,ClassOrderSampler,1.8881040830904227e-05,"[     7.8812      9.4725      9.0057      8.9194      8.7598      8.2054      7.2497      7.4816      8.8487      6.8271      9.1971       7.617      8.2577      10.336       9.528       8.739      8.5752      8.5636      8.6425      11.057      8.9811      6.1687      8.7768      10.851      6.5054      8.0532
      9.4107      7.4643      7.7433      9.0267]"
12,transformed_0.2,ClassOrderSampler,0.01607272608874291,"[     6.8957      9.9173      8.8062      10.205       8.129      7.9128      9.4418      7.9061      4.3444      7.6406      2.8484       8.778      4.6274      2.6795      6.7328      5.7018      6.9833      5.3147      1.6325      5.4631      7.2029      3.2898      5.1428     0.56533      2.0294      5.2417
      9.0649      4.7537      6.7107      5.2164]"
12,transformed_0.2,ClassOrderSampler,0.010570601802915712,"[     1.6549      5.6493      10.655      5.9556      3.6535      3.7953      1.8873      3.2746      7.3561      3.6844      3.4659      4.9567      3.0952      1.9508      5.6565      3.0455      1.8582      2.8019      4.6409       1.912      7.9534      5.2062     0.76477      1.1412      3.2233      2.9812
      1.0641      4.7063      2.3363      1.4958]"
12,transformed_0.2,ClassOrderSampler,0.0007982025289043452,"[     1.4891     0.27228      4.5481     0.76697      2.6684      1.3524     0.62343      2.8108     0.11754     0.55001     0.18583      1.1693       2.061     0.98855      5.5153     0.42211     0.14246      4.8204      3.1915      2.9598     0.16506      5.3629     0.24934     0.58954      5.3593      1.8462
      1.1347      1.1775      6.6455     0.58116]"
12,transformed_0.2,ClassOrderSampler,0.01921982151517289,"[     2.7864      8.4686        2.74     0.17939      3.4391      1.1155     0.40529      2.9947      6.3828      1.6019       3.941     0.20814      3.2634      1.7398      3.2436     0.63606       1.375      9.6433      12.242       14.01      8.3526      13.372      12.851      18.088      8.3226      11.637
      10.641      9.0805      12.695      11.617]"
12,transformed_0.2,ClassOrderSampler,0.00014275291789525913,"[     11.398      13.603      8.9518      12.119      10.491      10.507      12.191      12.193      14.451       10.16      15.619      15.814       16.06      12.936      12.355      9.4945      13.691      9.2304      7.9936      14.636      8.8707      11.739      11.521      11.737      10.569      9.4464
      9.2007      10.696      12.563      10.526]"
12,transformed_0.2,ClassOrderSampler,0.01832285322938383,"[     12.042      9.0663      15.536      15.572      14.926      17.645      19.381      16.275      17.019      12.312      15.234      15.022      14.818      13.741      11.912      17.864      20.167      15.323      17.874      13.298      18.209      15.341      18.069      14.005      17.457      20.437
      15.376      15.956      15.135      16.198]"
12,transformed_0.2,ClassOrderSampler,0.00016978142156592657,"[     14.169      12.039      16.125      13.738       14.85      12.988      11.595      16.094       11.62      16.064      15.863      19.649      14.829       15.32      15.447      12.601      14.884      16.828       17.42      15.034      15.195      13.556      15.051      11.552      16.251      12.456
      16.102      15.114      13.616      16.955]"
12,transformed_0.2,ClassOrderSampler,0.000562790209673981,"[     16.489      12.661      10.715      10.008      11.071      11.089      15.412      12.555      11.174       10.73      10.439      11.807       12.74      11.906      10.343      11.049      9.9491      11.796      11.794      13.156      10.634      10.834      11.043      11.306      11.518      11.275
      15.696      9.3457       11.81      10.908]"
12,transformed_0.2,ClassOrderSampler,0.006928223181025602,"[     12.418      12.192      11.111        10.6      15.303      9.9285      12.854      7.7597      11.935      12.074      13.963      12.769      9.4283      11.623      11.096      11.026      14.631      12.845      13.341      15.674      10.804      14.033      13.338      14.772      11.227      13.315
       14.54       14.27      13.432      12.434]"
12,transformed_0.2,ClassOrderSampler,2.8259526425806807e-05,"[     12.913        13.1      14.421      14.901      14.056      16.082      13.332      12.446      13.228      13.528      14.732      13.821      12.146      12.148      14.805      13.618      13.517      12.846      14.029      13.331      13.303      14.276      13.282       12.54      12.184      13.598
      15.828      14.403      12.889      17.146]"
12,transformed_0.2,ClassOrderSampler,0.06040535949826252,"[     15.241      14.725      14.544      15.415      12.952      12.309      11.564      16.185      14.462      13.784      12.445      14.713      12.799      13.053       15.56      11.023      13.302      11.751       11.85      13.322      11.891      15.513      16.298      13.735      11.711      16.199
      11.482      12.296        12.7      13.136]"
12,transformed_0.2,ClassOrderSampler,0.0011662126150525775,"[     12.192      14.086       13.73      16.619        14.1      15.252      12.447       12.98      12.236      14.036      15.441      13.571      13.993      13.832      12.182      12.992      14.104       12.82      13.188      16.579      10.318      6.6235      8.2995      3.8876       8.143      5.6084
      6.8577      8.9532      6.8446      6.0361]"
12,transformed_0.2,ClassOrderSampler,1.1360818942235395e-07,"[     8.1005       4.507      4.2275      8.2085      5.5887      14.368       8.277      5.7848       7.199      6.7568      0.3058      4.5936       3.224      5.1936      5.9496      9.0094      4.4345      6.9583      5.4679      5.4747      2.8014      8.6702      5.9732      5.9515      5.5417       5.734
      4.2072      5.2879      7.5644      7.1326]"
12,transformed_0.2,ClassOrderSampler,0.0027927920445715315,"[     6.8424      4.5678      6.8101      10.907      4.6865      5.0606      7.5543      10.238      13.223      9.9929       13.37      11.886      12.411      9.7938      13.447      8.0111      12.855      11.071      12.665      14.582      10.385      7.2671      7.2312      10.489      9.3265      11.918
      12.412      11.153      11.892      8.2746]"
12,transformed_0.2,ClassOrderSampler,0.06786262627891666,"[     7.9666      12.503      6.6676      8.8316      14.903      9.0626      12.377      18.604      9.2582      19.258      10.946      7.9804      7.5375       13.84      13.577      14.498      13.713      11.037      11.845      12.909       13.57      10.211      11.152      12.434        13.1      11.452
      15.266      12.555       10.92      14.047]"
12,transformed_0.2,ClassOrderSampler,0.00825360568238804,"[     8.1424       12.33      11.163      10.011      14.043      13.073      10.356       11.67      12.932      11.624      12.292      14.964      11.227      16.491      13.281      7.7189      12.846      13.555      11.143      15.317       12.42      12.298        10.6      11.736      9.1783      15.122
      13.219      7.7308       10.67       12.62]"
12,transformed_0.2,ClassOrderSampler,0.001058649957475288,"[      15.03      13.162      12.692      9.2741      10.571      9.1969      11.475      8.1597      10.387      9.4166       12.06      8.1718      10.266      10.359      9.5499      10.006      9.9255      10.879      10.694      10.618      9.6805       11.78      9.9646      9.9247      7.5214      10.452
      9.0801      8.9515      10.846      10.342]"
12,transformed_0.2,ClassOrderSampler,0.0010279165664444404,"[     10.586      9.1338       10.02      9.3799      8.9827      11.442      9.8299      9.6712      9.4434      10.854      10.271      14.519      12.599       8.856      9.8884      10.505      9.7891      10.473       10.25      7.9727      10.563      9.1015      10.401      10.643      8.6316       8.872
       11.36       9.901      10.195      9.9234]"
12,transformed_0.2,ClassOrderSampler,0.0034125411373973824,"[     10.307      14.534       15.94      15.099      14.186      14.606      13.022      14.143      16.344      13.553      13.732      14.888      14.383      13.435      13.926      15.241      13.998      14.054      15.422      15.981      14.216      14.215      19.482      15.944       15.93      11.081
      13.804      13.574      16.758      15.837]"
12,transformed_0.2,ClassOrderSampler,0.0075081583504912055,"[     13.851      15.877      14.947       15.84      15.049      17.667      12.939      12.622      18.285      14.897      14.065      13.472      15.038      16.334      14.717      14.546      15.927      14.585      17.231        15.8      14.653      11.606      13.495      11.304      11.846      15.569
      9.7962      13.146      17.737      6.0005]"
12,transformed_0.2,ClassOrderSampler,3.405875933199765e-06,"[     12.202      11.153       12.06       19.63      13.581      12.096       13.31      14.055      11.095      13.168      8.2598      13.763      15.689      18.001      10.757      11.496      12.635      9.8521      16.207      14.872      15.873      15.098      11.154      11.323      13.318      10.371
      12.995      16.145      12.536      15.953]"
12,transformed_0.2,ClassOrderSampler,3.7660380325922017e-05,"[     13.623      13.116      10.793      8.6721      11.073      16.561      11.976      11.323      13.787      12.699      12.549       7.888      6.8332      8.5499      3.9768      6.3248      7.1766      7.8712      6.5896      8.9127      4.6879      11.337      7.9405      7.6118        6.76       4.326
      5.6472      6.5683       6.586      4.1014]"
12,transformed_0.2,ClassOrderSampler,0.0001893562102440439,"[     7.4276      6.9649      5.5104      4.6509      10.461      9.0603      4.7082      3.8908      8.4968      8.4403      8.6825       10.05      5.2183      9.0171      6.7139       7.787      9.1962      6.5435      6.6572      7.7853      8.0658      6.5999      5.2839      5.9922      4.6421      9.3896
      5.8648      8.6024      8.8052      8.4427]"
12,transformed_0.2,ClassOrderSampler,0.008294644202735235,"[      7.361      6.8498      11.055       11.09        12.6      15.463      10.014      10.177      14.122      12.045      12.591      10.558      12.256      11.696      13.646      9.5556      13.213      10.492      11.566      12.501      14.069      7.2509          11      10.923      12.617      12.333
      11.175      13.395      11.366      12.104]"
12,transformed_0.2,ClassOrderSampler,0.0034125411373973824,"[     13.071      11.872      15.071      10.306      10.734      12.111      11.701      12.033      14.654      10.349      15.597      11.472      12.384      13.236      11.378      10.303       10.86      10.039      12.211      10.231        7.14      8.2375       9.656      5.9988      6.9651      6.0214
      4.4067      5.8646     0.30313      7.1909]"
12,transformed_0.2,ClassOrderSampler,0.006806916129532259,"[     7.5849      8.9727      5.9649      4.0758      6.7446      9.5723      4.1531      6.2228      7.5575      7.9279      5.0146      5.1728      4.3043      6.3618      3.2325      6.4444      6.1295      6.9161      4.9535       1.039      6.1222      4.2719        7.22      8.3068      3.4734      1.8353
      3.0622      4.9141      8.5015      12.091]"
12,transformed_0.2,ClassOrderSampler,0.0011902923394734547,"[      6.805      5.1418      6.6506      7.8586      6.1922      6.5936      5.2485      7.0111      5.0729      6.4702      5.9019      6.7883      4.5839      3.1207      10.605      5.9751      12.237      17.227      14.895      14.543      14.138      12.718      16.989      13.122      12.983      16.701
       16.14      19.596      17.431      18.012]"
12,transformed_0.2,ClassOrderSampler,0.007194812085238461,"[      16.51      16.157      15.191      16.477       16.63      16.225      17.305      13.662      15.451      16.716      13.021      14.405      16.002      14.483      17.786       13.49      16.584       15.45       16.88      15.266      15.493       13.16      16.431      15.302      13.943      14.316
       17.81      13.333       19.01       14.13]"
12,transformed_0.2,ClassOrderSampler,0.00024676835662001175,"[     17.443      14.688      17.285      14.252      13.918      16.206       13.88      12.559      10.169      9.3254      11.781      9.7608       9.493      10.003      11.464      10.379      10.904      9.4556       8.607      8.7667      9.3267      11.166      10.522      8.5075      11.309      9.1721
      11.459      9.3582      10.403      10.748]"
12,transformed_0.2,ClassOrderSampler,0.00043233723818546845,"[     10.148      10.162      10.297      10.319      9.9509      12.151      10.261      9.8265      8.6235          18       11.04      10.705      8.6778      9.6586      8.2013      8.3759      11.247      8.5534       10.24       10.14      8.7366       12.49      10.351      8.0448      10.427        12.5
      13.615       8.859      9.7276      9.8596]"
12,transformed_0.2,ClassOrderSampler,0.0020662181714779827,"[     7.9499      11.965       12.38      11.433       10.17      7.8869      11.893      10.188      12.159      14.377      10.925      12.391      9.5691      10.385      11.921      13.537      12.117      12.112      12.033      10.988        14.5      11.091      8.7144      12.429      14.292      10.907
      13.093      12.207      9.4586      12.868]"
12,transformed_0.2,ClassOrderSampler,4.240671390189147e-05,"[     11.998      12.881      13.256      10.302        10.2      14.578       8.808      12.359      14.211      15.053      11.759      11.296      12.663      13.297      11.757      10.295       10.99      12.732      10.926      10.802      11.754       10.23      8.7497       7.142      9.7329      7.7855
      8.1565      9.4874      7.7288      6.8501]"
12,transformed_0.2,ClassOrderSampler,0.022749194468962442,"[     9.7321      9.8105      7.9308      6.5852      8.3046      10.834      9.4973      8.0664      5.4426      14.535      8.6129      4.0138      6.4527      11.144      10.437        9.69      8.6151       6.655       5.233      6.6118      8.2419      10.526      4.6307      9.4031       9.453      6.5596
      12.566      6.0008       10.12      6.2478]"
12,transformed_0.2,ClassOrderSampler,0.04932722248770282,"[     9.3636      7.6615      10.104      8.6427      5.6278      7.4068      8.1254      7.7835      8.4553      6.8566      8.1627      8.5721      7.2059      10.388      9.9225      6.2726      6.3333      6.2903      5.8406      10.407      9.6158      11.238      11.205      9.9528      9.3345      10.099
      8.0953      11.415      9.6574      10.679]"
12,transformed_0.2,ClassOrderSampler,0.00048670849536667826,"[     10.512      10.271      6.8372      11.065      11.527      10.556      10.502      11.455       11.14       11.08      11.043      9.8069      7.4099      9.5127       7.633      9.8353       7.208      11.847      10.848      11.958      9.0547      8.7184      8.7079      9.2602      10.138      11.077
      10.168      11.331      11.484      10.291]"
12,transformed_0.2,ClassOrderSampler,0.19277101264436328,"[     11.604      8.9544      10.532      8.6751      10.814      10.999      8.6393      9.0582      10.724      12.041      8.3195      8.1088      6.1357      10.598      10.185      9.2975      8.8302      9.5255      13.796      8.4515      6.9701      6.1125      19.415      12.799      6.6282      8.2629
      13.468      5.5611      9.6085      11.569]"
12,transformed_0.2,ClassOrderSampler,0.06404190646481298,"[     12.312       2.108      5.1355       9.345       8.755      10.238      10.215      10.212      8.9525      10.131      8.0667      12.203      7.7285      8.9459      9.4591      12.436      7.8791      9.1175      8.2168      13.382      10.329      4.1399      5.9221      3.4294      7.3123      7.4907
      13.589      14.188      8.7816      14.542]"
12,transformed_0.2,ClassOrderSampler,0.06542077785517163,"[     11.214      8.5659      13.283      10.596       11.87      14.525       8.921      7.8378      11.355      13.172      7.7151      13.332      14.669      11.593      13.535       21.69      10.515      10.023      11.203       9.828      12.783      13.279      13.908      10.287      12.415      7.2719
      13.583      14.646      10.977      9.4574]"
12,transformed_0.2,ClassOrderSampler,0.0376166455025619,"[      11.93      9.5574      12.502      11.869      12.332      13.225       12.53      10.506      12.738      17.085       9.853      11.138      10.811      14.484      12.315      13.755      12.638      10.027      9.6345      11.515      16.739       13.67      11.467      10.487       13.41      11.844
      13.277      13.016      11.653      10.394]"
12,transformed_0.2,ClassOrderSampler,0.004036815320120483,"[     12.934      10.786       10.41       12.89      12.027      10.782      17.995      11.212      13.096      15.841      12.954      11.464       13.42      11.917      13.034      10.954      11.888      12.961       11.97       11.37        12.8      13.178      9.7667      14.618      11.518      11.107
      11.263      12.421      11.017       12.41]"
12,transformed_0.2,ClassOrderSampler,0.0327261921911091,"[     13.446      13.461      10.335      11.026      12.107      12.514      11.918      11.722      11.522      11.974      10.955      12.047      12.147      10.772      8.9678      11.667      14.127      11.857      13.985      13.321      13.952      12.865      12.378      14.974      12.456       11.28
      15.215      10.255      12.489      11.128]"
12,transformed_0.2,ClassOrderSampler,0.0014494116856471721,"[      14.54       10.94      13.141      12.433      10.237      14.804      11.885       11.42      11.106      11.022      13.328      10.524      11.807      11.214      14.246       10.86      11.748      11.827       12.93      10.623      13.336      12.379      12.712      14.012      15.205      12.938
      12.498      12.278      10.581      10.013]"
12,transformed_0.2,ClassOrderSampler,0.022148639572697477,"[     15.042       12.84      13.135      13.822      4.9298      5.7998      5.3718      3.3899      5.7259      5.8918      3.8967      6.0415      6.1838      5.9448      3.8445      6.5477      4.8481      4.4118      5.7236      3.5555      4.6227      3.6721      3.6468      4.7128      10.055      3.9369
       5.576      8.6118      5.0479      2.1378]"
12,transformed_0.2,ClassOrderSampler,0.2552161366517019,"[     7.4143      3.5424      4.9029       7.686      3.1704      5.8565       5.376      4.1454      2.8033      4.9397      6.1479      5.1137      3.8588       5.619      1.9288        8.02      4.8261      3.7346      8.2128      3.3838      8.5227      6.8804      3.0193      10.009      5.3353      5.3733
      3.5357      16.878      17.669      16.259]"
12,transformed_0.2,ClassOrderSampler,0.0012616597107219926,"[     15.291      18.783      19.054      18.464       16.21      17.159       18.37       19.61      16.503      17.365       15.19      15.092      12.417      13.454      18.319      19.442      18.919      15.218      16.878      17.029      12.713      18.762      16.258      15.319      15.074       17.07
      17.806      16.385      16.288      17.002]"
12,transformed_0.2,ClassOrderSampler,0.00213667380528815,"[     16.618      18.763      16.944      18.828      15.741      15.341      15.273      17.727      18.119      16.978      16.265      12.941      18.091      7.9817      5.4024      6.4353      3.5856      5.2315        6.07      4.1508      6.4987      5.6276      6.4346      4.0912      6.3434      5.6911
      4.1347      7.2638      6.6258      5.9746]"
12,transformed_0.2,ClassOrderSampler,0.001441097045688308,"[     7.1139      6.2356      6.6363      4.3874      7.5904       6.596      5.0362       5.866      6.2212      8.3592        5.63      6.5849      5.0113      7.9741      6.9511      6.7409      7.3812      7.5544      6.9384      4.3067      6.6312       6.665      5.8572      7.3905      6.1111      6.1589
      6.6188      6.1836      6.0682      4.1171]"
12,transformed_0.2,ClassOrderSampler,8.190854700628066e-08,"[     7.0685      5.4472       3.255      4.0732       4.804      3.2331      4.0029      5.7222      4.8132       8.312      4.2439       2.552      3.1338      4.9814      2.2785      6.5734      5.0758      6.0605       3.478      7.3032      3.1294      6.9708      6.6239      6.7927      3.0438      7.5562
      6.6134      6.4875      4.0743      1.9504]"
12,transformed_0.2,ClassOrderSampler,4.302391755195993e-06,"[     3.4746      2.8447      6.0055      4.6733      2.9642       2.498      2.6956      5.2972      3.6288      5.6432      5.7489      5.0565      8.1862      4.7117      5.6781      3.4138       3.922      3.8279      3.2629      4.6806       4.286      3.1131      1.9832      6.3358      4.8593      6.3746
      1.7667      7.5974      8.5076      4.9794]"
12,transformed_0.2,ClassOrderSampler,0.00014761406776733717,"[     7.4679      1.0654      1.9294      9.3472      6.2714      7.0928      7.8937      2.7479      7.2573      6.2173      10.507      8.7019      8.9952      8.1584      4.2032    0.063357      9.4599      12.943      11.662      7.3965      7.6112      5.4162      10.506      9.5205      3.2709       6.036
      1.8591       7.388     0.23158      2.3311]"
12,transformed_0.2,ClassOrderSampler,0.0001202203408356385,"[     7.9657       4.769      6.8155      12.553      3.3676      6.4887      5.6301      12.416      4.9404      2.8003      6.4633      8.2832      11.415      9.1677      11.893       10.29      4.8405      1.7264      5.9116      7.3333      3.6131      6.5525      5.2432      5.2081       4.986      9.1899
      9.6094      12.433      2.2591      4.8872]"
12,transformed_0.2,ClassOrderSampler,0.002348496149939225,"[     6.2777      8.5367      10.172      6.1781      9.2459      10.923      7.1591      6.2127      3.3548       13.72      4.9991      6.8369      6.4614       7.243      10.829      3.5748      8.0139      8.8015      8.0022      10.118      6.0918      9.5864      1.5697      8.4972      1.5409     0.61855
      12.184       10.49      12.266      11.455]"
12,transformed_0.2,ClassOrderSampler,5.087107810634588e-05,"[     11.751      11.982      7.6989      7.0409      11.798      6.0289      7.7915      7.4366      12.252      7.6175      7.4115      9.2188      8.9138      8.1631      5.6997      8.2961      9.6306      9.1116      5.6247      8.9674      9.0908      9.4933      11.862      9.2633      10.946      11.735
      8.8486      11.489      8.5239      8.0109]"
12,transformed_0.2,ClassOrderSampler,0.0019590320684716557,"[     10.528      7.2073      12.279      7.5371      11.532       9.471       7.357      12.436       9.557       8.151      11.832       8.369      10.961      13.377      13.992      12.709      16.855      11.188      15.666      16.352      14.511       12.58      17.118      14.231      13.829      15.646
      13.103      15.038      15.505      14.379]"
12,transformed_0.2,ClassOrderSampler,0.00018564631358024256,"[     16.449      13.112      14.422      12.749      15.692      12.964      15.914      13.635      12.732      15.311      13.405      10.212      11.571      17.748      13.192      14.001      13.737      17.095      15.268      14.242      14.022      15.569      15.075      15.218      15.746      12.422
      16.743      13.467       17.68      15.894]"
12,transformed_0.2,ClassOrderSampler,0.00015416573021449315,"[     12.924       11.78       12.98      15.427      12.863      11.675      12.801       11.09      12.826      12.711      9.4445      11.351      11.673      13.412      9.0289      12.017      13.574      11.199      12.697       9.703      11.667      13.085      14.208      9.3024       14.26      12.223
      12.863      13.343      13.077      14.961]"
12,transformed_0.2,ClassOrderSampler,0.0036488632194474307,"[     11.808       12.39      12.922      14.008      13.994      13.992      10.175      11.304      12.126       12.48      13.567      11.283      9.9304      10.871      15.985      12.882      10.667      15.852      11.804      11.813      12.219       15.43      14.628      10.505      10.303      14.045
      12.373      11.245      10.232      13.494]"
12,transformed_0.2,ClassOrderSampler,0.007414731781236325,"[     12.768      12.432      10.597       13.11      13.618      9.7271      10.239      12.818      11.516      12.468      14.149      9.6775      13.619      12.392      13.329      14.637      14.059      12.147      15.863      14.265      10.713       12.42       11.79      10.553      12.245        12.9
      9.6043      11.854      14.901      10.668]"
12,transformed_0.2,ClassOrderSampler,0.004380844811414785,"[     12.745      11.514      7.2329      10.429      13.136      13.845      17.372      12.153      14.201      11.544      11.836       13.09      11.825      9.0032      12.488      13.382      1.3051      1.8665      1.0216      4.3637    0.078928      6.6649      2.0637       1.682      4.0631      3.4928
      3.4471     0.62278      5.5602      1.6488]"
12,transformed_0.2,ClassOrderSampler,0.0036880251922575356,"[     7.4151     0.86704     0.92874       4.348      1.2883       1.297      2.3391      3.4088      9.4707      2.8429     0.62456      2.4931     0.82021      5.8468      1.3393     0.18751      5.2356     0.32627      1.4037      3.2418     0.50519     0.13772     0.77733     0.10537      4.5959     0.44508
      1.8021       2.436      2.3284      3.4207]"
12,transformed_0.2,ClassOrderSampler,0.00011464848181396483,"[     4.3982      2.0343      3.6255      1.8014      3.7856     0.34808      3.8446      1.3757      1.4159      2.2796        3.26      10.951      10.718      10.299      7.6224      7.7005      8.7531      9.2417      8.1193      9.7196      9.2235      9.7896      8.6251      9.5381      10.118      9.2435
      9.7815      7.5444      10.199       10.73]"
12,transformed_0.2,ClassOrderSampler,2.549851026840643e-05,"[      10.24       11.29       10.96      8.6458      9.0471      8.1998      9.9684      8.9325      9.6512      9.7832      9.1393      8.2018      9.2106      8.7111      9.8454      9.8212      9.3221      10.733      8.2909      7.3767      9.1285      11.824      9.0893      10.913      9.0166      11.559
      8.0731      9.1332      9.6012      14.137]"
12,transformed_0.2,ClassOrderSampler,0.00048219418107689954,"[     10.492      10.619      12.357      11.057      14.298      12.126      13.116      10.643      10.646      11.214      8.2861      12.552      10.323      9.9743      12.608      10.197      16.309      11.484      13.109      13.609      12.944      11.596      12.018      8.5932      10.209      12.621
      9.2976      13.216      11.475      12.674]"
12,transformed_0.2,ClassOrderSampler,0.00158405990777549,"[     7.6582       11.25      5.1266      13.132      13.988      13.066      12.423      12.547      11.942      12.055      11.079      10.658      10.591      11.187      9.0493      14.671      13.497      13.972      13.173      16.152      10.347      11.387      7.3165      9.0254      7.4354      13.908
      10.718      8.3647      11.413       9.625]"
12,transformed_0.2,ClassOrderSampler,9.130033192300202e-06,"[     12.251      11.323      13.879       7.639       15.72      7.1764      14.528      7.1943      12.644      10.989      12.772      12.181      9.6787      13.776      8.0644      10.851      8.7144      8.7011      8.0887      8.4397      12.636      14.715      13.964      13.155      7.8623      5.0391
      10.621      9.4362      11.198      15.798]"
12,transformed_0.2,ClassOrderSampler,1.1371202122472073e-05,"[     11.788      12.024      12.693      13.074      11.965       9.983      11.128      8.8924      10.678      6.9946      10.728      8.1107      8.1054      9.9675      6.8381      10.361      7.6854      8.7442      6.7769       9.804      8.8284      8.7978      6.5151      10.683       10.94      10.634
      9.0751      11.808      11.077      6.3431]"
12,transformed_0.2,ClassOrderSampler,0.00017434348243696487,"[     7.9181      8.5044      7.9068      9.1633      7.8962      8.4662      7.5666      10.187       7.897      9.5841      9.8372      8.5712       9.798       7.061      8.4483      11.661       7.215      7.5677      6.3431      8.3021      11.557      9.6725       10.89      8.8187      8.4768      8.3623
      8.4632      5.6746      7.0669      9.5591]"
12,transformed_0.2,ClassOrderSampler,7.8334280139381e-05,"[     9.1834      7.5781      8.2167      8.7617      10.017      9.2759      6.3879      8.9251       8.598      8.5533       10.56      6.8882      5.2512      7.8606      7.2944       7.546      10.835       7.585       6.639      7.1215      10.309      6.9575       6.623      7.4073      5.7362      7.4093
      8.4681      8.5117      7.7034      7.3982]"
12,transformed_0.2,ClassOrderSampler,0.042864701698757314,"[     6.3789      9.6797        7.84      8.6333      6.8323        10.3      8.7362       8.047        8.72      8.8077      8.1286      8.4242      11.236      8.1936      11.423      9.0672      8.0007       8.732      7.7347      7.6075      8.4419       7.544      6.3931      7.2358      7.4244      9.3754
       9.458      9.9984      10.763       7.866]"
12,transformed_0.2,ClassOrderSampler,0.013329891102816259,"[     7.6461      8.6863      7.8861      8.1491      10.701      5.1034      9.5178      5.0468      10.119      6.8308      6.1355      7.6956      7.5556      7.8206      11.399      5.9815       6.627       11.58      7.0968      9.9083      8.3428      6.9049      8.8411      8.0775      9.2832       9.557
      9.1738      9.0399      7.6054      7.9728]"
12,transformed_0.2,ClassOrderSampler,0.0024143706668994297,"[     10.841      10.862      11.191      12.983      9.9343      12.061      9.3691      8.6438      10.222      8.5549      14.253      6.9975      9.5169      9.5626      11.164      7.5551      10.805      11.546      11.431      10.855      10.301      11.878      11.921      12.973       9.539      14.477
       11.21      11.824      9.3949      13.417]"
12,transformed_0.2,ClassOrderSampler,0.007717406229315131,"[     10.702      11.802        9.63      8.7851      5.8851      12.544      8.5669      12.746      11.509      7.6389      11.981      15.557      9.9186      11.022      8.8753      12.856      13.542      10.154      9.3339      11.451      5.3704      12.522      4.5195      9.5306      2.9135      11.125
      13.508      12.966      10.468      10.232]"
12,transformed_0.2,ClassOrderSampler,0.03443626436100529,"[     12.023      11.716      12.928      10.676      14.303      15.073      11.362       11.87      8.8808       9.644      7.9423       11.55      11.117      12.462      10.585      8.2103      10.079      8.3691      8.5629       11.67       10.38      9.3543       14.04      10.203      8.9158      11.944
      8.4145       9.292      11.891      8.9241]"
12,transformed_0.2,ClassOrderSampler,0.0016627205204007892,"[     8.5292      9.4939      15.524      9.6438       11.15      12.426      7.1153      8.3119      9.8753      10.659      7.8896      9.0515      9.1166      9.2977       10.63      9.8138        8.33      7.5263      8.0587      9.8813      8.9983      12.804      9.2805      6.3379      10.546      8.2373
      8.5527      7.7601      8.5466      8.4686]"
12,transformed_0.2,ClassOrderSampler,0.0040689945601931786,"[     10.983      9.3873      12.934      9.8502      10.613      8.2345      10.687      9.8522      9.5504      11.405      11.844      9.0225       7.745      10.522      8.6047      10.632      13.898      8.7789       7.645       7.856      9.5528      9.6689      8.0285      9.8438      9.7453      10.485
      10.744      7.7868       9.023      7.7563]"
12,transformed_0.2,ClassOrderSampler,0.0026367750365129507,"[     9.7918       9.466      8.2611      9.3724      13.284      9.8475      7.1712      13.656       13.47      10.335      10.783      9.3923      15.637      11.381      10.596      9.1544          14      13.326      13.711      10.559       12.56      10.396      11.951       9.671       11.88      11.053
      9.9718      11.121       11.39      10.115]"
12,transformed_0.2,ClassOrderSampler,0.035619058169350445,"[     5.8859       10.02      12.134      12.239      10.741        10.3      9.8128      13.327      7.2264       11.84      9.5445      8.7186      8.4628      10.513      13.001      10.868      8.7334      7.7221      6.2859      7.5279      5.9332       2.707      4.9873      4.8313      4.0682      3.2314
      8.8213      3.8983      6.7328      6.6403]"
12,transformed_0.2,ClassOrderSampler,0.039137200922588225,"[     8.1262      5.6895      7.8865      9.6386       5.618      6.6586      5.6331       6.588      6.2035      4.5153      6.8074       5.953      6.8424      4.0989      6.0338      5.5549      6.9133      6.2192      2.0004      2.7843       4.558      8.3932      4.1275     0.98866      5.7916      5.4547
      6.7316       6.285      4.2905      4.0614]"
12,transformed_0.2,ClassOrderSampler,0.011336206164608918,"[      6.968      4.3062      6.0078      3.5876      5.9468      8.6443      4.7732      2.9546      3.3539      6.2882      8.5041      4.1571      7.9336      5.3042      9.3927      5.4155      8.5133      11.682      8.3368      9.7151       10.02      6.1946      9.4634      8.9056      5.9711      10.909
      9.4657      10.786      8.7158       8.994]"
12,transformed_0.2,ClassOrderSampler,0.0002312402611354801,"[      8.661      8.7052       11.57      9.4003      8.4584        9.65      9.6244      10.975      7.1434      5.7259       6.722      6.5199      12.446      10.826       10.78      7.9772      8.3581      9.9346      8.7394      10.466       9.206      11.369      4.6859      9.1861      9.1778      8.0412
      9.8108      10.231      7.9621      7.4852]"
12,transformed_0.2,ClassOrderSampler,0.000524269760047025,"[     6.3253      9.3417      8.4076      9.1165      8.8095      9.6797      9.5318      9.9538      12.398      15.506      10.873      12.089      13.082      14.599      9.9882      9.6128      12.325      11.353      11.059       12.76      11.656      14.668      13.995      15.345      12.537      13.108
      9.9667      10.278      11.728      11.082]"
12,transformed_0.2,ClassOrderSampler,0.00248194031796039,"[     12.266      11.898      11.462      9.9432      13.145      9.5351      11.022      11.039      12.936      10.067      13.322       14.64      12.986      11.708      12.008      14.251      14.097      15.686      11.459      11.301      13.674      14.197      10.715      11.734       11.18      10.141
      12.635      11.564      10.975       12.32]"
12,transformed_0.2,ClassOrderSampler,0.00024918016780231994,"[     16.218      16.243      17.595      13.099      13.902      15.078      18.389      16.976      15.987      13.511      14.869      16.312      13.948      13.886       14.98      14.792      17.182      13.613       19.38      15.167      18.066      14.944      16.255      16.373      16.226      14.727
      14.215      20.034        16.4      8.6545]"
12,transformed_0.2,ClassOrderSampler,4.255893856637323e-05,"[     14.009      18.091      15.311      16.426      16.193      15.329      16.272      17.257      15.154      16.853      15.805      14.323       16.88      17.273       13.47      18.646      19.586      15.656      12.506       13.38      16.205      13.319      14.359      16.254       0.987      6.7795
      2.7418      3.9082      5.4308      8.2093]"
12,transformed_0.2,ClassOrderSampler,0.01186441509001979,"[     5.1276      2.4176      9.1964      6.3763      7.6394      3.9829      3.1469      5.4121      2.9582      4.2152      5.2105      3.6572      1.2753     0.66038      2.2039      5.8825      11.619      7.8286      2.8804       6.911     0.31737      2.7778      3.6515      5.6376      3.1976      5.1993
    0.048197      7.8125      1.2654      2.8667]"
12,transformed_0.2,ClassOrderSampler,0.14625146123186608,"[     5.0843         5.4      4.0752      5.2431      6.0135      4.4988      14.169      15.732      11.357      16.112      11.124      12.425      17.702      10.929      16.379      7.7281      12.053       15.96      11.792      8.9516      12.506       19.09      14.489      11.075      12.296      11.686
      11.057      14.111      13.209      15.989]"
12,transformed_0.2,ClassOrderSampler,0.035920073133977354,"[      11.31       10.54      17.153      15.455      12.823       14.96      12.485      14.603      14.096      11.956      15.401      15.823      13.652      13.835      13.401      16.357      13.752      14.474       12.02      12.602      11.617      9.9617      9.0469      6.4482      10.676      10.989
      7.5901      8.7545      9.9948      9.5173]"
12,transformed_0.2,ClassOrderSampler,0.0017009653756838486,"[     8.3264      8.3775      10.722      8.6601      13.388      8.9703       10.43      7.4046       10.58      8.4283      16.061      12.253      10.708      6.2168      11.515      8.5457      8.9016      13.453      8.1128      6.4918      9.4558      11.772      9.9536      10.569      11.749      11.367
      10.647      9.0881        7.64      9.3601]"
12,transformed_0.2,ClassOrderSampler,0.0008374141143958437,"[      10.71      8.8392      8.3129      10.774      13.337      7.5496      12.643      8.3731       6.796      10.848       9.319      9.4733      7.6408      10.742      11.716      13.334      13.304      11.238       13.66      12.259      11.759      12.509      11.196      12.039      10.427       9.759
      12.291      10.128      10.786      11.994]"
12,transformed_0.2,ClassOrderSampler,2.10129052657543e-06,"[     13.213      12.847       10.08       11.41      9.9392      10.386      12.744      9.7842      10.216      11.353      12.812      11.167      12.065      11.001      10.221      12.577      11.999      11.043      10.551      12.049      9.6967      8.8466      9.1213      10.437      10.764       14.23
      11.493      10.827       12.78      11.292]"
12,transformed_0.2,ClassOrderSampler,0.061597429205000005,"[      10.08      10.633      12.092      13.569      12.201      10.294      12.571      10.634      11.643      10.781      13.422      16.484      15.989      14.185      17.272      15.941       14.87      16.175      14.203       15.44      15.142      19.475      15.818      16.346      14.992      15.131
      17.277      17.527      14.964      17.983]"
12,transformed_0.2,ClassOrderSampler,0.0011292799537698938,"[     18.079      15.392      16.531      16.104      15.607      16.242      19.057      12.412      17.034      13.762      18.807      16.247      16.086      14.297      16.015      14.906      15.039      16.313       14.01      15.249      17.972      15.068      15.919      18.041      16.656      17.931
       15.32      15.503      17.986      17.628]"
12,transformed_0.2,ClassOrderSampler,0.007087081656364503,"[     13.665      17.721      16.669      16.816      11.188       14.42      14.851      17.621      13.936      18.318      19.693      13.436      12.035      15.868      13.256      14.263      12.825      11.913      15.207      15.351       11.78      11.958      12.377      13.328      12.845      12.686
      16.262      13.718      13.211      13.933]"
12,transformed_0.2,ClassOrderSampler,0.0017950938326782922,"[      14.82      14.432      18.864      13.186      13.545      13.604       14.62      11.726      11.923      13.079      13.442      14.218      10.752      12.118       13.15      14.388      12.006      11.191      15.053      13.441      13.111      12.928      13.585      14.436      13.356       12.14
      17.886      14.516      15.024      17.103]"
12,transformed_0.2,ClassOrderSampler,0.0007982025289043452,"[     12.119      13.087       12.44       12.24      13.481      11.508      11.172      13.207       16.41      11.295      12.765      10.856      11.003      13.563      14.953      12.232      11.253      14.031      13.823      9.7822      12.294      12.167      14.295      12.626      12.254      11.153
      11.746      10.569      12.683      11.578]"
12,transformed_0.2,ClassOrderSampler,0.005843395497132911,"[     12.902      12.225      13.492      13.444      16.423      12.841      12.882      10.984      10.775      10.651      13.575      13.534      15.109      16.369      11.512      14.039      12.385      11.469      14.178      9.3066      10.311       10.27      13.311      10.423      8.4757      8.0025
      10.033      6.7978      9.3751      12.537]"
12,transformed_0.2,ClassOrderSampler,0.002454709155997,"[     9.7784      9.9776      11.814      10.875      13.091      13.599      9.3412      12.524      12.795      12.919      9.8621      12.194      9.1207      8.3707       12.39      10.673      13.668      12.031      10.327      11.248       11.39      9.4041       12.44       11.84      11.411      12.773
      8.0483      11.698      13.646       8.613]"
12,transformed_0.2,ClassOrderSampler,9.535429307066642e-05,"[     10.486      10.785      10.698      9.5347      9.9458      12.555      10.103      11.274      12.004      9.9329      10.112      13.381      14.677      15.843      14.214      16.159      14.537      16.174      15.419      14.312      16.382      11.715      12.854      14.006      15.888      13.927
      14.929      14.458      15.281      20.282]"
12,transformed_0.2,ClassOrderSampler,0.004369327301934267,"[     16.254      14.021      14.547      16.002      13.768      16.344      17.613      15.017       17.72      17.249      13.949      13.625      13.476      16.813      14.132       14.02      15.628      15.798      13.548      14.585      13.197      15.184      15.205      15.771      16.558      17.494
      14.347      15.363      15.942      14.848]"
12,transformed_0.2,ClassOrderSampler,0.0009267604303071696,"[     14.208      16.877      7.9595      5.9646      5.1388      2.9621        5.01      4.3107      7.2518      6.6173      4.9115      4.3198      2.5925      5.7499      4.4477      6.6872      3.9964      2.7675      2.7055      4.2683      2.8769      3.8999      3.6452       5.693      4.7613      2.7116
      6.2907      7.5537      5.0372      5.5098]"
12,transformed_0.2,ClassOrderSampler,0.0008102701665629045,"[     7.3963      4.4407      6.0372      3.5352      5.3474      4.0528      5.4207      3.7615      5.5249      3.4495      2.8292      6.1822      2.5506      8.7185      5.0461      3.9422      3.6539      10.453       2.893      16.562      18.129      18.088      14.428      15.758      14.913      13.731
      16.539      16.788      17.295      15.409]"
12,transformed_0.2,ClassOrderSampler,0.10329821873633263,"[     12.757      15.324      16.836      12.697      13.515      16.308      15.716      13.942      15.899      16.169       12.14      12.194      15.951      13.258      13.516      14.602      12.589      14.393      14.374      14.775      12.136      16.891       14.45      15.867      16.404       14.27
      17.956      15.029      14.179      15.134]"
12,transformed_0.2,ClassOrderSampler,0.0038897111307387294,"[     13.349      14.791      14.763      11.567      20.353      15.038      11.718      14.458      17.142      15.788      13.756      9.2822      9.9694      8.3581      8.6161      7.0593      9.0478      10.516      8.2783      8.9493      8.6889      7.8091      9.0484      9.7038      8.3939      9.7225
      11.261      9.3877      8.8577      9.7125]"
12,transformed_0.2,ClassOrderSampler,0.015595372322414829,"[     11.074      9.9475      8.9449      9.8014      8.9438      8.4055      10.415      10.288      8.4831      8.9334      10.635      15.321      9.8412      8.6087      9.8274      10.291       8.194       9.422      10.111      12.484      10.178      9.7287      7.4649      9.5658       7.624      9.1578
      6.9921       8.745       9.341      9.1141]"
12,transformed_0.2,ClassOrderSampler,0.01019312539302405,"[     9.2072      10.076      7.6618      8.7353      10.782      8.2643      8.7068      11.758      13.778      11.567      11.137      11.909      12.252      13.522      13.155      11.651      12.239       10.11      9.7084      13.334      14.271      10.512      11.149      12.507      10.959      12.165
      12.875      10.953       10.36          11]"
12,transformed_0.2,ClassOrderSampler,0.0014788548648015831,"[     11.592      11.864      12.659      12.404       11.44      14.056      11.665      12.591      12.263      14.189      12.306      13.127      13.136      12.553      12.477      11.096      11.874       13.48      11.686      16.087      13.905      15.355      12.948      11.575      13.917      13.556
      14.912      13.663      18.432      14.449]"
12,transformed_0.2,ClassOrderSampler,0.01861755845431938,"[      14.91      13.852      16.352      13.835          15      19.253      15.554      14.062      11.043      13.715      16.724      14.319      14.973      13.785      14.213      15.084      15.472      16.665      15.854      12.877      15.806      15.301        14.5       15.01      16.654      14.698
      13.999      10.857      14.789      15.109]"
12,transformed_0.2,ClassOrderSampler,0.007583643513572035,"[     14.186      17.043       14.69      15.675      13.907      11.561      3.4273     0.57819     0.15718     0.23579      3.3364    0.074936      4.1764      1.6954     0.65549      1.6332     0.49584     0.38844     0.99834     0.33157    0.082301      1.3383      1.0614      2.0546     0.64464     0.68647
     0.72742     0.52999     0.18443     0.41022]"
12,transformed_0.2,ClassOrderSampler,0.0002826147194562631,"[     1.8119     0.25261    0.068265     0.54871     0.41415      4.4182     0.40592      0.2796     0.17731     0.94109     0.43618     0.41672      1.2992     0.56276     0.13636      2.5332     0.83093     0.12037      3.4315     0.94173      1.2438      16.737      16.277      17.556      14.986      17.309
      16.954      16.606      15.422      15.155]"
12,transformed_0.2,ClassOrderSampler,9.502743753391666e-05,"[      17.96      14.931      18.438      15.961      14.169      18.146      20.116      14.445      14.561      18.836       18.19      17.324      16.452      15.255      15.405      17.048      16.618      15.683      16.522       15.98      15.121      15.928      16.272      15.449      16.354      16.128
      16.218      16.548      17.945      15.429]"
12,transformed_0.2,ClassOrderSampler,2.8156220016585804e-05,"[     19.592      19.457      15.749      18.727      15.452      19.063      16.371      18.568      8.5928      9.5516      9.6298      7.5475       11.47      10.019      10.397      10.435      10.805      11.725      13.212       6.813      11.262      9.3494      12.049      8.3386      9.0636      9.6105
      12.751      9.7089      9.1036          10]"
12,transformed_0.2,ClassOrderSampler,0.025297529108903778,"[     10.469      12.708      10.695      11.541      10.175      10.315      14.077      12.397      11.021      9.1269      10.717      11.598      9.0785      9.2682      11.953      8.6608      8.8475      11.288      11.556      10.168      12.847      10.184      10.153      8.7527      9.5405      11.636
      8.0333      8.9634      2.7636      2.1265]"
12,transformed_0.2,ClassOrderSampler,0.010367726143280066,"[     6.5171      3.2465      7.7341      3.1519      9.1993      1.9623      4.8303      4.5847      5.0061      4.8353      2.9954     0.81673      1.2585      5.3173      7.9312       6.743      2.2427      1.8386      4.0426     0.24315      5.1444      12.162       5.684      1.8987      3.6605      3.3964
      0.3545      3.7841       2.506      4.8204]"
13,transformed_0.2,ClusterSampler,0.011639349894753324,"[     5.8017      2.6838      14.945      12.227      12.258      4.3867      11.084      12.829      2.3238      8.2743      8.7563      11.822      16.964      2.5039      8.8114      8.9396      13.923      10.103      13.119      8.7462       11.24      7.0886      12.475      7.7472      11.812      5.0736
      12.811      12.072      8.5463      15.106]"
13,transformed_0.2,ClusterSampler,0.0013682420909385828,"[     11.497       9.804      12.471      16.499      12.003      16.437      10.895      16.731      17.824      15.674       12.25      8.4965       11.28      13.604       10.13      14.262      7.9589      16.637      18.419      10.013      13.897      7.4063      12.309      10.516      9.4587      5.8664
      9.0046      7.8654      9.9249      14.654]"
13,transformed_0.2,ClusterSampler,0.002026117536289067,"[     11.363       13.82      14.116      10.324      13.951      7.7266      14.331      13.026      8.1111      12.102      16.294      11.234      10.841      13.516      12.677      15.177       14.82      10.167      11.691      9.8307      12.391      14.536     0.78682      16.067      13.667      5.2974
      11.609      10.033      16.573      13.175]"
13,transformed_0.2,ClusterSampler,0.0005662603300035138,"[     10.725      1.7596      13.877        9.41      7.5356      10.917      18.144      2.6132      9.1604      11.869       7.789      10.789      9.1895       11.14      9.1086      9.9572      16.586       16.35      8.0445      14.671      13.755      3.8096      11.912      8.4355      10.755      8.7256
       12.25      12.044      8.1212      6.6191]"
13,transformed_0.2,ClusterSampler,0.0001371189406292306,"[     8.4666       9.273      15.227      9.4997      17.075      3.8534      9.6409      19.264      9.8618       17.27      10.454      13.638      15.684      7.9218      12.016      10.468      12.471      15.193      8.1692      12.251      16.416      11.183      7.1897      13.043      13.291      11.033
      14.511      5.2616      11.451      11.983]"
13,transformed_0.2,ClusterSampler,2.224098972487282e-05,"[     4.6766      11.112      9.7566      1.6901      10.449      4.5586      7.2283      14.196      8.7707      13.305      4.2063      10.084      8.6551      9.0273      16.049      10.708      12.048      1.0742      11.374      14.859      11.536      3.5458       10.87       15.97      14.837       14.01
      9.2504      10.217      9.4148      9.3732]"
13,transformed_0.2,ClusterSampler,0.0014001925878727734,"[     3.0132      9.5413      7.1965      4.0256      16.219      0.3694      12.072       4.047      10.979      17.483      13.222      11.178      13.534      10.751       9.386      15.155      12.777      10.038      10.117      6.1814       15.94      3.6037      9.5352      11.703      12.171      13.218
       10.79      14.973      17.914      11.952]"
13,transformed_0.2,ClusterSampler,0.025131194708162632,"[     13.879      14.439      8.8885      12.965      9.3778      15.053      5.9096      19.534      16.931      12.088      14.773      12.807      8.5972      12.603      10.862      7.3611      15.194      15.554      6.8503      7.0645      15.338      10.358        12.1      16.896      8.4985      13.225
      5.8832      11.654      12.245       15.94]"
13,transformed_0.2,ClusterSampler,0.023415872546963017,"[      16.28      19.879      10.804      13.007       13.67      13.361      11.936      11.105      12.556      13.181      7.1565       13.92      9.3825       5.816      15.032      11.942      17.016      15.336      11.942      10.755      10.326      5.6772      13.541      10.851      6.5039      9.4186
      15.365      5.7933       13.87      8.6208]"
13,transformed_0.2,ClusterSampler,0.0034217301457574786,"[     16.898      12.923      7.0703      10.587      8.4511      6.9946      15.579      7.2523      14.884      12.748       11.99      8.1822      8.7073       7.022       11.98      11.302      5.0534       9.181      14.182      8.6819      8.5284      12.269      15.746      12.207      14.609       1.437
      12.885      2.9833      8.2414      13.845]"
13,transformed_0.2,ClusterSampler,4.283905971287411e-07,"[     12.646       13.01      13.655       10.48      17.404      12.169      16.091      16.098      16.487      10.869      7.2219       9.957       8.186      1.4863      10.506      8.8918       8.257      14.974      17.308      17.923       12.68      14.551      13.854      4.1063      13.001      12.073
      13.441       15.53      12.868      13.561]"
13,transformed_0.2,ClusterSampler,0.003747500767521822,"[     9.4477      13.615      10.395      11.198      11.204      19.736      14.423      9.1481      15.842      6.9719      12.686      13.214      16.637       11.45      13.118      10.142      14.985      10.982      2.6159      4.6088      10.695       13.21      4.4095      12.746      18.772       10.95
      3.9859       12.42      12.829      18.964]"
13,transformed_0.2,ClusterSampler,0.00016809959764175887,"[     7.3835      16.286      17.948      10.252      18.767      12.318      11.874      12.234      6.8119      2.9535      14.818      12.933      15.695      7.5093      7.8564      7.9078      12.197      9.5382      8.7758       8.084      11.206      4.0064      11.039      7.3279      11.773       15.83
      14.153      10.174      6.8007       11.12]"
13,transformed_0.2,ClusterSampler,0.05280830659285274,"[     8.7524      9.1132      7.2898      8.7033      17.268      7.4081      16.814      6.7982      1.1839      9.6337       8.332      10.257      9.4599      1.4791      13.093      6.2009      11.281      8.2328      14.013      18.531      13.398      9.7125      10.147      12.287      8.9887      7.3572
       8.765      17.082      15.264        18.5]"
13,transformed_0.2,ClusterSampler,0.018156279886589802,"[     6.2744       12.52      15.925      9.6815      13.514      14.542      11.374      14.839      22.797      11.636      14.289      12.967      6.5638      4.0044      13.705      10.032      8.2866      4.7897      11.077      11.062      13.261      5.0043      12.134      15.794      9.7408      9.5116
      14.304      13.787       6.385      11.782]"
13,transformed_0.2,ClusterSampler,0.0005083028219738604,"[     8.0861      8.3852       14.27      11.277      7.1476      12.999      14.414      15.731      3.7648      12.256      7.0848      15.062       16.22      7.5511      16.544      5.2241      10.484      3.0821      19.435      16.193      9.2309       8.065      12.061      14.463      12.168      13.727
      11.597       2.716      7.9595      11.663]"
13,transformed_0.2,ClusterSampler,0.00011387232931834538,"[     13.714      12.236      7.0568      11.195       6.812      12.814      2.8717      11.311      14.504      5.6265      8.9195      14.652      12.239      4.9685      11.862      9.8308       14.58      3.7497      11.829      15.459      11.331      9.0658      9.9686      1.1572      7.0607      12.009
      7.3464      11.618      3.2308      14.216]"
13,transformed_0.2,ClusterSampler,0.004838930529821224,"[     10.256      9.8121      9.8921      3.5919      1.5245      7.2031      17.277      4.3196      9.3603      16.081       9.534      11.688      19.699      11.338      8.7522      13.075      9.0095      11.227      10.666      13.631      5.6055      10.357       5.549       10.01      9.2598      14.187
      10.079      7.1235      14.399      11.572]"
13,transformed_0.2,ClusterSampler,0.14187678309609786,"[     12.753      14.167      11.653      14.078      14.359      13.139      11.723      17.261      15.847      9.9473      12.408      12.636      9.3471      13.059      9.9156      8.5107      11.335      14.037      14.122      12.641       11.47      10.442      15.097      8.8012      13.741      8.9044
      11.351      11.663      15.899      13.395]"
13,transformed_0.2,ClusterSampler,1.0735318532789873e-05,"[     8.0135      13.244      13.001      15.475      9.7063      10.502      5.9915      11.532      18.478      6.7433      17.129      11.201      8.6313      18.365      12.156       5.852      8.4827      13.493      15.538      8.5339      13.782      6.9873      7.9328       13.11      8.2566      1.5149
      11.902      13.417       14.64      11.596]"
13,transformed_0.2,ClusterSampler,0.005798643198909846,"[     11.955      15.168      16.228      1.6423      6.5221      10.113      11.417      11.902       16.23      9.6743      15.564      11.566      1.1567      9.1052      18.642      12.763      13.965      5.8654      11.533      10.182       8.749      15.249       11.61      15.386      13.118      7.7114
      12.045      8.7148      6.2893      3.2706]"
13,transformed_0.2,ClusterSampler,2.394922232811861e-05,"[     8.6319      11.082      10.202      6.5953      10.797      5.4532       7.358      9.6642       9.773        17.6      8.0468      12.157      8.8743      13.648      9.2609      14.386      6.2835      14.265      9.2916      8.4359      12.968      14.237     0.45574      11.008      12.144        5.96
      10.211      16.351      14.602      15.524]"
13,transformed_0.2,ClusterSampler,8.222623478937044e-05,"[     11.211      15.698      7.7274      13.602      10.694      8.2294      16.362      13.044      9.7008      13.535      18.111       3.498      5.2824      13.939      16.543      4.6572      8.6645      14.671      10.479      5.4408      1.8121      11.875      6.6486       8.641      12.711      9.4617
      7.7472      12.526      12.772      7.9483]"
13,transformed_0.2,ClusterSampler,0.0028004234379852932,"[     11.213      3.6486      10.224      6.1855      13.834      13.216      13.439      1.6688      6.5648      12.686      13.053      17.534      9.2558      14.621      5.4332      7.5634       12.87      13.048      11.231      7.9274      6.3726      9.0994      9.7968      10.969      9.4068      8.8893
      5.2975      5.2766      14.025      11.417]"
13,transformed_0.2,ClusterSampler,0.015704395771284168,"[     14.877      9.0609       11.83      13.976      17.464       6.245      16.541      2.1364      13.771      12.536      9.5265      7.7423    0.096068      8.0752      10.884      13.428      10.869      11.074      10.206      10.111      8.3899      5.6931       15.37      0.9344      11.161       13.87
      12.567      11.633      9.9828       11.33]"
13,transformed_0.2,ClusterSampler,0.0005146337906533174,"[     15.233      9.6079      9.5805      9.9171      10.742      14.281      16.186      14.542      16.236      8.4693      3.9551      6.2115      14.288      11.567       5.754      1.7084      9.3148      12.115      14.829      14.341      10.156       12.99      16.942      11.681      13.007      11.304
      5.7144      14.278      8.9193      15.689]"
13,transformed_0.2,ClusterSampler,0.00044467580987552147,"[      12.23      10.868      11.305      13.322      2.5894      10.693      11.483      13.398      5.3609      7.6106      15.701      16.572      9.7193      13.047      10.928      11.796      11.435      5.4047      10.339      11.679      14.122      13.043      8.8888      9.7063        16.9      10.561
       12.06      8.1331      14.449      13.997]"
13,transformed_0.2,ClusterSampler,5.5385993659191406e-05,"[      10.71      14.057      16.136      9.9681      11.581       7.576      9.8302      6.3594      20.393       9.851      12.368      11.351      14.599      15.321      15.304      14.206       6.344      12.913      12.149      13.331      16.307      8.4208      8.2374      7.6872      4.8776      4.4758
      9.3102      12.936      7.9301      11.058]"
13,transformed_0.2,ClusterSampler,0.009043059717389737,"[     14.761      7.1666      11.657      9.9141      9.7904      14.269      6.6955        10.9      13.949      11.767      7.9343      10.819      11.851      18.077      13.904      11.169      8.7185       9.385      8.6582      11.189       4.816      15.498      11.496      18.145      8.5895      13.963
      10.566      12.516       8.821      6.0164]"
13,transformed_0.2,ClusterSampler,0.0009295163472461988,"[     15.928      11.441      11.419       13.19      12.602      9.1034      12.532      9.9772      11.139      9.1461      10.305      13.463      6.4775      10.346      9.4752      11.069      7.5556      16.248      8.3798      9.9458      4.9465      9.0121      9.2939      10.017       11.24      10.301
      8.7992      11.141      7.6695        8.05]"
13,transformed_0.2,ClusterSampler,4.944504245660287e-05,"[     9.2406      7.8012      9.6262      11.842      14.581      17.658      11.266      13.657       9.115      5.5233      9.7471      7.3646      11.209      11.318      3.0826      14.185      1.6417      15.745      10.251      6.1158      12.799      15.599      4.8736      3.8336      10.933      14.689
      2.9198      15.382      11.559      9.8577]"
13,transformed_0.2,ClusterSampler,0.00017204803925831598,"[     11.484      15.796      7.5969      1.2443      14.977       12.95      9.3848      7.9548      16.094      8.7297      14.652      6.3403      12.023      10.352        11.1     0.34342      8.5888      10.371      17.551      13.806      6.9994      16.059      12.797      13.808      13.249      10.398
      13.093      12.575      8.4522      13.624]"
13,transformed_0.2,ClusterSampler,0.002981447383538778,"[     10.595      1.4997      18.286      12.857      13.667      8.1017      7.8041      13.466      13.498      3.2278      13.134      16.949      12.632      10.569      10.073      13.352      11.858      13.776      7.9151      16.578      11.203      1.1437      12.768      10.098      9.2823      12.634
      9.4556      7.1595      8.2696      12.951]"
13,transformed_0.2,ClusterSampler,0.013111110400755011,"[     18.819      13.216      12.538      12.077      7.7129      14.569      10.105       5.304      10.951      9.7456      11.397      9.5026     0.41284      13.361      14.721      9.3999       13.84      9.0333     0.55449      6.6882      9.9826       9.083      14.351      6.4399      14.068      8.8755
      8.2517      14.381      7.7799      15.771]"
13,transformed_0.2,ClusterSampler,0.004145007182559384,"[     11.585        18.5      14.696      7.8852      6.1881       11.37      6.3302      14.538      14.571      10.952      13.548       8.451      16.379      16.151      14.784        13.6      15.198      2.1311      15.358      9.5908      11.574      8.1632      12.056      10.204      11.461      7.9428
      11.613      7.2988      6.7074      8.3646]"
13,transformed_0.2,ClusterSampler,0.016335064395356622,"[      5.482      15.107      1.0822       9.021      3.8572      8.9007      19.535      13.669      4.6609      9.8727      11.799      9.2551     0.10534      14.831       11.03       12.15      9.9447      7.7472      9.7788      9.9165      3.8448      10.202      11.006      6.9944      15.055       15.22
      7.9971      14.089      15.698      13.496]"
13,transformed_0.2,ClusterSampler,1.8847219656323137e-07,"[     9.1502      1.6136      10.658      16.189      8.8923     0.30214      17.308      13.366      9.8179      4.7136      9.0299      5.6352      6.8464      11.818       11.56      12.045      8.5807      10.143      8.8901      9.9758      13.116      8.9874      14.801      9.3358       11.84      5.4494
       13.48      10.146      16.458      10.022]"
13,transformed_0.2,ClusterSampler,0.005903541991667231,"[     6.4321      15.986       9.855      11.294      15.243      13.489      9.3519      11.616      9.5147      6.7606      8.6173      9.6868      6.7653       11.05      8.4652       10.72      7.9249      11.432      7.9569      7.7008      16.444      13.955       6.782      9.9127      0.2349      14.328
      7.3354      15.758      2.1483      14.686]"
13,transformed_0.2,ClusterSampler,0.003994277170787297,"[     14.278      9.4037      12.437      6.8289      1.3926      7.8066      12.924       10.48      13.353      10.689       8.014      4.3635      16.581      11.071      15.648      14.583       9.465      10.286      4.1004      7.4437      7.4752       12.77      4.2913       16.96      8.0467      12.596
      14.347      11.224      14.848      11.948]"
13,transformed_0.2,ClusterSampler,0.000678112247964199,"[     12.153      11.926      11.843      7.9616      12.803      6.5621      11.488      13.729      13.065      12.318      12.967      14.223      6.7572      10.944      6.2719      16.131      11.506      19.428      10.512      12.313      2.7022      12.394      7.5894      13.663      12.837      2.7924
      8.0316       6.791      5.8509      10.734]"
13,transformed_0.2,ClusterSampler,3.619335859945008e-05,"[     16.869      8.3743      3.0082      13.636      2.2801      9.8395      9.3901      13.575      2.9254       9.196      8.5811      9.2254      8.2961      5.5434      6.5923      0.4614       8.501     0.53183      9.6267      2.4315      15.436      11.885      15.729      12.297      15.708      11.112
       8.648     0.62701      10.951      9.6464]"
13,transformed_0.2,ClusterSampler,2.7848429231362366e-05,"[      17.13      13.383      9.2975      16.664      7.0064      11.681      5.7888      8.3276       1.742      13.759      16.898      7.8608      10.413      3.5208      8.5796      12.026      10.842      14.255      14.624      15.283      14.024      8.5488      12.864      8.1018      1.3602      11.879
      10.209      14.812        17.8      14.587]"
13,transformed_0.2,ClusterSampler,0.0009603526950337632,"[     11.585      8.2297      13.229      15.436      10.065      12.757      12.261      8.7895      8.0071      11.728      15.791      11.953      7.4695      12.213      7.6565      11.074      11.946       12.35      16.303      9.2585      12.547      12.842      13.207      7.5357      11.713      12.705
      13.035      10.262      6.8011      10.266]"
13,transformed_0.2,ClusterSampler,4.490677329248031e-05,"[     12.037      5.8911      15.242      12.531      6.7443      9.2501      13.776      10.129      13.468      6.5888      16.175      8.4635      10.063      9.5744      10.689      11.638      2.4751      7.8012      7.4814      7.4022      9.5215      3.6789      1.3313       13.94      12.233      6.2186
      7.5462      7.5524      17.453      5.8501]"
13,transformed_0.2,ClusterSampler,0.00048369439381719295,"[     15.201      9.9912      12.295      13.823      4.5167      17.566       8.198      8.8679      12.308      9.2293      12.608      13.288       11.45      10.633      1.4267      12.463      12.486      14.921      4.6229      4.6062      8.2517      10.428      9.7985       12.57      7.7144      13.493
      14.991      9.9618      7.9668      7.3863]"
13,transformed_0.2,ClusterSampler,0.00045026557650093557,"[     13.362      12.963      14.205     0.35355      9.6228      5.3226      8.4066      9.4582      8.9503      12.833     0.38536      17.343      18.858      2.4291      14.396      4.8008     0.83474        16.3      12.922      11.851      10.358      9.6286      9.8969       14.15    0.087766      14.993
      17.693      4.1248      16.861      2.5047]"
13,transformed_0.2,ClusterSampler,0.018575259393754755,"[     14.757      15.792     0.74343      16.289       6.327      11.555      12.291      3.7981      10.148      11.782      15.545      9.0132       8.817       15.98      8.3461       12.25      15.175      4.2857      9.2838      17.968      5.9339      11.156      8.8687      6.0198      10.776      11.027
      9.2084      7.7288      9.2378      13.003]"
13,transformed_0.2,ClusterSampler,0.026086640545144906,"[     17.503      5.5302      11.987      7.6796      7.7628      11.608      14.996      14.592      13.705      9.5076      10.306      8.8931      14.059      8.6172      10.586      14.657      7.0452      9.8365      7.2463      12.155      9.8192      5.6575      10.684      9.4143      11.998      16.631
      3.0076      11.854      9.2627       9.529]"
13,transformed_0.2,ClusterSampler,0.0008602506485081805,"[     14.421      12.432      2.7723      5.6107      12.317      11.709      17.651      7.0673      16.287      13.418      16.526      6.9583      14.244      14.849      13.396      13.687     0.56666      15.689      6.8325      9.7653      11.949      15.569      14.764      12.556      11.821      5.6386
       7.522      6.2487      9.9554      5.9509]"
13,transformed_0.2,ClusterSampler,0.006806916129532259,"[     7.4259      9.5425       4.298      9.2215      7.3094      10.571      15.903      12.907     0.62313       15.26      10.935       9.544      18.044      9.6799        10.4      9.5648      15.612      11.605      5.1641      19.691       13.63      9.5362      16.447      11.898      1.0316      8.4774
      3.5739      11.343      5.6738      7.3136]"
13,transformed_0.2,ClusterSampler,0.000420319221710151,"[     1.7708      16.954      11.592      10.727      9.3653      6.1682      9.4768      5.1056      13.857      5.0908      7.5215      8.7454      3.4803      18.308      7.5426      13.313      7.5325      14.348      9.7703      8.6779      15.619      7.7399      10.322      15.414      3.0123      10.695
      15.243      13.912      18.546      9.6759]"
13,transformed_0.2,ClusterSampler,0.06147739702737909,"[     12.594      11.634      13.214      9.5127      13.708      10.011       18.06        12.7       9.524      6.0715      7.9773      10.059      6.7329      12.478       11.35      11.185      13.335      10.001      9.1851      17.621      2.4693      12.709      9.5708      5.8225      16.293      9.6293
      15.764      13.294      5.8222      11.813]"
13,transformed_0.2,ClusterSampler,0.013080120411042725,"[     11.988      13.106      15.062      16.602     0.88959      11.429      8.0612      11.417      11.409      14.633      13.725      7.8034      11.864      10.298      13.255      10.848      16.303      12.516      10.424      10.171      11.931      4.6417      15.916      14.205      12.562      18.718
       9.694      3.4525      11.522      12.407]"
13,transformed_0.2,ClusterSampler,1.4731273156078132e-05,"[     13.014      9.5444      10.176      6.8844      12.063      7.3525      5.7864       9.827      8.5169      14.613      9.3819       4.584      13.639      9.8243      15.186        4.87      11.335      14.405      11.899      10.536      10.441     0.53592      13.056      7.9025      7.6395      9.0983
      13.307       4.057      4.3701      14.463]"
13,transformed_0.2,ClusterSampler,0.004992413925236706,"[     8.3934     0.56945      14.885      9.3361      9.9257      9.9383      14.549     0.46129      13.273      9.3928      8.8477      3.7363       12.55      11.204      9.8809       12.74      15.997      16.859      8.3738      9.2215      4.4017      8.8905      6.3012      15.687       3.801      12.302
      9.9493      17.432      17.152      10.779]"
13,transformed_0.2,ClusterSampler,0.00046163950165885185,"[     9.6632      14.755      5.4423       6.936      16.814      6.6841      18.946      14.026      12.903      8.9968      5.2965      7.8991      11.369      4.1376      15.507      14.265      11.561      13.543      7.8637      11.794      11.994      11.681      8.8886      8.3542      3.3022      7.1029
       10.47      3.5769      4.8108      18.094]"
13,transformed_0.2,ClusterSampler,0.00843967804186748,"[     9.3657      3.8171      13.464      11.403      11.581      8.3302      15.055      10.911      16.266      11.954      2.6978      11.138      3.8105      13.341      18.635      15.049      16.142        14.9      13.986      10.008      14.012       19.22      10.693      10.864      8.2828       8.489
      17.628      3.9586      8.9075       9.945]"
13,transformed_0.2,ClusterSampler,0.002468296705900353,"[     15.249      8.6335      17.546      15.394      7.9127      19.509      10.544       12.63      9.0473      12.634      10.765      6.0291      11.732      11.851      10.033       9.186      15.454      9.8105      8.6893      15.238      12.861      14.274      9.9672       7.028      13.471      17.656
      10.645      8.5029       9.497      13.389]"
13,transformed_0.2,ClusterSampler,0.00014037985812714223,"[     13.435      11.959      14.834       12.41      11.602      8.9073      7.9427       10.32      13.903       4.195      13.969      15.511      13.909      13.202       9.689      7.2405      12.438      11.071       18.55      5.9263      15.896      11.513      18.362      10.365      12.263      14.398
      7.8282      10.677      14.181      15.076]"
13,transformed_0.2,ClusterSampler,0.002831156871426145,"[     14.888      12.289      16.737      12.111      15.104      15.017      6.0758      11.977      12.654      9.3017      7.0277      18.344       17.49      11.571      13.598      8.7611      7.6483      4.4953      8.2493       10.71      11.337        5.73      6.0913      7.2426      7.8225      11.795
      5.9814      15.334      6.7768      20.533]"
13,transformed_0.2,ClusterSampler,2.4275112845123087e-06,"[     12.793      9.8735      16.462      12.414      8.1937       10.97      8.2007      16.608      10.469      10.239      3.8402       15.92      8.1926      10.777      16.039      10.958      15.726      14.259      10.934      9.2072      12.018      12.977      16.078       9.712      0.3958      11.407
      8.6957      15.294      6.4878      3.9065]"
13,transformed_0.2,ClusterSampler,0.0005821300230636001,"[      16.31      15.263      10.223      14.652       15.17      11.495      10.635      12.327      10.485      10.994      7.3179     0.51385      10.354      12.256       10.11     0.63735      14.461      13.781      9.6764      12.334      9.1729      7.8769      7.9612      2.8852      9.6896      12.003
      13.985      6.0247        13.9      11.622]"
13,transformed_0.2,ClusterSampler,0.0019923145766376402,"[     8.9063      11.861      11.019      1.7067      3.2864      10.406      13.387      9.0468      14.021      5.9257      12.369      6.3962      2.1094      13.129      9.0443      1.4655      5.2843      16.472      2.2537      9.3888      13.497      16.224      12.945      1.3434      9.5984      12.992
       9.665      9.9167      11.381      10.539]"
13,transformed_0.2,ClusterSampler,0.0006341957793564809,"[     13.373      3.6525      10.579      7.9596       13.86      11.277      9.0044      10.928      12.813      5.6727      13.877       7.088     0.10978      13.493      2.2606      16.026      9.8594      5.8397      9.0136      6.6985      6.4711      8.2324      12.704      16.629      7.0341      13.468
      10.374      11.937       12.99       10.89]"
13,transformed_0.2,ClusterSampler,0.00013392989326403113,"[     10.023      2.1123      8.7916      12.403      8.0873      14.314      12.376      16.006       11.71      12.518      10.454      11.383      16.941      6.6336      10.361      5.6348      8.2792      15.146      6.8731      15.195      3.9572       9.238      8.0823      11.548      7.1052      14.755
      7.2921       16.28      12.737      8.1891]"
13,transformed_0.2,ClusterSampler,0.08948275155661232,"[     9.5181      13.684      9.6289      10.676       10.22      10.565      15.397      2.2752      12.746      7.1833      9.8617      8.1659      5.5266      19.936      3.9607      5.3756      7.8375    0.033548      11.285      7.4321      4.9399      12.982      8.7038      12.132      3.8055      2.9731
      18.479      15.508      17.017      14.502]"
13,transformed_0.2,ClusterSampler,0.0007538584474376595,"[    0.41296      16.888      6.8426      9.8986      16.607      11.603      11.964      15.648      14.332       8.906      13.362      10.144      9.0297      11.578      11.197      14.112      12.988      10.263      10.759      13.722      10.874      16.122      9.0369      14.339      8.6868      14.061
      3.9625      12.755      7.1923      10.584]"
13,transformed_0.2,ClusterSampler,0.03056162366451826,"[     10.906      11.688      9.8206      13.136      3.9954      11.921      9.7173      9.9612      16.561      13.964       12.51       13.07      10.363      6.6859      9.1984      11.065      16.499      11.401      14.708      9.6056      14.981      7.5442      14.315      13.005      16.612      2.7505
      2.1994      8.9371       18.29      10.119]"
13,transformed_0.2,ClusterSampler,0.00017034510284548706,"[     7.2824      11.922      9.0543      8.6315      10.365      11.477      10.785      14.473      13.673      13.605      7.4052       15.81      9.0517      9.9969      15.945      5.7405      3.3528      15.273       11.39       11.99      3.7432      15.264      11.343      7.9507      12.599     0.56497
      15.526      13.511      11.094      9.0182]"
13,transformed_0.2,ClusterSampler,0.00039596622204724624,"[     6.8646      11.309       14.32       8.685      5.1477      2.0428      7.6818      8.5345      9.7922       9.636      7.3702       6.308     0.83455      15.512      7.3031      11.757      8.2283      15.551      2.5461      6.5403      15.207      10.792      13.635       4.604      16.762      13.385
      7.6046      12.928      11.132      3.0229]"
13,transformed_0.2,ClusterSampler,0.00016423560350773146,"[      13.36      6.8603      15.465       12.09       22.33      11.238       14.14      8.3078      7.3596      10.754      8.3384      10.288      9.5439      10.665      7.0017      16.175      10.413      16.175      12.186      15.789      8.0908      7.7467      17.019      9.2671      9.1359      15.552
       17.05      12.487      15.187      12.343]"
13,transformed_0.2,ClusterSampler,0.16619489072591143,"[     4.9938      7.1019      8.9327      8.7565      14.581      13.363      4.4636      10.892      11.579      14.631       4.316       10.61       11.95      15.534      8.6165      7.8745      9.8025      8.2534        10.4      8.9929    0.038977       8.729       10.09      9.4135      11.464      13.228
      11.416      8.2237       4.318      9.3433]"
13,transformed_0.2,ClusterSampler,0.0005004893463437313,"[     15.175      13.311      17.613      14.855      15.272      3.8417      17.508       16.28      11.887      13.397      16.874      5.6177      15.705      10.502      15.602      7.2657      12.083      7.1743    0.091894      14.014      15.187      15.152      7.4668       13.08       8.584        12.8
      11.334      12.175      12.481      9.2642]"
13,transformed_0.2,ClusterSampler,0.0019923145766376402,"[     13.341       9.048      11.612       15.86      9.1712      8.9042      10.776      13.401       5.443       11.43      15.054      8.4309      12.012      7.0727      6.0292      16.354      8.4005      8.6652      13.035      2.8444       17.97      13.338       5.459      7.4056      11.376      16.402
       16.72      11.648      9.2013      11.711]"
13,transformed_0.2,ClusterSampler,0.0010870341712920018,"[     5.5247      18.292      11.183        5.62      11.605      15.037      16.116      5.7874      10.038       9.051      15.659      8.8751      10.884      10.416      9.2682      6.7141      18.881      11.493      12.712       12.27      5.4359      10.504      9.9738      13.787      11.667      14.543
      18.466      15.973      11.763      16.509]"
13,transformed_0.2,ClusterSampler,0.006149831284953982,"[     7.4157      11.199      9.2404      12.163      11.021      8.7346      13.367      15.464      15.278      14.339       7.341      10.814      8.7703      16.445        10.8       10.79      6.9154      12.066      11.836      7.3578      10.693      7.5694      6.2249      15.108      5.0786      7.4932
      19.392      10.908      8.1995      3.2811]"
13,transformed_0.2,ClusterSampler,0.056497614703441196,"[     16.205      7.1844       10.04      11.449      14.775      13.591      15.174      10.347      7.5267      8.6109      8.3385      17.977      15.061      11.542      16.035      15.321       13.23       10.76      14.684      6.7172      14.576      11.756      3.5404      15.452      17.543      12.624
      13.254      12.779      13.121      11.418]"
13,transformed_0.2,ClusterSampler,0.02597259186239029,"[     12.885      10.749      10.467      17.845      9.7129      12.801      16.813      14.243      9.5828      16.156      18.532       6.623     0.46915      13.454      14.097      13.448      7.0252      11.825       2.979       11.71      12.861       12.68      8.6697      14.305      12.143      6.2407
      7.6934      10.512      14.062      10.213]"
13,transformed_0.2,ClusterSampler,0.0018206437444433792,"[     13.763      11.062      9.8127      5.4449       11.95       8.682      11.914      9.0375      14.716      8.8388      11.494      13.812     0.63102      3.4498      14.975      10.162      12.583      9.4184      12.483      9.9543      6.8979      10.317       10.25      10.258      11.867      8.7553
       13.71      10.686      11.757      12.935]"
13,transformed_0.2,ClusterSampler,1.916532447314803e-05,"[     11.842      13.158       13.58      14.309      7.8849      13.958      12.281      11.121      12.095      13.396     0.82586      3.2605      11.537      7.3043      16.473      18.222      9.8161       5.391      12.711      3.3436      5.9492      13.916      14.616      14.005      10.937       11.26
      9.8424      15.713      11.402      12.806]"
13,transformed_0.2,ClusterSampler,0.0040582481441150025,"[      8.767      8.5173      8.2819      17.125      9.2047       7.944      10.058      6.7299      7.9836      10.292      11.417      9.1849      14.871       9.597       13.83      10.021      13.665      11.008      4.5378      13.372      10.924      12.158      17.318      11.501      16.637       12.73
      8.9333      9.3837      14.697      6.3136]"
13,transformed_0.2,ClusterSampler,0.0918119720050326,"[     1.1519      6.9133      12.213      5.3988      7.6721      1.3536      14.047      9.1486       8.782      19.144      2.6517      7.5269      6.5481       6.976      9.3018      15.221       10.73      5.6901      12.393      1.5311      2.2173      15.107       7.646       14.05      13.631      7.9841
      15.881      8.7638      11.224      5.1606]"
13,transformed_0.2,ClusterSampler,0.000455919055971263,"[     7.2991       13.37      8.5708      16.079      8.1004      10.316      16.197      6.9811      11.591      8.0314      7.5842      12.971      13.178      17.392      15.681      13.181      18.002      11.516      12.317      9.7296      8.8828      10.909      12.097       18.28      16.365      7.7968
       9.004      16.015      12.623      15.603]"
13,transformed_0.2,ClusterSampler,0.03494943841504069,"[     18.034      13.993      13.701      14.676       7.454      7.7831      8.9967       12.82      11.602      7.0697      6.1835      13.099      17.142      12.987      14.311      15.427      5.2176       10.82      15.238      16.866      4.4744      12.744      13.088      13.364      11.905      8.3644
      16.099      16.983      15.635      15.198]"
13,transformed_0.2,ClusterSampler,0.03443626436100529,"[     10.659      10.522      11.619      15.972      9.9955      14.255      12.727      5.7923      11.956      12.861      15.401      6.5143      17.475     0.97339      14.206      13.348       10.84      12.227      11.349      15.674      6.3904      8.2863      8.3437      11.222      8.0653      16.181
      13.681      4.8624      9.1805      15.138]"
13,transformed_0.2,ClusterSampler,0.06005156847899719,"[     14.086      16.895      16.612      17.402      16.247      6.3584      12.031      13.283      12.092      13.172      15.434      12.251      9.0976      18.447      14.131      12.359      12.898      11.895      13.344      12.999      14.215      18.111      19.765      11.832      12.421      11.873
      8.8943      8.5697      19.168      13.082]"
13,transformed_0.2,ClusterSampler,0.13072307988383916,"[     10.129      5.8331      1.3458      15.398      10.147      3.5828      12.602      13.646      4.8685      13.905      14.922      13.831      11.285      10.698      4.9057      6.2329      5.4258       9.039      13.132      16.408      5.7169      15.194      4.1658      7.4728      8.5322      9.6264
      13.838      6.7882      10.712      21.745]"
13,transformed_0.2,ClusterSampler,0.007285729317341898,"[      13.14      16.425       14.07      14.384      13.053      14.908      7.1612      8.8755      6.7705      14.934       5.361      10.373      11.748      6.1973      14.353      12.336      10.288      9.4233      12.455      7.9418       7.946      10.224      11.751      14.847      11.513      11.801
       15.43      13.238       9.727      13.602]"
13,transformed_0.2,ClusterSampler,0.026780151499429035,"[     7.3984       10.13       2.248      10.712      6.5829       12.98      6.3259       9.155      2.6336      3.4474      8.1965      2.8465      7.8829      12.666      10.864      13.614      13.134      11.206      1.0023      17.217      16.613       9.414      10.159      12.818      14.815      10.197
      18.229      9.8934      11.729      12.789]"
13,transformed_0.2,ClusterSampler,0.000705377558631268,"[     6.6109      7.8936     0.59576      5.4028      3.2996      9.3909       8.909      12.404      5.0628      10.118      11.486      3.7333      4.4486       11.54      10.358      14.107      10.983      15.798      8.8535      10.093      12.948      8.3293      13.855       11.03    0.083727      12.452
      6.8745      4.3904      12.285      15.351]"
13,transformed_0.2,ClusterSampler,0.0005893168084692868,"[     14.797       9.838      10.237      2.5445      8.4896       10.24    0.047902      11.591      0.6294      11.648      14.089      11.891      18.634      9.6943      12.952      11.964      4.9887      10.369       9.063     0.92937      10.685       14.34      16.149      10.116      4.8107        8.63
     0.23257      8.6411      8.4031       7.857]"
13,transformed_0.2,ClusterSampler,8.954950929149893e-06,"[     8.3143      7.4859      6.9728      11.009      13.525      8.9468      12.539      7.6086      8.7539      14.322       5.894      13.643      1.7895      14.594      9.6914      9.0205      3.0794      6.2761      18.326      6.7568      15.199      9.3805      15.697       7.885      15.632      9.4807
      14.138     0.73361      2.4474       9.421]"
13,transformed_0.2,ClusterSampler,0.0062445716363386545,"[     9.4769      8.5151      10.527      13.321      16.945      5.0793      12.395      4.5111       10.34      18.274      14.736      5.6649      3.6415       7.515      15.986       12.93      8.4275       9.688          12      14.191      2.2952      13.853      17.812      6.0438      11.561      7.0772
      10.229      12.754      1.5244       11.53]"
13,transformed_0.2,ClusterSampler,0.06087976264237043,"[     13.526      13.255      18.338       17.58      12.995      9.5697      18.621      12.029      11.284      12.715      9.0431      1.1769      14.826      10.316      9.1798      9.3932      9.2941      18.142      16.924      12.515      12.473       9.925      8.8509      5.5073      12.378       6.543
      14.837      16.171      11.515      2.2898]"
13,transformed_0.2,ClusterSampler,0.00037176097145032985,"[     14.095      4.0661      11.789      10.266      12.122      11.143      14.977      16.874      9.9011      10.773      5.6332      8.0262      15.131      6.9402      15.292       12.46      10.388       12.15      5.5044      11.356      15.256      12.675      10.911     0.91607      10.444      11.931
      11.617      3.9598      14.711      9.0363]"
13,transformed_0.2,ClusterSampler,0.06971031131851883,"[     16.215      9.6687     0.76349       9.626      14.243      6.5092      10.028      10.894      10.484      9.3237      9.5561      9.0553      13.611      9.0914      7.3278      12.746      10.434      9.5172      11.172      19.394      13.768      3.6885      10.168      1.1263      8.9825      10.798
      8.5526      11.063      13.936       10.41]"
13,transformed_0.2,ClusterSampler,0.0004732826143404237,"[     4.8307      15.334      6.7723      12.199      13.103      14.116      15.423      11.169      9.9457      15.661      7.6507     0.28865      10.693      6.9153       10.42      9.7918      11.187      7.6117      14.721      13.691      8.8439      6.8734      15.583      2.4473      11.519      14.939
      15.333      14.531      6.5755      18.213]"
13,transformed_0.2,ClusterSampler,0.04393304857302085,"[     17.265      9.7201       10.74      5.2308      10.356      14.084      13.292      7.5037      9.8672      6.2859      6.6757      15.671      16.183       5.262      5.9209      19.552      10.001      12.083      7.8145      13.302       14.09      13.579      2.3161      11.024      9.8055      15.695
      12.212      16.118      5.9024      12.173]"
13,transformed_0.2,ClusterSampler,0.023834806933938094,"[     3.5539      9.2963      9.8544      14.449       11.76      9.6868      11.231      6.3963      12.778      7.0071      9.8169      15.043      3.6031      1.1351      4.3189      3.6744      4.5104      14.282      1.5944      11.825      12.866       14.04      8.5349      12.398      13.472      12.356
      12.319      4.8799      13.954      8.1664]"
13,transformed_0.2,ClusterSampler,0.00019186757632560673,"[    0.66001      9.6866       10.08      9.2424      11.353      14.621      3.4061      0.2537     0.80174      6.8139      6.0603      14.118      10.599      12.998       17.54      11.017      9.5562      17.903      9.2173      15.618      4.1128      11.754      14.233      12.736      16.789      9.1126
      5.3379      10.282        14.7       7.282]"
13,transformed_0.2,ClusterSampler,0.013018320413154084,"[     14.881      6.7662      13.098      10.416      9.5493      14.438      10.197      13.555          15      6.4622       10.11      8.4709      8.3052      8.2303      1.4645      11.085       13.45      6.6809      12.969      11.361      9.3183      8.2386      6.8796      9.5096      17.895      2.3808
      7.5189      12.341      6.6966      16.446]"
13,transformed_0.2,ClusterSampler,0.0003534012624438252,"[     12.234      11.485      7.6929      10.869       13.67      16.252      11.343       11.15      8.1359     0.29261      3.4675      10.232       10.99      10.983      12.486      2.9664      9.7537      9.8145      9.2452      9.5887      10.733      11.437      6.0483      8.9578       11.04      12.015
      16.031      6.3448      11.318      12.184]"
13,transformed_0.2,ClusterSampler,0.2946419821863125,"[    0.37608      8.8634      18.382     0.28827      11.287      15.248      10.555      1.9516      4.7969      4.4279      14.791      2.8856       1.063      7.0847      1.4608      8.8158      6.9135      10.911      9.8532      2.8342      13.028    0.038125     0.14513    0.019976      13.724      5.2979
      13.167     0.15886      6.3876      7.6754]"
13,transformed_0.2,ClusterSampler,0.20755838758187709,"[     14.111      10.035      7.5012      3.2139   0.0096903    0.030174      6.9823      9.9097      5.7902      6.7225      12.003      5.0229      9.4519      10.867      9.7995      3.1364      9.2881      13.685      8.4306      16.409      4.9074      12.525      5.5053      8.4115      12.356      3.6657
      12.481       17.98      7.5038      7.0181]"
13,transformed_0.2,ClusterSampler,0.001997908460192718,"[     9.5044      16.359      18.905      7.4011      5.5115      7.4748      11.005      15.047      13.917      9.3338      12.711      14.138      9.5833      8.5166      13.663      3.2183      4.4895      7.4105      10.939     0.46092      14.872     0.68221      6.9941      14.675      9.7323      17.555
       8.356      14.516       12.46      12.356]"
13,transformed_0.2,ClusterSampler,6.476304372200367e-06,"[     11.437      3.4118      10.942      4.8149      7.0821      10.305      7.6339      8.4941      11.816      6.2741      13.179       12.91      10.724      14.881      9.8065      8.0784      15.661      10.002      10.192       5.397      13.643      10.433     0.19105       1.162      11.906      2.9398
      2.8233      11.894      13.671       14.99]"
13,transformed_0.2,ClusterSampler,2.8676451209293684e-05,"[     1.6119      11.866      12.509      14.089      14.925      11.358      7.4791      8.8309      6.6926      9.2586      9.3012      9.7008      13.565      9.0069      10.223       6.568      8.2892       8.415      13.391      17.083      8.0266      9.0092      12.369      9.8764      6.6026      5.5093
      9.3015       5.981      7.9208        8.07]"
13,transformed_0.2,ClusterSampler,0.002271625959439053,"[     11.476       6.798    0.082796      8.2251      16.021      15.376      4.7941       9.471      7.8534      13.958       14.72      11.585      14.029      13.551      8.7557      9.2154      10.277      11.146      3.5041       11.18      11.585      9.9713      10.197      17.001      8.4453      9.2408
      2.9748      12.668      1.7415       13.97]"
13,transformed_0.2,ClusterSampler,0.0012007532199699144,"[    0.45282      10.304      11.651      3.1041      9.7206      15.357      2.2904      14.343     0.10227      14.734      8.7189      14.743      10.974      12.287      10.034      13.665      13.803      10.973       8.872      2.9273      8.6828      10.478      8.3497      16.729      12.149      10.675
      15.634      8.4241        16.1      10.621]"
13,transformed_0.2,ClusterSampler,0.03443626436100529,"[     13.597      6.1557      11.396      14.711      7.4529      14.774      3.7419      3.7861      10.297      9.9552      14.899      10.501      14.074       4.414      16.428       14.59       14.07      17.878      10.818      12.778      10.572      8.4294      17.062      14.383      9.8229      14.276
      4.5681      15.262      18.612      8.7803]"
13,transformed_0.2,ClusterSampler,0.10859810110683203,"[     5.1045      7.7551      13.461      8.0563      9.3964      11.241      11.012      20.568      13.864      9.9283      15.563      13.738      9.1522      11.376      11.488      12.148      15.645      13.463      10.494      15.463      11.916      18.155      13.056      9.7028      14.895      12.076
      11.572      11.436       13.76      13.994]"
13,transformed_0.2,ClusterSampler,0.0008151422039734511,"[     15.129      12.372      9.2484      18.061      11.846      14.513      14.799      14.926      11.261      8.6606      11.268      18.113      8.6628      10.847      15.795      9.6332      8.1199      11.085      16.955      15.202      11.752      5.4195      16.056       10.41      10.635      7.8213
      12.787      13.168      4.1514      9.5651]"
13,transformed_0.2,ClusterSampler,0.01979432588131193,"[     13.341       11.38       15.07      13.869      12.107      10.368      14.943      11.122      11.864      8.2711      6.8276      9.8797      10.743      11.403      12.952      7.7507       14.47      11.351      8.1515      12.479      10.068      12.426      10.547      2.7513      8.0595       7.423
      9.6572      17.254      13.206      15.637]"
13,transformed_0.2,ClusterSampler,0.009637826466655385,"[     11.751      10.809      9.0681      11.044      10.595      8.8706      17.949      13.636      17.153      9.0936      11.308      14.078      11.941      14.194      13.285      9.7714      15.022      13.689      15.707       11.21      10.524     0.88222      12.942      12.681      11.214      14.238
      3.4969       13.13      16.004      12.646]"
13,transformed_0.2,ClusterSampler,0.06479109433398114,"[     12.693      11.865      9.3653      12.832      15.894      13.885      10.243      18.376      13.526      14.117       12.18      2.4779      8.3116      5.1766       5.247      7.7565       14.77      10.234      4.5782      17.191      11.185      8.4644      14.314     0.66399      15.464      9.9584
      5.1068      14.512      11.347      6.7723]"
13,transformed_0.2,ClusterSampler,0.0007161341584613866,"[     6.8398      10.071      9.5581      16.416      6.5631      17.429      6.9841      17.433      12.433      11.201      13.255      8.5736      13.777      9.4215      7.1787       12.68        6.06      3.9088      10.212      15.186      10.349      15.553      4.9056       11.44      10.123      13.358
     0.02019     0.80683      4.0296      12.591]"
13,transformed_0.2,ClusterSampler,0.09946436184913077,"[     10.594      4.5081      5.1508      12.913      2.9509     0.12704      10.659      18.305      12.213      13.541       11.04      14.346      13.363      13.583      17.413      23.521      11.817      16.604      14.964      8.4857      15.513      10.866      10.208      9.5002      10.109      8.2711
      7.5437      10.041      9.9808      17.378]"
13,transformed_0.2,ClusterSampler,0.19896056587785774,"[    0.99983      8.2416      5.8512      15.198      15.755      15.143      16.453      9.4502      11.396      5.9662      11.957      10.358      8.4774      11.227      13.822      12.773      1.7058      4.0462      13.714      9.1618      12.096      12.867      14.857      7.1693      7.0285      10.448
      6.4693      10.389       12.18      12.886]"
13,transformed_0.2,ClusterSampler,0.0020662181714779827,"[     4.7065      9.2256      15.884       14.71      14.475      15.221      7.3474      13.599      14.316      6.6433      15.598      14.258      12.752      15.034      11.058      13.072      6.1449      10.957      7.9845       9.029      8.6515      15.898       12.45      12.485      10.494      17.533
      9.2304      13.656       11.78      17.292]"
13,transformed_0.2,ClusterSampler,0.00047181326497990593,"[     8.8498      16.446      11.124      8.9654       13.76      15.738      7.3721      6.4662      7.2328      13.744      10.802      14.584      10.336       6.453      4.8596      11.784      9.8808       12.67      19.079      11.497      5.3777      9.6216      10.426      2.2766      11.185      13.662
      18.104       12.16      6.8096      4.6726]"
13,transformed_0.2,ClusterSampler,0.18435540608702128,"[     6.1808      12.313      11.298       5.886      13.591      12.332      13.019      11.604      6.7339      12.624      11.749      10.704      11.091      9.3627      7.8402      12.954      6.2413      3.5997      11.375      15.788      14.817       10.71      15.128      19.107      13.753      12.477
      7.6252      15.177      9.1703      13.815]"
13,transformed_0.2,ClusterSampler,0.01352003931010155,"[     10.368      13.667      17.649      9.3106      4.1121      10.619      6.2228       10.62       9.755       15.57       1.916      11.969       13.43      4.8863      4.4491      8.3143      5.4805      6.7348       2.187      5.8965      11.851      15.755      1.7494     0.91314       16.43      8.4332
        9.34      13.189      8.5408      6.6701]"
13,transformed_0.2,ClusterSampler,0.1273867198584451,"[     14.711      13.754      13.493      1.8073      9.8422      10.947      9.0862       10.36       6.939      12.541      6.6907      12.889       5.303      14.242      13.003      8.4351     0.47846       11.47      11.161      3.6725       2.133      10.347      10.892      11.961      5.3358      13.051
      9.6349      9.2244       13.59      12.422]"
13,transformed_0.2,ClusterSampler,0.018114781262000067,"[     8.3699      18.195       14.59      11.488      7.9488       9.245      14.599      5.6571      3.3015      7.8218      17.201      3.6154      4.7635      10.762      7.1481      12.797      8.5764      11.627      12.962      6.9355      9.8405      14.136      7.6248      13.597      16.661      2.2788
      10.063       10.12      15.442      4.7621]"
13,transformed_0.2,ClusterSampler,0.010494116423146809,"[     5.5178      5.2474      6.9121      17.165      6.2195      10.048      9.0892      9.8322      8.0988      8.2805      11.683      12.785      11.744      4.5071      9.0777      13.904      10.907      12.741      7.5588      8.4326      9.7443      9.7236       7.396       10.29       9.534      9.2299
      9.8264      10.135      12.512      7.2437]"
13,transformed_0.2,ClusterSampler,0.00017902117839866598,"[     11.644      16.148     0.29861      13.141      20.865      9.7139      2.0148      8.8356      11.195      7.8976       17.32      10.968      7.2474      11.896      10.118      15.391      1.8737       12.98      14.555      11.065      9.9694      7.9949      17.921      10.147      7.0525      15.245
      16.306      13.774      13.786      12.297]"
13,transformed_0.2,ClusterSampler,0.0016627205204007892,"[     2.5544      12.769      14.886      13.104      12.431      10.523      14.587       12.16      12.199      12.493      7.3145      13.079      1.9349      14.029      1.3843      14.526      7.0111      17.824      4.1625      11.744      10.113      12.468      9.1555      6.3744      14.499      5.5238
      4.1622      9.5968      14.369     0.44657]"
13,transformed_0.2,ClusterSampler,5.597630166188773e-05,"[     13.308      15.805      12.376     0.31358      6.8996      5.4514      9.0939      13.981      17.397      18.052      8.4216      11.396      11.581      16.858      7.7192      1.2811      12.868      3.3083      9.7314      7.1157      11.542      17.021      16.635      7.6269      11.651      11.586
      8.2572      13.308      8.4991      12.951]"
13,transformed_0.2,ClusterSampler,0.009996783862583137,"[     6.3298      5.3218      3.5492      12.657      9.6768      12.623      15.697      7.4409      14.868      7.0496      8.9643      10.611      15.384      9.8816      11.715      9.4181      10.186      13.041      15.694       10.99      12.295      11.016      11.755      14.126       13.69      8.9228
      6.5563      9.6868      0.9238       2.016]"
13,transformed_0.2,ClusterSampler,0.00021948416391017573,"[     9.8793      14.511      6.6601      14.997      10.076      11.833      13.609      11.043      13.712      11.924      6.7704      8.7572      9.5861      3.9312      10.367      10.156      6.2414      5.9479      9.6748      13.684      11.823      8.7982      7.2962      13.184      6.5173      13.292
      10.925      15.698      8.4783      10.637]"
13,transformed_0.2,ClusterSampler,0.013940411900116686,"[     12.521      13.523      8.8376      12.296    0.081997       18.05      11.362      9.8602      14.212      16.838      12.017      7.9762      11.215      12.001        13.7      14.435        7.32      13.427      4.9452      9.6787      16.076       14.93      12.409      16.833      8.9081      13.966
      12.986      1.9803      7.3255      10.048]"
13,transformed_0.2,ClusterSampler,0.00125799583080596,"[      11.16      6.5989      13.264      12.692      8.1467      6.0821     0.78582       12.16      8.6396       10.85      11.993      10.806      10.336      13.517      9.3439      14.145      11.833       7.893       12.13      10.257      6.0506      3.7532      11.504      17.417      15.324      14.489
      5.8892      13.634      5.6152     0.47395]"
13,transformed_0.2,ClusterSampler,0.00022236899479801078,"[     17.796      2.7519      11.154      20.088      6.4159      8.0569      6.1288       12.68      13.392      10.274       15.03      15.491      12.113      4.7106      3.5208      9.4808      7.1301      9.8323      14.043      10.256      15.688      2.9554      11.984      14.029       5.816      11.291
      9.1617      8.0012       14.45      11.337]"
13,transformed_0.2,ClusterSampler,0.008031242373494694,"[     12.309       2.355       13.64      2.9395       13.91      8.1276      12.129      11.274      2.1385      11.355      12.911      4.4233       11.37      10.915      7.8607      1.4672       9.734      10.628      9.0442      8.3825      11.469      17.043      8.6159      9.8078      10.676      8.8747
      4.0983      12.734      13.887      13.119]"
13,transformed_0.2,ClusterSampler,0.0008324184199847006,"[     6.2916      8.9938      12.687      8.8796       3.559      12.327      11.992      10.001      6.5154      16.812       7.548      13.595       15.47      4.0609      17.663      17.521     0.84911      12.859      14.359      12.621      12.319      10.785      10.358      10.092      12.803      14.183
      15.553      11.748      3.3514      7.7005]"
13,transformed_0.2,ClusterSampler,1.2135193358246918e-05,"[     15.567      13.349      10.113       14.73      8.3578      15.058      2.9735      9.3235      10.913      12.229      11.551       11.69       11.78      6.2326      13.074      8.4571      10.846       7.879      13.304      12.455      3.5988      7.5579       12.83      10.103      3.6418      8.2166
      10.786      13.789      5.9056       9.785]"
13,transformed_0.2,ClusterSampler,6.421252671198917e-05,"[     12.789       2.124      10.784      10.913      7.5865      3.2497      12.571      7.7223      12.674      10.321      10.001      13.594       7.179      14.072      14.249       15.67      13.207      12.485      7.7951      12.354     0.51883      13.844      8.1061      11.034      10.374      6.0346
      9.0435      13.087      14.407      10.596]"
13,transformed_0.2,ClusterSampler,0.020476163292458653,"[     7.8043      8.0242      10.587       11.67      10.203      3.8455      12.646      12.278      10.639      7.9158      20.568      13.947      8.3925       14.15       9.379      11.835      10.569      1.0779      18.848     0.27119      10.571      11.049      7.9236      14.927      14.049      15.022
      5.3499      14.765      12.815      11.787]"
13,transformed_0.2,ClusterSampler,0.0016114204037323643,"[     7.7255      13.505      9.2141      6.0695      6.3377      11.102     0.18063      16.476      10.496      5.0097      9.0102      7.4585      8.7897      11.317      9.0071      14.162      17.322      2.6611      14.033      15.751      13.959      2.5663      8.5214      12.994      5.9577      6.3717
      8.4784       7.971      8.1608      10.483]"
13,transformed_0.2,ClusterSampler,0.018873559992281894,"[     11.492      6.0121      12.388      17.242      13.854      2.7936      13.759     0.30123      10.553      12.515      7.8557       7.698      14.088      16.396      19.004      9.2974      14.288      7.8592      13.107      8.5197      5.4836      4.9318      14.734      11.577       13.32      12.934
      12.659      10.685      15.506      10.766]"
13,transformed_0.2,ClusterSampler,0.00835652910573376,"[     12.065      7.7073      6.7922      8.7739      6.7067      10.322      1.7413      5.8908      6.2183      10.637      4.1397      13.017      11.056       8.538       10.74      8.8916      14.315        10.8      11.757      18.094      4.5939      4.7464      10.762      13.377      12.475      9.3753
      12.467      15.364       14.55      17.187]"
13,transformed_0.2,ClusterSampler,0.05728424973420202,"[     13.812      15.142      15.283      10.473      8.6275      9.1925      7.9422      9.6159      11.127      13.087      13.289      8.0291       7.507      13.855      9.2289      17.797      6.8822      8.2113      9.0181      13.298      9.0624      9.8372      7.8254      10.734      10.759      10.936
      11.743      11.195      5.0759      9.7129]"
13,transformed_0.2,ClusterSampler,0.00030523348753561406,"[     13.775      16.927      13.083      8.9213      11.014    0.022406      8.7076       7.393       9.012      11.804      10.063      17.189      12.892      6.6323      6.9546      8.3735      10.607      9.4075       8.874      7.2506       4.196      13.771      6.2691      8.2614      8.4061      14.247
      10.191      9.4448      13.159      10.914]"
13,transformed_0.2,ClusterSampler,0.0020662181714779827,"[     15.821      9.5268      5.8137      19.101      11.147      13.373      3.9429      16.343      16.795      8.5865      17.316      9.9808      19.648      8.3336      12.577        16.7      6.6492      15.499      15.313      13.638      13.865      14.216      13.489      0.1694       18.53      12.503
      17.376      12.473      7.0201       8.746]"
13,transformed_0.2,ClusterSampler,0.021226379158438436,"[     11.131      10.362       10.16      15.811      11.613      9.4863      13.125      5.5079      4.1074      4.5831      10.127      12.278      1.0606      7.8639      9.1266      14.219       12.69      9.9416      10.081      14.664      18.103      11.219      14.593      3.9863      9.5286      13.514
      12.186      13.511      12.588     0.17961]"
13,transformed_0.2,ClusterSampler,1.4807076308620458e-06,"[     9.9167      11.116      11.847      12.052      9.1422      16.344      10.271       12.11      8.7169      3.7786      16.607      12.916      9.3672      11.163      8.4527      12.186      2.5831      9.5156      12.298      8.2824      10.258      10.754      13.373      11.542       13.87      7.0712
      13.226      6.8735      2.4949      8.5943]"
13,transformed_0.2,ClusterSampler,0.18583527654522708,"[     14.951       8.894      14.282      6.5886      18.009      9.4779      18.986      6.7176      11.516       17.66      9.0735      11.637      8.3203      17.602      3.8716      12.857      13.231      8.8706      6.0025      10.478      8.1371      12.645      7.0562      13.553      5.7746      9.0131
       6.213      6.1995      5.6806      16.456]"
13,transformed_0.2,ClusterSampler,0.039546166272392685,"[     8.3691      11.896       14.05      18.237     0.42683       14.09      10.086      8.4814      8.0502      16.806      12.431      15.972      11.896      11.399      12.429      11.627      17.063      16.977      11.701      7.9628      5.3147      13.288      14.244       6.299       5.349      11.483
      13.567      8.0661      8.6049      10.453]"
13,transformed_0.2,ClusterSampler,0.0001286247914976029,"[     11.446      4.3679      8.8719      17.563      14.217      9.7272      5.7142      17.004      8.9708      12.596      15.395      11.001      14.057      14.426       11.54      7.1583      10.427       12.34      9.1908      13.741      15.173      11.462      12.383      8.9732      17.592      5.5613
      9.3536      17.867      9.2397      2.5179]"
13,transformed_0.2,ClusterSampler,0.0012290683328661255,"[     13.675      9.7499      13.161      10.639       15.89      16.552      13.023     0.77862      7.7125      13.942       10.45      9.1351      9.8782      10.413      12.196      9.9048      14.627      13.342      7.9106      7.5121      14.156      6.9134      10.459      5.0614      13.471     0.35653
      2.2437      15.544      15.853       3.192]"
13,transformed_0.2,ClusterSampler,0.18822681996474705,"[     13.486      9.1889      10.916      11.894       10.81      2.2022      16.536      6.1895      9.7207      10.299      12.144      12.762      17.464      11.457      7.5566       14.11      17.102      13.246      12.128       21.58       12.74      7.0059       9.349      9.8457      8.0316      13.195
      2.9331      7.9501      10.111      13.468]"
13,transformed_0.2,ClusterSampler,0.0005036017226963264,"[     10.454      15.007      13.486      13.978      13.083      10.966      6.7892       10.39       7.794      6.0912      17.623       5.967          14      9.4272      2.1754      12.943      10.265      14.811      15.194      9.7583      14.893      15.898      8.9653      21.879      10.763      1.2803
      12.818      11.946      5.1198      7.2704]"
13,transformed_0.2,ClusterSampler,0.011667301842962568,"[     4.2934     0.10778      10.351      16.177      12.855      10.186      12.872      11.509      15.889      13.292       2.865      8.5273      13.979      12.296      8.2855      8.3913      3.5759      8.6777      8.2404      10.918      11.308      15.085      4.9952      15.214      11.486      13.853
      13.748      13.714      10.955      4.2551]"
13,transformed_0.2,ClusterSampler,0.0012507080301942435,"[     1.9976      10.193      3.9304      11.083      9.6718      12.573      2.7023      10.998      15.951      9.7551      9.4261       13.25      3.0371      12.276      12.955      6.7543      4.8647      10.507      9.1788      3.6789      11.768      10.908      10.704       11.97      11.691      5.8722
      8.4433      1.5513       8.105      11.688]"
13,transformed_0.2,ClusterSampler,0.1469909603086466,"[      6.594      10.475      5.7515       10.32      14.707      8.0337      11.283      8.1527      9.6966      7.1832      14.601       1.004       14.17      16.296      9.6856      12.004      5.1543      15.945      19.936      4.2072      7.5786      9.1332      17.223      14.393      9.5934      9.2676
       2.146      11.301      6.3109      5.4224]"
13,transformed_0.2,ClusterSampler,6.580697910112126e-05,"[     6.8182      1.3668      9.7396      9.8191      12.403      13.428      13.838      11.269      9.8814      11.753      11.245      8.2743      15.858      1.4262       10.74      10.841      15.081      10.208      12.208      5.8324       7.457      14.913      13.219      5.1122      2.2268      12.918
      12.224      15.018      12.537      14.119]"
13,transformed_0.2,ClusterSampler,0.0030468737891293815,"[     14.567      6.9651      14.419      7.5633      15.299      8.8274      6.3746      6.9774      15.185      4.8267      9.0926      7.0697      12.364      15.025      14.546      16.901      17.338      1.9792      1.4783      14.898      16.097       14.45      16.793     0.57216      8.8651       6.277
      9.9629      5.5755      11.004      9.7288]"
13,transformed_0.2,ClusterSampler,0.00011387232931834538,"[     5.8616       8.452       11.89      9.8783      3.9432       6.884      13.754      2.8021      11.627       15.95      9.5883        9.18      7.8225      13.418      15.198      13.318      14.343      6.1208      8.4791      10.294      13.785      5.0127      3.4235      10.985      5.5864      16.652
      6.8748      2.0428      13.733      8.6791]"
13,transformed_0.2,ClusterSampler,0.004090583328862155,"[     13.901      7.6454      8.3832      5.2942      0.7142      13.128      10.698      9.2113      8.4088      15.476      10.126      13.343      11.243      12.731      9.4132      10.984      7.3165      12.556      9.9046      15.653      6.6426      8.2476      9.2919      16.196      9.9404      6.3728
      11.089      9.4321      8.8232      7.8401]"
13,transformed_0.2,ClusterSampler,0.0015795439184888673,"[     18.926      16.287      7.8747      9.2519      11.594      13.634      6.4659      12.669      12.643      7.8984      13.639      12.472      2.3242       21.25      13.909      9.7126      11.472      17.644      12.768       6.496      13.514      14.431      6.1809      10.228      14.382      9.7532
       11.37     0.56658      14.989      15.228]"
13,transformed_0.2,ClusterSampler,1.2416320517012189e-05,"[     6.4196       11.17      7.1646      9.8215      10.986      11.321      6.1204      13.952      9.2578      15.879      16.753      7.4702      15.451      5.1966      15.348      14.507      14.782      7.8214      6.7328      14.811      13.954      7.4531      8.3008      11.193      6.8022      6.6534
      15.522      11.783      11.629      10.134]"
13,transformed_0.2,ClusterSampler,3.946660268664004e-05,"[     13.231      9.0712      14.283      13.874      8.0367      11.106       14.83      19.024      13.402      7.9296      4.4616      6.9894      1.3613       13.83     0.50851      9.3794      3.8255      15.596      9.1286      10.801      11.064      9.7418      7.0248      12.399      16.653       15.52
      10.878      6.3573      9.8979      7.8663]"
13,transformed_0.2,ClusterSampler,0.013173304118295915,"[     10.902      9.6522      10.587       12.75      7.1936      2.4924     0.10244      3.3919      15.588     0.53712       10.68      12.941      10.232      13.567      10.621      14.462      10.231      14.259      16.359      11.295      17.841      11.546      9.0865      8.7068      12.195       14.75
      11.711       15.43      14.622      12.641]"
13,transformed_0.2,ClusterSampler,5.617426606812651e-05,"[     14.444      13.226      5.8171      13.253      10.033      4.9745      11.447      6.2508       1.706      13.252      14.381      14.588      14.652      13.211      8.7308      12.813      13.745      13.179      12.269      9.6953      11.417        15.7      14.363      15.994      7.3465      8.7389
       15.29      11.867      10.232      16.887]"
13,transformed_0.2,ClusterSampler,0.00025571956575762544,"[     17.486      13.112      7.6187      7.3752      8.1918      12.188      12.192      7.3108       9.902      6.5854      10.458      10.024       14.66      12.212       17.66      11.418      7.4936      9.2495       16.55      13.106      15.327      9.4737      7.1515      9.9224      4.1126      12.626
      13.621      11.458       16.72      11.815]"
13,transformed_0.2,ClusterSampler,6.354036894979585e-05,"[     6.5414      12.001      4.7459      8.6625        13.9       15.53      12.538      5.6235      10.848      12.009      11.276      11.818        10.4      5.5163      12.337      9.2904      6.3969      9.5274      10.215      11.163      9.8099      5.8847      6.9817      12.576      10.265      8.9288
      9.9071      9.9583      9.7691      15.211]"
14,transformed_0.2,RandomSampler,0.0017301842728992057,"[     12.061      4.5043      8.5985      14.599       2.904      10.809     0.10696      5.8329      6.2545      19.395     0.81888      3.2359      14.159      6.1412      12.449      11.465       14.22      9.9529      10.126      9.3527      10.699      14.901      15.759     0.64444      9.4023      11.806
      13.417      6.4964      7.8403      5.7933]"
14,transformed_0.2,RandomSampler,0.005217449687113732,"[     15.122      10.365      1.4947      6.4256       10.45      9.2736      8.0618      15.061      14.051      15.093      4.1517      13.875      17.267      14.174      13.661      5.6762      12.349       7.657       10.77      9.1593      16.084       11.81      7.2548      12.421      4.1458      14.077
       4.706      14.872       12.84      7.7124]"
14,transformed_0.2,RandomSampler,0.0009833694395962264,"[     9.5748      6.5477      7.8019      7.7552      11.341        16.4      7.6631       10.95      13.434      7.5891      9.9168       12.24      10.464      11.294       10.47      9.1913      12.171      11.368       7.151      13.154      17.378      9.2517       16.92      20.561      13.778      13.856
      11.778      5.0192      12.564      1.5485]"
14,transformed_0.2,RandomSampler,0.0033130862740186296,"[     5.9997      8.5765      14.681     0.38757       10.87      13.477      12.602      9.4054      12.636        13.3      13.402      12.144      14.731      11.316      10.592      8.3045      12.636       8.618      13.659      12.296      9.0459      8.1373      16.689       8.983      15.073      15.115
       8.563      9.1426      5.7065       11.07]"
14,transformed_0.2,RandomSampler,1.7000457076745156e-05,"[     12.535      7.6891      12.434      6.3368       2.449      12.931      9.4716      15.497      14.735      13.766      8.3536      11.772      11.216        11.3       10.13      16.571      14.194      11.566      10.909      9.4557      10.785      8.9562      7.5906      16.424      14.052      9.9582
      12.409      7.3104      8.1511      8.7143]"
14,transformed_0.2,RandomSampler,0.016109928086747577,"[     17.697      5.6891      17.321      10.306      11.701      10.869      7.7125      11.761      18.238       13.88      20.099      13.611      9.4141      9.5326      9.3492      7.5974      7.3814      6.6272      7.7721      4.1856      4.0141      5.8038      10.234      12.616      17.207        14.7
       16.37      9.1683      11.211      11.593]"
14,transformed_0.2,RandomSampler,0.00034894654687012876,"[     7.6547      13.186       1.466      5.3382      13.037      3.0871      4.1806      12.642      11.871      11.695        12.5      12.202       12.69      13.341      6.5413      5.0066      10.989      12.168       15.64      13.867      10.451      13.299      2.7731       14.78      15.042      9.9441
      9.1063      14.848      8.8392      11.098]"
14,transformed_0.2,RandomSampler,0.011200748407025741,"[     15.985      11.225      8.7986      16.974      5.2238      4.1313      14.914      9.2069      9.8802      16.536      14.406      8.8324      8.2757      12.007      13.086      7.3824      11.933       10.17      9.5254      10.307      13.015      14.087      16.104      9.2742      12.026      17.579
      12.624      8.1541      12.611      17.421]"
14,transformed_0.2,RandomSampler,0.009222423264452597,"[     6.4057       9.623      10.017      12.524      13.866      5.4854      20.062      9.1939      8.4359      10.745      12.382      11.257      7.1975       12.62       16.56      11.864      5.9864      13.127      0.9831      12.758      12.139      8.4794      7.9123       15.31      10.278      14.425
       5.239      9.8608      9.6124      8.2787]"
14,transformed_0.2,RandomSampler,0.004509190613312377,"[     7.2059      16.273      9.6427       8.091      14.417      14.345      12.834      10.599      12.432      7.8603        9.59      6.0625       15.29      16.271      12.976       9.719       12.33      2.0572       7.708      11.937      15.482      11.177      13.889      9.3013       9.826      8.5059
      13.142      9.9068      8.8454      13.199]"
14,transformed_0.2,RandomSampler,0.003952151268962929,"[      11.86      8.8917      6.8009      8.4868      13.045      15.347      7.0694      11.231      13.528      12.173      11.846      5.4308      13.101      14.223      16.266      13.317      12.813      9.5126      11.611      9.6245      9.1909      13.384      9.0801      9.4115      10.774      16.413
      7.3317      15.653      3.4038      12.656]"
14,transformed_0.2,RandomSampler,0.000678112247964199,"[     11.516      11.521      8.8676      8.5067      19.989      9.5294      19.949      2.2194      13.376      10.491      14.223      11.765      12.065      6.7901      13.685       14.24      8.3017      10.026      13.801      10.706      10.696      14.193      12.762      10.749     0.49853       12.13
      10.607      15.476      13.827      11.275]"
14,transformed_0.2,RandomSampler,1.4400454148561095e-05,"[     11.104      19.109      9.5316      7.6813      15.117     0.24046      3.7429      10.274      16.023      6.2661      2.4305      13.291      12.775      11.133      11.604      8.2787      9.0912      8.4135      12.184      14.175      8.0064      9.7875      14.711      12.041      16.011      14.122
      4.6957      19.018      3.2504      8.4192]"
14,transformed_0.2,RandomSampler,0.020661545171172684,"[     16.311      17.242      12.537       16.32      13.192      5.9149      10.956      10.468      7.0161      15.205      11.557      17.012      15.431      15.826      13.982      15.604      10.694      8.0539      11.195      14.151       7.596      4.4906      12.563      5.2667      7.3819      14.194
      14.958       11.24      10.728      9.6903]"
14,transformed_0.2,RandomSampler,0.0003836859223923922,"[     12.068      12.431      13.299      13.191       15.91      12.464      11.272      12.687      11.293      12.041      6.4376       6.901      6.5332      7.5334      14.306      1.1008      13.778      7.3098      10.958       11.61      8.0679      9.6965      14.879      13.102      12.485      7.5487
      11.798      17.245      19.101      9.7275]"
14,transformed_0.2,RandomSampler,0.00031716864749632196,"[      11.83      11.925      11.463      8.9835        14.5      12.052      23.418      10.936      6.6215      10.623      10.626      8.4097      12.913      6.7615      13.521      9.6601      10.343      9.9343       5.458      12.751      9.8928      12.874       3.391      13.098      7.3909      12.416
      11.193      10.018      12.918      2.0003]"
14,transformed_0.2,RandomSampler,0.01895965454402614,"[     11.373      8.5294      13.764      14.201      14.943      15.193      9.5827      12.184      13.028      7.1232      4.6175      16.105      10.746      10.446      16.955      7.1345      13.854      12.866      10.778      11.395      15.371      13.534      16.921      12.418      11.942      8.4764
      14.809      14.931      16.751      4.4241]"
14,transformed_0.2,RandomSampler,0.007322359981875439,"[     5.2877      9.6124      9.4331      10.402      14.141      10.166      8.6292      10.808     0.92663      6.9568      7.0695      2.4033      9.4169       14.49      6.9575      9.9856      13.095      1.8883      12.782      9.0127      11.708      3.5449      8.5562      8.9436       18.89       8.891
      6.0498      17.856      14.968      4.5721]"
14,transformed_0.2,RandomSampler,0.00012393618035904153,"[     14.025       13.44      9.6082      18.915      15.146       8.326      11.428      7.8254      8.9726      11.471      12.507       7.731      6.8479      9.9723      14.948      10.814       14.15      4.0754      7.9842      11.072      15.124      5.4917      8.3615       12.11       4.207      10.202
      7.3844      11.482      18.547      14.908]"
14,transformed_0.2,RandomSampler,0.0011628064232624626,"[     15.268       3.916      13.159      12.483      8.9608      12.636      7.2737      15.819      14.196      12.057      11.569      10.791      17.377      10.213      16.497      10.656      13.484      8.7171      14.621      16.797      16.864      12.088      11.891      12.829      9.3674      16.655
      13.078      5.8666      7.2764       14.86]"
14,transformed_0.2,RandomSampler,7.998056469759464e-05,"[      11.22       9.833      12.824      11.925       15.46      8.1181      7.4516      9.7784      16.774      11.816       10.44      16.874      1.8693      6.4732      11.398      16.031      10.854      15.736      17.171      11.123      9.8828      9.2234      2.5659       7.251      5.6206      6.9936
       14.19       11.71      14.762      4.2614]"
14,transformed_0.2,RandomSampler,0.0016345558528377089,"[     7.1516      8.8592       9.491      9.1644      5.5424      6.0418      7.2333      7.2929      13.676      6.7544      12.403      7.3984      18.457      10.066      14.249      13.849      17.644        13.2      14.909      15.307      16.717     0.10189      6.4894      9.6767      11.794       11.86
      12.777      13.512       5.643       16.16]"
14,transformed_0.2,RandomSampler,0.037147235410169586,"[     11.265       10.89       17.16      15.195      12.645      11.022      3.7171      13.815      13.848      8.1495      7.9011      18.841      12.583        18.1      7.8908      11.742      1.4022      11.976      9.4569      9.4724      3.5592      7.2942      13.479      15.865      9.5133      15.491
      11.833      15.606      11.458      14.381]"
14,transformed_0.2,RandomSampler,0.001740029468884842,"[     8.4315      11.381      18.072      10.109      8.2744     0.54223      9.1147      12.816      11.855      8.1084      1.8712      8.7835      2.3905      11.658      9.0564      6.0733      16.653      8.9219      12.075      3.6823      8.4481      7.4865      9.7055       13.22      17.117      16.793
      13.492      13.772      12.271      8.6193]"
14,transformed_0.2,RandomSampler,0.00715872882364432,"[     12.512      1.2923      6.8991      13.209      14.265      7.7691      17.298      11.374      16.348      13.949      6.4259      13.775      11.258      11.516      11.392      11.798       14.43      13.539      9.9398      3.2303      9.2838      15.152      8.8812      10.815      15.315      13.475
      7.1404      11.411      13.184      13.273]"
14,transformed_0.2,RandomSampler,0.008672251052741074,"[      15.54      15.335      11.778      14.051      13.302      15.241      13.237      14.704      20.226      20.703       14.31      12.021      14.997      14.799       11.14      16.916      3.9537      12.729      13.293      11.123      11.041      4.8726      13.594      14.975      8.8921      10.224
      14.974      7.1616      7.9148       5.637]"
14,transformed_0.2,RandomSampler,9.901686775125638e-05,"[     12.565      10.916      11.834      10.534      12.275      12.162      9.9112      8.7029      9.3062      8.8449      11.457      6.1678      9.3534      13.985      11.567      5.9576      11.976      19.197      10.687      9.9475      5.5412       5.787      12.837      11.685      12.165      8.5238
      10.799      12.396      16.981      1.4513]"
14,transformed_0.2,RandomSampler,0.045951392325508995,"[     13.779      13.485      12.346      8.0557      9.4744      13.366      13.271      13.263      6.5865      8.8017      18.501      8.1953      8.1469      9.1074      10.391      11.985      17.976      3.9865      3.9677      10.243      9.2218      9.6137      13.432      14.474      16.463      11.453
      7.4013      13.004      8.6353       5.411]"
14,transformed_0.2,RandomSampler,0.0019047009904940813,"[     17.933      16.635      11.161      12.372      11.333      12.456      9.1858        8.27      15.026       2.095      14.902      15.387      9.8102      12.866      10.322      14.091      15.512      13.011      5.3754      13.714      2.7956       18.28      10.445      12.863      14.203      11.987
      15.126      14.564      4.3183      13.433]"
14,transformed_0.2,RandomSampler,0.026721616246505885,"[      11.65      10.392      5.2596      11.645      5.8574      10.905      12.839      12.006      11.205      11.306      7.9734      15.314      5.6825      7.3205      7.6146      16.924      14.099      5.3606       9.729     0.37383      13.503      7.9131       12.59      8.6288      5.5476      5.5089
       8.939      19.469       10.74      8.4286]"
14,transformed_0.2,RandomSampler,0.00013528800249291005,"[     2.2844      10.822      10.031      1.5543      10.735      15.166      9.0311      10.716      9.1116      8.7681      3.3325      10.817      9.7709      9.4746      13.444      7.9215      12.672      4.9616      17.094      13.848      12.667      14.966      13.879      16.279      13.181      11.625
      12.158       9.007       6.618      10.733]"
14,transformed_0.2,RandomSampler,0.007991383393138943,"[     13.725    0.090694       7.393      16.083      4.1754      5.9261      4.4278      17.608      3.0039      16.034      8.8801       7.667      7.9453      15.703      15.872      9.7681      14.433      4.7682      6.5307      11.417      1.2622        10.4      12.372      15.166      17.192      4.5304
      8.9136      12.554       10.32      9.8797]"
14,transformed_0.2,RandomSampler,0.12368972006193892,"[    0.80272      10.868      13.505       15.87      10.434      6.2595      14.068      14.171      7.1364      9.2634       12.57      15.762      8.3679       7.452      12.207      13.605      12.848      8.3833      13.085      14.184      13.031      10.229      8.1905      13.044      9.3764      8.9678
      16.191      11.985         8.9        10.5]"
14,transformed_0.2,RandomSampler,0.007212900982401776,"[     13.677      11.554      9.1309      10.443      9.4452      14.005      6.1324     0.10949      10.738       8.424      13.621      8.5454      11.105      3.2434      13.811      10.629      11.598      7.3579      15.026      8.7075      6.6642      11.724      9.6667      11.342       9.164      11.548
      14.429      8.1423      10.041      8.1304]"
14,transformed_0.2,RandomSampler,0.0005457279190365856,"[     8.5147      9.1552      8.3614       2.974      14.564      3.6781      13.255        2.87      6.3315      13.107      7.2388      13.641      9.8049      14.963      10.406      12.654      10.217      10.176      15.094      12.429       14.56      8.0181      13.822      8.9826      10.439       9.264
      11.254      18.236      15.225      17.238]"
14,transformed_0.2,RandomSampler,0.02469222711888126,"[    0.16398      13.471       11.29      2.6759     0.76334      5.7238      11.806      10.874      15.341      11.143      7.5713      17.483      14.881      10.105      12.512      11.556      13.718      12.032      12.997      24.041      6.4651      6.0526      15.118       5.795      13.233      16.446
      11.471      17.037      12.265      2.8649]"
14,transformed_0.2,RandomSampler,0.007414731781236325,"[     7.3764       6.616      13.941      8.6127      10.032      10.416      7.5553      18.089      12.646      12.891      11.045      13.056      9.6268      1.6013      16.007      14.778      10.512      10.706      12.559      15.831      16.092      14.711      17.835      12.752      7.7685       7.236
      18.477      8.6363      9.7313      16.128]"
14,transformed_0.2,RandomSampler,0.004876892982002694,"[     9.1517       13.22      4.1449      2.9814      8.0227      1.1187      7.9894      1.6837      3.5339      11.824      3.4429      19.246       10.16      7.2703      2.7636      10.623      11.937      9.9637       17.97       10.05      8.9992      18.415      12.569     0.56388      12.818      7.2606
      8.7655      14.624      6.0268      8.2555]"
14,transformed_0.2,RandomSampler,0.0036488632194474307,"[     10.221      13.286      5.0162      10.743      9.8213      12.595      4.0682      15.817      11.763      12.391      9.9982      9.8059      14.578      9.6715      4.8592      5.5421      12.225      14.095      12.901      14.522      4.1092      8.8104      12.821      13.152      8.2777      8.0006
      9.1678      17.791      13.672      11.654]"
14,transformed_0.2,RandomSampler,0.0005491013249374084,"[     16.017      11.422      13.114      7.7006      9.8379      8.1497      11.954      5.1137      11.104      7.3601      12.558      4.9832      8.1484      11.447       10.34      4.0794      8.2944      12.806      3.7085      10.612      11.183      12.408      8.9744     0.38273      4.1023      6.7747
     0.18671      17.259       1.986      0.2934]"
14,transformed_0.2,RandomSampler,0.0016485826385580046,"[     13.666      1.7166      6.2245    0.054835      12.528      13.843      11.959      7.2749      13.577      10.777      5.5089     0.88559      16.882      8.4292      15.227       3.689      4.5742      8.5834      10.944      15.538      7.9751      11.325      4.7651      11.175      6.7637      8.5843
      10.517      10.409      8.5508      12.935]"
14,transformed_0.2,RandomSampler,0.0018206437444433792,"[     18.636      2.3247      13.491      9.5038      8.2146      9.2161      13.521      10.913      10.555      7.3109      8.0156      9.3557       15.46      12.212      18.544       5.291      13.535      10.413      14.486      15.102       11.03      17.948      13.008      14.438      12.108       10.39
     0.28633      13.986      11.182      13.244]"
14,transformed_0.2,RandomSampler,9.18193055418103e-05,"[     12.343      10.605       11.43      11.433      7.9852      2.7862       8.463       12.39      7.1305      9.9869      12.279      4.6972      12.139       11.81      14.309      13.424      16.884       9.861      16.045      9.6441      8.8774      11.295      8.4202       13.03      15.947      9.5018
     0.30843      4.1367      12.273      10.211]"
14,transformed_0.2,RandomSampler,0.013583994687751295,"[     8.2523      7.1273      8.7952      17.488      10.725      13.714      16.755       7.932      8.0868      14.153       9.829      7.0431      10.741      11.659      8.7105      9.7317       15.04     0.18111      10.121      13.327      3.5751       3.645      7.4658      12.153      10.761      11.527
       15.74      16.699      10.413      10.445]"
14,transformed_0.2,RandomSampler,0.003403392446510657,"[     12.171      5.2256      13.517      10.072       13.42      14.217      12.593       13.65       10.78      5.5567      9.3381      12.563      7.7561      9.8881      7.9204      12.299      14.377      11.675      17.107      3.5278      11.333      14.435      7.7218       15.24      17.925      12.104
      6.0673      12.506      8.9924      12.292]"
14,transformed_0.2,RandomSampler,0.0009921328806933602,"[      12.49      16.959       7.203      13.674      14.175      14.089      9.0402       15.49      14.314      7.1105      6.5035      9.5805      13.332      11.822      10.232     0.27178      15.958       3.447      12.382      14.835      12.172     0.87979      9.9442      2.8146       20.22      8.7641
      13.482      15.362      6.2109      5.9034]"
14,transformed_0.2,RandomSampler,0.0001286247914976029,"[     6.1546      13.616      8.6766      11.466       16.35       14.35      8.7124      8.2404      11.703      8.7242      10.915       17.42      15.145      9.2411      14.841      15.801      14.072       16.36      12.147      3.6298      1.0504      12.509      3.3202      10.561      6.1029      11.615
      13.136      10.887      13.837      11.023]"
14,transformed_0.2,RandomSampler,0.00787291077705194,"[     6.9471      5.5624      14.635       11.97      17.971      12.167      13.623      3.9991      11.494      14.513      14.712      17.002       12.14      6.1764      8.8895      13.229      8.6087      12.596      14.419       9.089      10.639      14.611      10.228      9.6194      4.0213      7.9593
      9.0742       6.566      13.244      12.019]"
14,transformed_0.2,RandomSampler,4.8746452984383785e-05,"[     8.5799      7.7247      9.6718      13.386      0.4524      1.9155      11.695      0.8574    0.045786      6.9768      18.381      13.062      3.6193      11.156       8.922      15.277      14.821      14.264      5.9369      12.714       11.33      8.8037      9.0244      7.8341      16.365      9.0088
      10.638      10.699      4.8913      17.229]"
14,transformed_0.2,RandomSampler,0.005018427910338276,"[     5.0698     0.73187      14.666      13.236      9.3799       7.527      13.895      8.6354      1.5096      8.9817      14.649      12.823      4.1914      13.043      6.6491      10.199      8.8116      13.654      10.237      10.895      13.072       10.46        9.88       9.626      11.486      16.823
      13.674      2.6054      14.432      10.132]"
14,transformed_0.2,RandomSampler,0.05484359667109722,"[    0.40432      10.402      13.011      7.0308      5.0215      10.298      9.6117      8.0359      11.081       12.21      10.004      4.3678      7.2126      12.533      13.624      11.753      4.9604      13.044      12.628      10.696       8.525      10.363      8.8182      8.2363      14.927     0.34029
      13.913      9.1015      6.6269      4.4745]"
14,transformed_0.2,RandomSampler,0.0003274463662253115,"[     8.3138      17.254      13.018       12.47      12.007      4.6451      8.8747      4.0949      7.5077      7.3005      13.925      11.121      7.9208      17.446      13.798      14.605      7.5574      2.5654      9.0098      11.157      15.413      9.7409      11.051      10.849      2.8156      15.128
      18.653      10.792      5.5412      14.152]"
14,transformed_0.2,RandomSampler,0.0004377819973137353,"[     10.376      9.2865      10.695       3.723      9.3817      13.657      13.604      4.1324      3.0819     0.37018      12.768      11.472      7.1954       8.294      16.979      13.519      9.6327       10.96      14.446      11.021      15.485      8.0393      13.265      10.093      7.7702      7.2611
      8.2027      12.509       10.42      9.2978]"
14,transformed_0.2,RandomSampler,0.002089469062704087,"[     8.2124      12.385     0.11541      3.5121      11.228      14.039      7.6529       5.707      13.264      15.111      9.7665      13.264      12.136      13.446      12.143      7.9262      7.0661      3.4954      7.4194      10.301       9.083      18.261      12.301       11.06      8.8174      10.528
      4.0024      12.858      8.6641      14.534]"
14,transformed_0.2,RandomSampler,0.06207963260900709,"[     2.2577      13.458      5.3302      4.8398      9.9124      14.222      9.3319       16.27      5.0852      11.798      9.0455      13.565      10.286      6.7862      6.8009      6.4005      12.205      7.8098      11.751      13.106      10.571      13.125      10.878      6.9841      10.802      9.0577
      8.9091      14.744      14.082      10.026]"
14,transformed_0.2,RandomSampler,0.0002404429127108313,"[     15.616      13.279      16.828      2.0031      6.8486      10.416      11.756      9.2588      10.079      3.7292      13.982      10.507      17.205      17.504      11.338      7.0034      12.831      10.948      4.1354      11.321      16.487      17.844      15.792       10.58      6.7371      13.255
      14.969      14.064      11.699      12.185]"
14,transformed_0.2,RandomSampler,0.00248194031796039,"[     6.1765      6.7593      16.398      6.4404      15.477      16.053      9.1065      12.771      12.048      9.3272      15.437       6.414      10.366      2.4919      4.4133      8.7376      9.6914       16.01      14.948      18.194      7.7255       14.13      8.0252      8.4114      17.486      9.1003
       12.59      17.225      10.998      12.023]"
14,transformed_0.2,RandomSampler,0.0045567271358947425,"[     14.707      10.039      12.107      13.869      12.078      10.394      13.885      4.6617      13.199      14.119      12.208       11.18      15.555      15.356      13.027      8.4261      12.622      5.6617       12.29       3.862      5.3254      5.9641       6.905      13.037      13.657      14.193
      1.4389      7.5798      10.767      8.9038]"
14,transformed_0.2,RandomSampler,0.002072013688342024,"[     11.623        10.8      3.3213      5.4493      4.3679      10.584        9.01      18.587      16.098      10.561      9.3682      10.407     0.48881      8.8084      7.2647      5.3587      10.121      15.347      3.0026      17.092       8.691      9.9147      13.374      13.265       10.79      8.3436
      13.117      13.165      17.442       16.83]"
14,transformed_0.2,RandomSampler,0.00715872882364432,"[       6.69      15.073      2.8379      9.0018       4.555      13.718      10.661        9.41      16.488      12.064      8.2113      10.048      3.9202       8.252      9.7788      15.124      9.7684      10.563      14.626      9.4732      10.671       10.42      9.0497     0.16651      5.4823       8.228
      10.864      4.9042      9.6127      13.241]"
14,transformed_0.2,RandomSampler,2.0343687206250938e-05,"[     12.379      15.005      13.649      14.089      7.7943      15.851      10.627      17.422      11.474     0.12958      6.0722      9.4318      16.876      7.2587      8.4976      11.451      12.661      15.612      12.214      9.2514      13.422      14.559      10.977       7.845      14.419       6.355
      7.7805      2.8745      10.499      9.8415]"
14,transformed_0.2,RandomSampler,0.0038690910028159804,"[      12.69      9.6256      8.1736      8.5726      8.4795      13.949      12.839      11.159      20.549      7.4722      14.487      5.9176      11.366      11.245      3.8478      10.975      14.131      16.719      4.0207      12.343      15.195      10.543      3.2444      13.521      7.4865      16.343
      8.6221      13.439      16.114      11.783]"
14,transformed_0.2,RandomSampler,0.00022382555626504076,"[     11.348      10.604      1.8272      10.103      2.5991      16.274      11.293      17.602      10.054       10.28      14.232      2.7915      15.043       6.095      8.3302      11.707      9.5604      5.4684      10.951     0.70026      13.436      6.4284      7.4445      15.055      9.5364       6.777
      5.5146      18.201      4.8153      7.7804]"
14,transformed_0.2,RandomSampler,0.049826180104727495,"[     8.9051      13.817      11.442      10.357      16.829      13.309      8.6386      13.309      15.714      6.6522      13.574      9.9649      1.9541      11.203       12.71      13.985      12.734      12.217      6.6596      3.9448       13.83        8.21      6.1343      11.617      8.3346      7.9454
      12.957      10.114      19.959      10.206]"
14,transformed_0.2,RandomSampler,0.0010218732239585565,"[     8.4529      9.2265      15.334      10.697      10.365      16.309       5.952      9.9906      20.068      13.589      1.0721      8.3037      8.3764      15.068       13.48      11.442      8.3326      2.4799      8.5793      5.1606      11.787      11.226      6.0056      15.817      8.8665      3.2926
      8.3197      14.008     0.42382      5.3483]"
14,transformed_0.2,RandomSampler,4.737689727228655e-05,"[      9.618      7.4798      6.4067      11.738      13.881      12.363      11.351       15.37      8.9107      12.709      9.5979      15.043      11.476      12.395      21.197      10.299      15.646      12.885      10.523      16.645       7.764      12.231       8.524      8.2876       12.68      8.7164
      12.505       17.18      12.183      4.1699]"
14,transformed_0.2,RandomSampler,8.25113677837982e-05,"[     12.458      8.6879      10.045      10.062      9.8072      11.763      8.4182      15.357      11.923      13.966      14.018      15.485      9.4096      1.5549      5.4066      16.354      18.602      6.5355      5.2488      9.6913       11.05      12.031      17.246      13.107      7.2235      3.3815
        14.1      2.4436      6.1578      12.841]"
14,transformed_0.2,RandomSampler,0.002322602744773917,"[     8.0938      10.474      9.4662      14.237      13.444      10.011      8.8094       3.907      16.799      14.171      18.291      11.653      12.065      13.383      11.654      14.629      9.5887      8.7639      12.138      14.734      13.127      11.649      16.749      15.349      15.521      9.3934
      7.1763      4.0773      7.0762      13.822]"
14,transformed_0.2,RandomSampler,0.02921015635508953,"[     5.8764      13.675      12.871      13.382      10.772       17.23      8.1661      8.2503      9.9153      5.6587      10.784      7.1198      10.628      8.0335       10.97      9.0791      8.3905      14.727      9.8809      8.3007      12.422      11.057      14.857      9.3402        8.84      9.6597
      17.242      13.112       13.53      10.809]"
14,transformed_0.2,RandomSampler,0.004145007182559384,"[     1.2332      12.194      9.3216      9.3587      7.1376      16.369      6.1588      16.289      12.478      10.875      16.981      14.063       9.803      11.623      9.3578       12.56      4.3033      17.765      10.796      11.487      19.285      9.0712      7.9471      12.885      16.517       13.05
      8.0148      14.883      8.0979      10.887]"
14,transformed_0.2,RandomSampler,0.009803897437277378,"[     11.225      1.3316       13.94      16.037       9.974      15.322      16.163       11.48      3.4538      8.8794      11.252       13.07      9.1638      15.314      8.6537      6.2456      10.768      10.368      12.529       11.84      9.9943      10.397      9.6606      5.2414      9.1519      12.482
      12.364      8.0646      7.4145       9.266]"
14,transformed_0.2,RandomSampler,0.0016722026428530644,"[     12.951      10.153      10.076      8.9135      14.918      11.198      3.0733      13.384      14.921      7.6707      10.346      12.989      12.142      4.7095      13.561      8.1041      11.295      10.095      10.758      5.0909      7.6859      6.9661      11.098      7.7436      9.9779      13.696
      10.792      14.023      6.5203      15.449]"
14,transformed_0.2,RandomSampler,0.047952096894788715,"[     11.665      13.155      11.739      7.1225      14.066      5.8834      18.047      8.3096      12.844      9.6138      14.171      16.605       11.64      8.2322      10.065      8.5835      9.2385      3.0568      10.398      6.8458      9.3666      14.135      8.0195       15.86      15.097      14.124
      5.2862    0.067984      12.775      4.9512]"
14,transformed_0.2,RandomSampler,7.86062357678165e-05,"[     9.3184      14.931       5.332      9.7584     0.15867       10.05      7.0779      11.952      11.683      16.003      9.8183      8.6315      6.3666       13.92       14.87       5.479      15.483      6.4133       12.39      14.004       15.35      7.2894      17.813      11.867      12.114      4.6067
      13.817      12.758      10.995      7.2895]"
14,transformed_0.2,RandomSampler,0.0010039327807193704,"[     13.172      16.196      13.754      17.982      14.249      15.941      13.523      11.067      15.448      16.394      9.6797        13.5      5.6607       13.29      8.4651      10.806      13.733      11.533      19.557      17.762      18.305      18.897      10.511      12.021      6.8043      9.4054
      13.885      12.704      10.103       11.69]"
14,transformed_0.2,RandomSampler,0.0652946049002395,"[     9.8716      11.838      14.992      8.3612      8.8045      8.2649      13.702      9.5604      5.9193      14.341      11.802      13.552      11.628      7.1671      11.485      12.907      9.8329      6.3763       12.89      12.533      8.8866      13.332      17.397       1.975      9.1545       6.755
       14.85      15.723       10.73      9.2192]"
14,transformed_0.2,RandomSampler,0.09333600621765638,"[     10.828      8.4461      9.4605      14.298      15.193      13.534        12.8      13.436      7.3282      14.536       15.61      17.672      17.665      11.273      14.956      14.254      20.116      6.2175      10.162      8.4926      12.857      10.382     0.85032       9.184      12.451      16.364
       12.66       7.691      8.6274      11.519]"
14,transformed_0.2,RandomSampler,0.002322602744773917,"[     13.639      8.3567      6.8316       6.189      10.779      12.105      14.779      9.5959      14.809      16.081      12.846      11.971      11.509      11.321      11.581      6.3088      3.2317      15.124      16.831      13.725      15.173       9.319      16.582      9.9991      8.2525      6.5233
      9.9379      8.2237      14.946      17.179]"
14,transformed_0.2,RandomSampler,0.00013081106526491643,"[     15.055      10.501      6.7419      10.632      8.6317      18.214      12.173      8.9873      11.723      11.203      11.675      17.147      13.301      11.056      8.1262      13.186      4.3018      10.058      12.969      11.184      15.459      12.543      13.476      10.729      8.1322      6.6916
    0.083654       7.981      12.345      15.327]"
14,transformed_0.2,RandomSampler,0.0018155091389220745,"[     15.563      13.986      9.7783      9.9714      10.602      3.9202      14.746      14.667      10.074      11.011       12.77      9.3862      14.646      7.7898      15.632       11.87      11.123      17.637      7.3668       6.943      7.8936      8.9609      9.7237      8.2639      3.8807      11.242
      6.6276      8.2027      9.9069      13.545]"
14,transformed_0.2,RandomSampler,0.0017900167957494706,"[      9.786        6.82       9.982      10.714       11.22       5.256      15.975      12.886      11.489      10.601       9.889      11.976      12.525    0.093336      5.3049      5.4634      8.2829      2.9039      3.3246      13.145      1.4208      13.798      10.136      7.7274      10.854      14.373
      10.984      6.6905       12.45      9.1121]"
14,transformed_0.2,RandomSampler,0.014747188046815095,"[     14.344      7.0291      5.1125      5.5693      19.485      16.722      12.384       9.097      12.347      15.642      13.421      7.0545      8.0294      13.285      15.903      9.8192       5.252      10.139      15.522       9.676      6.8826      11.934      1.2488      7.3341      10.364      8.3977
      11.707      5.6204      12.296      16.167]"
14,transformed_0.2,RandomSampler,0.007833763075700885,"[     10.384      7.5736      12.975      6.0279      7.9217      12.311       8.617      10.054      11.809      10.881      7.7655      4.5483       8.142       12.95      11.551      7.9963      9.1743      9.2137      13.892      12.325       14.18      16.151      10.553      10.685      13.953      12.825
      17.739      7.4241      9.5976      6.5341]"
14,transformed_0.2,RandomSampler,0.00012993219151758735,"[     1.7235      19.287      10.957      8.8338      12.742      15.358      10.229      13.197       5.891      14.049      13.947      6.0732      12.864     0.47623      9.4363      5.9815      8.1563      18.058      5.1211      14.557      9.5037      16.758      7.6868      5.3062      7.8908      6.6115
      15.024      21.496      11.638      16.431]"
14,transformed_0.2,RandomSampler,0.0008374141143958437,"[     17.485      18.753      12.959      4.4577      1.3818      18.813      6.1669      10.065      10.288      13.442      12.514      14.695       9.045      18.253      13.723      9.1071      15.158      11.953      8.1123      14.981      11.105      9.1922      14.793      13.835      10.564      9.5427
      5.8303      9.2301      13.366      5.8455]"
14,transformed_0.2,RandomSampler,0.0030634427048413272,"[     11.812      13.478      12.272      12.287      9.6199      14.954      13.093        14.6       7.971      5.4734      7.3398      14.035      8.0284       18.32      15.186      14.483      8.5586      8.5824      7.9713      6.6353      13.127      12.562      11.952      10.277      11.018      8.9538
      9.9962      10.484      3.2895      8.6804]"
14,transformed_0.2,RandomSampler,0.04429416828622607,"[     12.691      15.266      9.9982      4.1402      15.328      9.0563       11.66      18.075      9.3587      9.5718      8.9939       13.76      4.2588      2.1271      2.1344      2.0234      9.8559      15.487      7.8378      12.184       14.29       15.72      10.719      2.7214      10.438      5.1201
      12.437       10.32      19.814      8.0218]"
14,transformed_0.2,RandomSampler,0.0014287105752616828,"[     10.337      9.2591      10.289       10.85      9.0233      2.5049      5.8006      12.322      10.192      9.1602      14.106       5.535       15.08       15.35      7.2562      14.533       7.978      14.517      7.1798      7.6092      13.484      4.9833       9.123      10.712      8.9914      15.794
      4.8475      14.853      9.4938      6.5473]"
14,transformed_0.2,RandomSampler,0.0036880251922575356,"[    0.74122      10.465      10.545      9.3327      14.361      11.303      17.315      16.213      11.161      11.047      9.5291     0.48207      13.759      13.394      11.066      11.457      13.093      8.7419      7.1526      12.692      10.691      13.934      7.9703      9.6944      4.6377      14.146
      5.1317      9.5963      10.838      11.794]"
14,transformed_0.2,RandomSampler,0.0005929391764616146,"[     12.494      15.622      5.9374      8.5849       14.47      14.966       4.044      14.215     0.87207       7.089      11.286      7.2332      12.048      10.957      8.9811      15.431      9.3012      6.3518      15.226      10.468      14.541      12.717      12.208      8.5628      8.3127      9.6464
      12.679      1.8629      13.098      6.6798]"
14,transformed_0.2,RandomSampler,0.00010710881654206514,"[      15.18      9.7652      7.2994      12.764      8.5577      14.116      12.455      9.9121      17.031      8.7817      5.4801    0.047163      5.6353      8.5179      3.3204      0.3041      10.331      9.2523      17.355      5.2401      4.9352      11.697      13.319      12.776      10.201      4.2299
      14.062      11.484      11.147       1.576]"
14,transformed_0.2,RandomSampler,0.010367726143280066,"[      18.91      8.1531       14.59      9.7588      7.9389      13.009      7.9956      14.431      10.008      15.444      8.1601      18.319      3.3565       5.315      11.754      11.882      10.946      12.177       8.612      6.8371      12.603      3.2859      1.4413      8.8729      7.6826       1.488
      8.4137      10.771      12.743      2.0434]"
14,transformed_0.2,RandomSampler,0.0004350513075006593,"[     9.8012       9.463      14.558      3.2852      9.0202      17.289      15.931      13.368      11.232      10.107     0.16049      5.5888       11.57      6.4029      12.164      12.455      8.5047        14.2      7.7113      5.9724      11.966       19.84      12.617      5.4832      6.9006       10.82
      12.965       9.582      8.4631      16.219]"
14,transformed_0.2,RandomSampler,0.007451982555798986,"[     10.757      9.6502      7.1929      10.421      12.131      8.1837      16.819      9.8223      13.328      11.111      11.845      9.0218      11.411      7.6596      10.032      9.5109      12.759       10.15      8.9069      6.3452      12.446      11.356      7.7485      10.169      14.485      11.067
      11.574       4.039       15.66      9.4957]"
14,transformed_0.2,RandomSampler,0.12261808381856608,"[     11.316      19.453      9.9627      5.2376      11.392      13.738      9.8798      15.031      5.5344      9.4721      11.613      9.4484      11.547      10.264      17.042      10.751      16.778      12.343      13.499      4.6311      10.569      16.686      4.5739      13.174      15.666      5.0333
       11.36       13.18      7.7613      7.2865]"
14,transformed_0.2,RandomSampler,0.004751402691751255,"[     9.1536      15.644      14.246      13.218      6.2237      14.426      10.741      7.0976      13.998      9.9317      13.948      6.0401      10.178      5.4159       9.702      11.758       3.057      11.893      11.839      8.1991        10.3      12.286      12.457      5.6231      7.1915      13.659
      10.062      7.8972      7.7922       3.736]"
14,transformed_0.2,RandomSampler,0.0017009653756838486,"[      18.38      16.516      9.7561      5.8742       13.16      14.984       16.66      11.753      13.813      14.086      12.547      12.984      15.705      11.593      12.722      12.748      11.225      1.1976      4.8405    0.069063        11.2      7.4453      10.674      6.4933      14.634      8.3296
       11.77      8.5038      8.8313      4.6831]"
14,transformed_0.2,RandomSampler,0.01970502712151855,"[     12.445      5.6289      12.293      13.261      13.474       16.39      14.855      14.341      12.879      6.6359      12.412      8.6989      9.6955      8.6948      7.4058       10.97      11.824      5.5324      9.6612     0.46699      15.631      9.7347      11.667      12.991      1.2458      2.6285
       7.698      11.866      10.911      8.5382]"
14,transformed_0.2,RandomSampler,0.006340634514769582,"[     7.0418      11.372       10.11      15.222      16.307      12.304      8.0786      13.694      12.379      16.753      12.801      10.191      12.453        12.3      10.322      6.0012      9.1941      16.517      6.1602      11.542      12.743      7.1293      11.888       12.04      15.435      10.688
      8.0262      12.676      0.2476      1.2552]"
14,transformed_0.2,RandomSampler,0.006704464217855276,"[     10.785      11.849      10.102      9.5801       13.01      9.6013      18.043      11.828      9.6023      17.115      9.9359      9.2076      12.211      12.108      11.279      8.4443      12.772      15.329      12.716      12.271      10.648      12.331      13.623      16.721      12.644      10.725
      7.1822      14.775      5.6831      1.0569]"
14,transformed_0.2,RandomSampler,0.004473847098306956,"[     11.055      16.523     0.64047       13.46      14.338      4.6328      10.071      9.8375      7.5303      9.9904      10.235      13.198      6.0549      14.026      11.284      12.105      9.2834      7.4759      11.451      9.8822      11.225      11.053       13.72      10.837      13.492       17.76
      17.033      12.509      3.2019      14.623]"
14,transformed_0.2,RandomSampler,0.0005610607371964107,"[     7.8632       13.05      14.818      17.841      14.687       7.949      9.2343       15.43      15.578      11.737      14.283      11.112      6.0746      16.807      18.764       7.334      14.783      14.505      9.3667      14.136      8.9325      10.015       1.149      13.011      14.109      10.087
      10.485      10.987      18.324      15.023]"
14,transformed_0.2,RandomSampler,0.022698609872192754,"[     11.128      8.4112      9.3032      8.2109      7.4302      9.3301      8.8758      12.894      10.933      11.458      9.6109      8.8572      8.2884      8.0116      15.551      7.6756     0.84933       10.61      11.326      13.646      14.761      14.687      12.757      15.119      8.9001      8.1148
      10.328      5.1961      7.9531      11.208]"
14,transformed_0.2,RandomSampler,0.014406055721078309,"[     3.2057       14.98       8.346      10.659      9.5753      13.459       4.638      15.516      13.572      12.902      10.601      7.0854      8.9983      7.6723      10.361      11.838      15.366      8.0154      10.182      12.872      6.3622      7.7051      13.981      6.8529      3.9655      8.5551
      11.301      13.739      12.976      10.898]"
14,transformed_0.2,RandomSampler,0.0004927887787829055,"[     15.018      10.593      7.2968      8.5924        11.1      12.002      7.2343      2.7625      17.141      15.274      8.4435      13.347      6.6405      10.019      14.427      10.941      11.232       11.09      7.5166      13.815      5.4665      10.162      14.455      9.6326      13.467      14.254
      15.731      4.6309      11.732      10.703]"
14,transformed_0.2,RandomSampler,0.0036978717617030515,"[     5.4748      4.9946      13.819       1.612      11.793      12.645      13.165      8.4768       10.25      12.331      11.362      13.021      13.389      5.8087       11.66      9.9466      10.414      8.0029      11.579      18.883      8.4625      15.474      11.524      10.379      11.921      5.0442
      5.8741      1.8428      9.7782      17.469]"
14,transformed_0.2,RandomSampler,0.02597259186239029,"[     11.743          12      6.5415      9.9353      1.6098       12.99       11.73      4.6643      15.331      12.728      10.909      8.8319      1.7975      5.8529      8.6735       8.119       14.42      8.4958      12.581      7.2193      13.648      15.994       16.27      3.3838      4.5058      11.861
      9.8658      14.454     0.48493      13.547]"
14,transformed_0.2,RandomSampler,0.017303630116561285,"[     7.8914      2.9261      10.588      12.772      9.5184      11.777      15.578      4.4888      13.299      13.365      9.9067      11.586      20.488      10.959      15.853      8.1351      11.766      10.329      8.1844      0.3791      8.4832      15.115      8.3265      12.111      9.3159      4.3019
      12.105      4.7916    0.092878      7.2229]"
14,transformed_0.2,RandomSampler,0.0024077112832264227,"[     9.2397      12.146      15.069       8.908      15.829      16.187      3.8542     0.57289      10.291       14.24      13.615      6.6652      10.156      12.499      11.745      7.8064      8.6806       16.32      11.964      11.639      13.616      5.9803      10.555      9.8702      5.3109      12.894
      10.765      11.024      5.2505      10.933]"
14,transformed_0.2,RandomSampler,0.06147739702737909,"[     9.3695      9.3875      12.702       17.91      12.467      10.534      8.3805      12.817       8.404      10.309      8.8172      7.8516      14.556      10.716       9.818       9.241      10.889      11.907      13.511      1.6194      6.8071      5.5691      13.309       1.942      19.406      12.282
      15.189      10.178      12.163      13.576]"
14,transformed_0.2,RandomSampler,0.001474616774035493,"[     10.942      14.123      3.6886      10.695      6.6632      7.6405       10.02     0.22144    0.091253      14.751      13.011       8.408      10.203      9.0978      13.338      12.792      8.8992      9.8231      11.292       14.54      13.829      14.874      15.148      16.601      11.372       12.93
      8.2458      11.104      12.646      11.101]"
14,transformed_0.2,RandomSampler,0.002777571063577679,"[     9.8932      15.201      11.743      10.438      11.189      7.6464      5.3341      15.902      8.9036       15.02      16.199      7.3379      10.994      12.684      10.378      10.926      13.622      10.701      11.427      5.4865      16.369      0.9132       14.66      5.1586      14.597      10.196
      8.4179      12.893      10.472      8.7438]"
14,transformed_0.2,RandomSampler,0.0011972583297334635,"[     9.6368       13.52      7.7624      10.266       13.78      12.667      12.321     0.94955      12.047      13.266       10.24      17.645      3.0781      11.187      7.0845      18.132      12.464      7.5085      12.048      15.961      11.911      16.242      17.273      11.096      4.4288      7.3981
      17.042      14.878       13.52      14.549]"
14,transformed_0.2,RandomSampler,0.0009130872767985399,"[     10.267      11.351      13.994      7.0081      5.6576      16.602      15.341      13.429      15.197      11.699      2.7087      7.4086      6.4249      6.8334      14.507      11.989      10.348      16.224      10.067      16.506      14.165        15.9      15.176      13.541      13.966      13.184
      14.002      16.815      18.784      17.368]"
14,transformed_0.2,RandomSampler,0.0030884432388113164,"[     7.5625      9.1886      11.409      12.575        13.1      16.691      7.7017      5.5578      10.659      11.902      17.459      10.827      11.859      11.967      1.3787      13.011      9.7297       12.68          14      14.239      12.776      14.622      14.352      5.3611       12.35      8.2629
       4.992      7.2687      10.819      8.2463]"
14,transformed_0.2,RandomSampler,0.031358192124086526,"[     15.512      12.405       6.834      4.4243      8.4869      13.962      5.0692     0.49194      16.189      8.2461      11.431      12.549      6.4621       11.38      12.821      5.5037      10.162      13.402      15.353      16.536      12.478      14.297      13.885      9.5602      13.149      12.767
      16.637      11.385      10.464      2.4678]"
14,transformed_0.2,RandomSampler,0.0013525236909210955,"[     5.4813      7.2246      8.6395      12.885      2.4665      9.1531      8.6817       12.95      5.3179      10.569        8.84      16.361      17.094      14.539      12.284      8.3647      11.123      15.967      10.034      13.315      1.7616       9.771      9.5286      13.437      16.512      13.637
      8.5477      13.451      13.225      17.599]"
14,transformed_0.2,RandomSampler,0.005395709696886915,"[     3.3841      9.7065      13.247      12.038      8.8632      5.6568       4.581      13.841      9.8155      12.964      9.2614      9.1376      9.6806      8.6888      10.017      9.6159     0.51322      10.146      7.4378      17.984      10.849      13.565      12.961      9.7011      8.8066       14.74
        6.37      9.0417      12.296       7.797]"
14,transformed_0.2,RandomSampler,0.0019590320684716557,"[     9.0194      4.2906      15.294      17.775      12.163      12.856      15.204      14.112      8.1273      12.724      14.019      11.479      11.003      13.968      12.851      12.223      3.0763      14.338       12.34      12.061      15.566      13.194      12.433      15.975      8.6661      0.3403
      12.368      11.488      10.457      14.951]"
14,transformed_0.2,RandomSampler,0.0009462196156927535,"[     8.4116      14.607      16.191      18.631      10.727      7.6634      13.595      2.0306       10.05      13.191      6.0348       12.95      0.4799      11.001       9.115      10.549      12.294      12.935      12.761      11.221      5.3054      5.2999      10.886      10.852      15.462      12.443
      9.2041      17.662      5.3474      14.931]"
14,transformed_0.2,RandomSampler,0.001018860057100944,"[      9.071      11.322      12.781      10.361      14.311      11.493      8.9172      5.0412      14.287      12.597      10.776      11.129      14.241      13.343      6.4066      10.489      17.575      14.078      2.2474      8.4843      11.734      7.4964      6.9393      12.043      1.9158      13.012
      12.843      7.2145      12.095      16.611]"
14,transformed_0.2,RandomSampler,0.007951703395699417,"[     13.536      12.001      9.0396       15.53      14.656      16.694      10.977       11.57      14.821      7.4455      12.908      15.027      15.002      10.363      5.8131      11.371      10.275      1.4106      1.3252     0.67465       12.09      7.4975      14.638      9.0557      11.475      8.3953
      17.314      14.865      18.058      12.236]"
14,transformed_0.2,RandomSampler,0.002831156871426145,"[     7.1845      8.9556       10.08      10.246      6.5008      14.343      5.6232      11.428      12.085      11.923      15.046      12.873      14.061      14.289      7.9351      8.5926      13.135      6.3343     0.41617      14.528      7.0752      15.391      9.5807      13.215       11.44      7.1099
      8.9976      14.401      5.8593      10.436]"
14,transformed_0.2,RandomSampler,0.021226379158438436,"[   0.098916      6.6328      11.308      15.932       11.78      11.685      15.843      10.279      11.938      10.422       15.29      6.7732      10.075      13.058      16.215       8.675      10.449      8.5442       15.08      10.032      15.518      6.3806      16.201      12.733      6.8627      7.9528
      15.778      14.631      7.2967      8.2275]"
14,transformed_0.2,RandomSampler,0.00010038171910583908,"[     8.5294      15.564      4.3526      7.2582      7.3914      12.108      9.6211      17.701      10.991      6.0287          11      8.1654      16.001      18.153       13.83      14.146      7.8891      11.437      13.679      9.1418      7.6468      12.782      13.385      8.8126      10.603      13.493
      8.6439      14.125      14.994       18.33]"
14,transformed_0.2,RandomSampler,0.004838930529821224,"[     13.791       7.815      12.295      12.324      8.6812      6.9584      12.436      15.438       15.86      13.153      6.2219      10.284      9.9316      16.807      11.919       7.397      6.2303      14.307      9.4521      8.3344      8.8866      12.028      10.147      9.3294      9.6804      10.833
      7.0419      11.345      8.5856      16.854]"
14,transformed_0.2,RandomSampler,0.05197061237469605,"[     17.344      9.6996      9.2668      11.038      9.9814      1.3568        5.36       19.21      9.8095      7.6427      5.2542      2.9983      7.3604      14.778      12.614      12.242      15.245       11.43      8.2526       15.42      1.3531      3.5966      1.5377      7.8001      7.0207      8.6665
       9.382      3.6076      12.266      11.284]"
14,transformed_0.2,RandomSampler,0.0012398444526639182,"[     6.9664      13.753      7.0204      12.959      12.328      7.7651      11.938      8.9306      7.4226      11.681      12.621      7.2968      14.014      4.0449      13.358      9.2731      5.7296      15.345      11.019      13.488      14.009      13.023      16.718      16.552      6.7593      9.3572
      9.5648      4.8374      13.626      5.2729]"
14,transformed_0.2,RandomSampler,0.0010462540987032302,"[     9.4863        13.1      11.367      7.2025      11.856      8.0723       3.715      3.7894      10.455      14.351      2.7549      14.282      14.454      11.586      1.2104      11.624      1.2709      16.308      13.917      16.619       5.632      12.276      13.027      12.498      14.394      19.048
      8.4135      8.3211      6.4961      10.545]"
14,transformed_0.2,RandomSampler,0.0006598143769510042,"[     10.794       10.39       11.59      7.8768      9.9368      7.7502      7.8777      7.8313      13.739      11.151      16.062      5.2697      14.652      14.562      9.3944      11.321      10.655       11.08      4.2522      9.5892      14.175      2.3928      13.255      9.0991      10.399       10.96
      13.397      15.103       9.265      13.493]"
14,transformed_0.2,RandomSampler,0.001012866139989507,"[     14.239        10.5      6.9636      7.6977       12.72      9.6014      9.4847      5.9022      10.698      6.8195      10.285      12.035      8.4841      3.0343      6.2925      10.925        15.1      14.334      17.481      15.039       9.728      7.6542      13.017      10.833      7.8276      6.1235
      11.813      4.2947       17.67      2.0267]"
14,transformed_0.2,RandomSampler,0.011336206164608918,"[     10.069      8.8115      14.901      18.973      7.9623      12.766      13.835       14.19      5.4915      10.487      11.099      15.792      12.126      14.948      12.332      14.483      10.447      13.447      13.349      9.1064      14.088     0.11884      14.545      12.781      16.996      13.327
       13.52      14.011      15.091      2.9876]"
14,transformed_0.2,RandomSampler,0.013049152105973103,"[     13.067      13.146      16.806      6.0824      17.514      11.357       18.25      14.621      13.569      6.6239      9.5219      14.139      13.465      12.462      9.2411       16.17      9.5475      4.9228       10.74      12.384      12.525      9.9126      7.0534      15.208      9.9907      18.422
      15.958      8.8741      12.134       7.132]"
14,transformed_0.2,RandomSampler,0.010094543977489824,"[     9.7349      6.4535      6.8372      10.098       15.55      8.7501      6.0465        13.3      16.436      11.363      14.397      11.616      12.339      17.763      14.087      14.288      6.6079      16.289      16.133       5.708      13.735      12.263       9.637      10.036      4.7621      13.238
      12.091      12.575      3.1372      14.687]"
14,transformed_0.2,RandomSampler,0.0005839199858314048,"[     12.058      0.4035     0.34023      14.351      6.0335      9.4865      3.1088      9.9866      9.8612      14.224      14.353      10.122      12.158      17.778    0.065613      9.6553      15.559      6.2359      6.2478      8.3018      4.2142      14.461      10.479      5.0508       15.77      10.867
      8.3155      4.9594       12.35      10.526]"
14,transformed_0.2,RandomSampler,0.0006699232836399199,"[     8.1862      8.4199       5.348       9.442      16.379      9.6944      11.605      8.1053       7.212      11.037      10.804     0.54296      10.657      10.695      10.873      12.115      11.452      13.175      9.0829      12.887      12.255      9.1854      12.182      1.7247      12.217      6.2493
      10.425      15.524      15.601        6.57]"
14,transformed_0.2,RandomSampler,0.0004674281517376022,"[     11.263      3.7614      14.872      12.494        15.7      11.092      8.3014      12.297      15.839      13.982      15.653      12.487      7.8238      13.221      9.6282      15.891      7.1454      11.297      11.106      10.623      8.5463      7.8933      11.239      6.0169     0.31355      1.0204
      11.422      9.5095       15.05      11.613]"
14,transformed_0.2,RandomSampler,0.05683348141437297,"[     12.684       12.54      18.918      9.0514      15.379      10.902       11.99      14.968      12.561       12.71        12.7      5.2128      11.152      7.4526      15.993      8.1771      17.013      7.7491      18.294      10.701      20.798     0.55258      9.7628      7.3158      10.612      14.936
      20.089      17.948      4.5622      17.164]"
14,transformed_0.2,RandomSampler,0.0004545001444011009,"[     16.289      9.4701      11.305      2.7797       3.893      8.6741      3.8326      15.906      8.8825      15.143      14.881      15.003      10.085      17.691      14.751      11.973      5.1469      7.7396      10.689      8.6248      14.781      9.8168      7.7968      13.261      10.224      11.867
      10.375      7.0838      12.148      11.207]"
14,transformed_0.2,RandomSampler,0.005299049905228822,"[     16.497      2.8599      15.826      9.3988      11.272      9.9711      17.992     0.97981      7.8111      13.094      9.6248      17.487      14.444      12.467      6.2025      7.8898      7.6361      16.958      9.4115      13.679       12.08      13.348      13.339      12.188      6.4475      14.211
      16.903      9.6768      17.068      2.6717]"
14,transformed_0.2,RandomSampler,0.0001127178035571028,"[     15.943      15.025      14.277      11.601      8.0612      10.765      15.167      16.497      9.1069      13.794      13.395      15.528      11.995      11.816      11.308      14.319      18.898       3.678      6.9687      6.1193       10.72      18.206       11.26      10.833      7.5565      11.269
      12.376      17.445       13.96      4.8521]"
14,transformed_0.2,RandomSampler,0.0017058087307003913,"[     15.392      9.5137      8.1821      7.4905      12.507      14.238      9.9247      19.746      8.0298      2.4789      17.406      11.483      11.635      15.326      10.863      11.747      16.799      12.973       5.049       9.327      10.459      13.451      8.2711      14.284      2.1461      13.934
      14.123      8.6676      16.996      8.2998]"
14,transformed_0.2,RandomSampler,0.0009103766430287297,"[     11.056      14.915       16.32      17.085      16.887      5.9554      5.9824      12.124      19.988      14.204      12.639      17.971      7.8286      15.292      8.1159      8.9208      9.3278      7.3885      15.024      8.3762      13.054      12.686      8.9666      9.0479      7.5239      8.4281
      11.511      10.886      5.9061      12.109]"
14,transformed_0.2,RandomSampler,0.0004573428032954366,"[     12.855      4.7615      12.831      9.9301       7.035      7.0395      3.8007      9.5714      7.6719      2.7951      4.8605      7.2351       9.158      9.6867      13.572      5.2671      13.096      8.2131      9.7165     0.69609      12.803      12.442      13.314      6.6268      6.4583       17.67
      4.5754      10.863      11.807       12.62]"
14,transformed_0.2,RandomSampler,0.012503495315046563,"[     14.555      3.8715      9.8224      9.1375      7.0091      8.0922       7.545      16.284      5.4339      16.534      15.749    0.026777      6.0457      10.945      12.567      12.592      14.555      13.175      8.7147      13.557       15.87      7.8527      12.912      10.734      18.663      3.4108
        1.94      8.2338      4.9206      13.213]"
14,transformed_0.2,RandomSampler,0.0006188928632426685,"[     12.284      6.5232      8.9509      13.404      11.365        5.49      11.602      10.733      5.9594      8.2738      9.5759      5.8234      12.948      13.954      18.769      9.7999      16.635      3.9495      8.1849       3.835      9.0104         8.7       18.46      11.724      12.635      18.452
      3.1675      11.095      8.8902      13.686]"
14,transformed_0.2,RandomSampler,0.0041340569625966765,"[     10.017      14.022      10.574      15.148      10.368      8.8283      13.611      12.033      8.9531      2.9756      9.6792      7.5266       13.27      14.474      11.453      1.6649      14.268      3.2958      11.386      12.192      12.283       11.89      13.211      13.427      10.111      11.009
      15.189      13.755      11.253      1.1657]"
14,transformed_0.2,RandomSampler,0.0013682420909385828,"[     10.562      10.586      12.272      8.3822      9.1897      8.5133      8.0746      7.4063      3.3914      14.851       13.45      15.756      6.5893       14.47      10.504      14.168      12.937      5.1628      1.4509      14.849        9.55      16.116      11.657      6.7407      11.191      19.456
      12.191      10.962      15.387      11.307]"
14,transformed_0.2,RandomSampler,0.004166943161766142,"[      14.63      3.9866      11.715      8.3631      9.1341       2.249      14.216      13.245       13.19      14.572      10.502      13.727       4.356      6.6249      5.0254      9.8298      0.4048      13.121      13.673      11.369      12.268      11.826      6.4429      9.0655      11.285      12.164
      13.736      15.587      11.871      13.324]"
14,transformed_0.2,RandomSampler,0.0049794629161105984,"[     11.059      5.6491      5.0912      11.981      12.872      12.771      14.993      15.727       9.497      14.381      9.9523      7.4065          13      11.498       3.385      1.8212      5.0521      9.7919      12.238      11.216        7.14      1.6487       8.693      13.658      3.2458      3.1823
      12.533      10.119      13.016      8.3202]"
14,transformed_0.2,RandomSampler,0.001453582769103499,"[     16.414      7.8605      13.481      5.8092      10.602      15.309      10.131      15.866      12.176      1.6205      15.054      7.0719      15.574      1.7895      10.844      1.7667      12.532      11.412       14.33     0.38691      7.9515      4.8446      10.683      11.755       7.907      15.594
      10.415      9.4915      15.501      12.296]"
14,transformed_0.2,RandomSampler,0.0006678887407215739,"[     11.852      11.418      14.108      8.1061      12.115       13.96      11.395      16.071      1.8674      4.3876      10.416      7.1807      15.339      13.063      12.646       9.103      12.941      9.7076      13.693      11.936      8.7683      12.833      17.447      14.988      7.6597      12.845
     0.36542       7.105      7.3629      14.182]"
14,transformed_0.2,RandomSampler,0.14211758364876484,"[     11.898      6.5542      14.787      15.399      10.709      5.7421      8.7718      14.276      10.622      11.983      13.844      13.182      13.628      12.504      5.2213      1.1252     0.15006      12.942      11.314      6.8922      5.5433      12.463      4.6298      9.7645      11.449      14.953
      7.0628      12.347      12.305      9.2915]"
14,transformed_0.2,RandomSampler,0.001132590396850019,"[     13.868      10.564       3.001       10.32      8.2391      15.436      15.136      6.5842      5.7699      16.231      4.3746      12.427     0.81848      13.986      12.759      7.0803      16.454      5.1786      13.385      8.1328      11.391      8.4014      8.7831      17.392      13.602      7.3812
      5.7157      15.006      10.456       13.12]"
14,transformed_0.2,RandomSampler,0.004450440755490144,"[     14.326      12.363      5.9645      20.893      10.106      17.445      10.867      12.612      1.2339      15.286      10.496      10.767      17.694      13.222      6.0868      10.411      9.3801       10.15      12.712      5.4859      6.0763      3.7193      13.841      14.454      8.4087      3.7892
      7.3996       1.042      6.3793      11.182]"
14,transformed_0.2,RandomSampler,0.0001893562102440439,"[     12.688      10.008       8.212      11.507      11.726      12.504        11.5      14.602       8.704      9.6827      11.391      5.2799      7.1763       9.515      14.419     0.24946      10.031      3.6152      12.275      8.2288      2.6921      10.327      5.5913      15.032      10.553      10.349
      15.161      6.3451      6.1479      18.934]"
14,transformed_0.2,RandomSampler,0.037537841654314195,"[     5.7351       15.83      4.9228       10.22      13.229      16.056      4.4328      14.696      9.8905      11.708       9.686      12.473      11.984      6.8039      8.6363      14.269      10.948      14.043      2.4509      15.504      3.1958      8.9264      7.4475      14.253      11.008      12.218
      15.946      12.079      14.894      16.512]"
14,transformed_0.2,RandomSampler,0.09928462114445573,"[     14.944      2.3074      7.1286      6.6362      10.643       13.41      13.404      13.706      11.554      11.319      12.028      9.2046      7.5628      12.501      13.699      15.791       12.47      9.8542      7.8563      7.7013      8.4607      13.687      17.057      9.8875      11.081       7.123
       9.898      9.0235      8.9299      11.843]"
14,transformed_0.2,RandomSampler,0.006212864794021076,"[     7.7818      11.398      17.879     0.92171      3.1636      11.437      7.5621      15.271      15.169      10.342      12.045      3.7002      7.9549      10.529      10.534      12.417      11.564      9.8038      8.3929      12.731      13.815      10.224      4.3772      9.3892       12.27      13.631
      16.453      7.8058     0.15696        8.86]"
14,transformed_0.2,RandomSampler,0.006910784632832366,"[     10.113      10.389      14.902      9.7915      11.755      12.047      4.9135      10.263     0.23055      6.5575      9.6477      8.6012      10.217      7.4137      2.0444      9.0438      7.1483      11.997      7.2486     0.55299      9.4532      12.725      3.3793      9.8186      13.503      15.367
      11.535      6.7549      5.8265      10.432]"
14,transformed_0.2,RandomSampler,0.00024358602929322663,"[     10.467       12.53      14.181      9.5025      10.122      5.8495      13.698      13.946      17.972      3.4953      12.875      5.7851      6.4417      11.899      9.0127      7.0097       8.313      11.909      14.347      10.354      16.634        9.19      12.023      13.195      15.004      11.996
    0.049816      13.229      10.428      16.701]"
14,transformed_0.2,RandomSampler,0.0038588303604415453,"[     12.901      11.126       13.09      9.8278      8.0956      6.7953      15.217      7.8837      2.1781      15.537      12.596      15.138      11.421      5.6196      8.6688      15.642      14.112      15.489      11.354      10.416      15.642      4.0386      9.9308      7.7253      10.651      14.885
      4.6953      11.808      7.9906      10.802]"
14,transformed_0.2,RandomSampler,0.01329846751885148,"[     11.779      12.646       16.25    0.062792      13.038      15.264      12.358      16.252      9.7038      5.0479      9.1709      5.2999      7.7113      13.537      5.1402      10.182      9.2133      8.3798      11.769      10.165      2.9018       7.172      16.647      6.1801      13.005      11.585
      15.851      18.459      6.7646      5.4595]"
14,transformed_0.2,RandomSampler,0.0004674281517376022,"[     4.8654        15.1      7.1729      7.7833      13.096      9.0393      11.884       14.16      15.689      11.498      12.279      10.812      12.622      9.6742      1.4787      11.341      14.668      12.326      7.8001      16.821      14.855      13.636      11.554     0.48147      17.461       13.11
      4.9898      6.5603      12.039      10.226]"
14,transformed_0.2,RandomSampler,0.00047475692842899,"[     9.1459      20.699      10.887      15.478       13.38       11.38      16.792      17.802      15.973      9.4913      15.712      5.7031       11.32      3.6558      6.4408      9.9795      16.235      12.521      9.5417      13.167      20.152      9.9379      15.679      7.0584       15.86      11.006
       10.71      10.435      6.3073       10.96]"
14,transformed_0.2,RandomSampler,0.0010370477266697649,"[     14.884      15.007      12.207      10.452      10.959      14.213      11.731      11.573       6.085      11.531      7.2995      11.989      15.597       14.55      13.045      11.495      13.408      8.3768      11.549      15.023      1.2305      12.919      12.963      12.037      8.1847      8.0406
       11.09      15.764      11.002      7.0981]"
15,transformed_0.25,ClassOrderSampler,0.0020778138922565546,"[     5.9703      6.0212      5.5892      4.5571      8.5993       8.185      8.0257      6.1063      4.8698      7.4779      7.4279      8.9156      11.153      8.4673       10.02      6.6705      8.6466      8.9259      8.2421      6.5686      9.2853      10.782      7.7664      10.053      10.602      8.0614
      5.4116      11.759       6.102      9.1027]"
15,transformed_0.25,ClassOrderSampler,0.003707761340466935,"[     10.376      4.7444       10.09      6.3003      8.9743      8.4884      6.5278       7.386         9.2      5.3163      8.2286      9.9643      12.559      9.4998      6.9733       8.805      12.588      9.0711       13.18      9.6152      5.7244      12.163      12.009      8.6533      10.582       11.51
      8.9182      13.216      10.751      13.932]"
15,transformed_0.25,ClassOrderSampler,0.151237210455657,"[     12.815      8.0615      12.919      12.181      12.441      11.954      12.533      13.336      12.276      10.702      10.191      11.098      10.155      12.323      11.772      12.723      10.414      7.5881      9.4062       9.589      14.226      9.2371      11.446      9.7579      9.7654       10.57
      9.0673      11.889      10.781      11.053]"
15,transformed_0.25,ClassOrderSampler,0.0009022860287291904,"[     11.903      8.6794      11.787      12.805      12.199      12.562      8.9723      10.063      8.2753      9.0949      7.5667      8.4396      5.5453      6.4809      9.3807      8.1298      9.9926      4.6506      11.165          11      8.8181       9.391       8.774      10.472      9.4842       10.63
      11.013      8.3587      10.652      9.8671]"
15,transformed_0.25,ClassOrderSampler,0.000575026631577726,"[     10.988      8.0508      9.8027      9.6523        9.32      7.3054      9.4904      11.542      8.2074      7.5948      12.077       6.458      6.3114      8.7676      6.9666      11.418      9.0234      11.652      10.685      10.312      6.2455      8.8119      14.783      10.514      8.0092      4.7505
       9.165      9.5174      6.5382      10.257]"
15,transformed_0.25,ClassOrderSampler,0.0075081583504912055,"[     9.3979      8.6968      11.224      12.091      14.935      13.793      14.975      14.181      14.728      12.592      12.825       11.73      16.532      14.432      12.357      11.226      14.306      14.649      13.519      13.997      14.981      15.212      14.077      12.776      13.469      15.607
      12.057      14.416      12.281      12.964]"
15,transformed_0.25,ClassOrderSampler,0.0014042325309584287,"[     14.413      13.421      12.589      15.494      11.877      15.154       11.33       13.84      14.445      15.772       10.73      14.329      13.928      16.316      12.911      14.845      15.139      14.684      13.109       15.33       12.58      17.859      13.637      10.706      12.122      12.492
      17.402      12.357      15.231      11.797]"
15,transformed_0.25,ClassOrderSampler,0.0004035103330140286,"[     12.872      14.293      11.582      10.904      10.321      12.398      11.554      12.546      11.731      12.329      11.979      14.421      13.506      13.317      12.733      14.123      13.551      12.286      15.664        12.7      9.0561      12.891      12.782      11.815      15.234      10.782
      13.358      14.112      13.231      12.882]"
15,transformed_0.25,ClassOrderSampler,0.00012351808397256946,"[     16.887      13.075      12.804      13.142      14.859      9.2222      10.329      14.015      13.864      14.586      15.243      14.642      19.764       16.31      16.031      19.911      15.377      13.753      18.952      16.857      14.893      15.599      16.977       13.44       15.08      11.529
      11.292      17.878      15.298      17.275]"
15,transformed_0.25,ClassOrderSampler,0.00023811056221077412,"[     17.369      13.993      19.549      15.993      16.855      17.084      18.048       15.59       15.17      15.937      17.053      16.099      16.081      16.156      15.625      15.757      18.803      13.263      17.691      14.348      14.377      14.568      14.086      15.713      16.702      12.736
      11.197      13.896      11.906      12.226]"
15,transformed_0.25,ClassOrderSampler,0.0026151523862842753,"[     12.998      13.779      11.154      14.193      13.554       13.86      11.729      10.794      13.094      11.929      11.438      12.269      10.841      7.9519      9.6473      13.401      11.155      9.8612      12.922      11.095      12.181      12.727      12.439      11.764      11.564      12.058
      11.296      10.869      10.821      15.955]"
15,transformed_0.25,ClassOrderSampler,2.8781510987271967e-05,"[     10.899      10.022      9.3159      10.851      11.165      9.2582      10.369      9.0616      11.804      10.795      9.5932      10.259      13.349      15.143      8.6365      12.321      10.087      11.126      11.374      10.825      12.475      11.581      9.3753      13.735       7.832      10.144
      5.5141      7.8385      7.3073      10.427]"
15,transformed_0.25,ClassOrderSampler,0.0001247765446022255,"[     11.047      11.149      9.3395      5.9205      8.4083      9.8224       2.227      5.7208      3.2594      5.6499      10.889      9.0651      12.651      10.392      9.4909      10.902       13.84      9.6888      10.328      12.302      9.3957      6.3477      10.154      8.3561      7.5652      12.231
      10.293      9.0756        9.64      14.688]"
15,transformed_0.25,ClassOrderSampler,1.2197201329926643e-06,"[     13.039      10.576      12.407      8.7643      5.8494      12.967      10.053      10.787      7.6125      10.106      10.392       6.353      11.608      10.339      10.409      9.9672      9.0585      9.0038       7.902      8.4194      9.3374      11.991      9.3913      11.854      7.2564      9.5571
      8.4893      9.1202      10.493      8.8746]"
15,transformed_0.25,ClassOrderSampler,0.00021312007877565388,"[     14.107      10.324      9.9166       10.93      11.385      12.699      8.8916      10.116      10.682      10.621      9.2774       9.946      10.818      10.554      10.834      10.797      9.0422      10.585      12.786        11.6      9.4023        11.3      10.135      13.735      9.1986      11.456
      9.2416      9.2511        11.1      9.5887]"
15,transformed_0.25,ClassOrderSampler,0.006389166961814275,"[     10.418      9.4084      8.8987      8.5042      7.7761      11.907      10.661      13.627      13.298      11.198      10.275      11.329      13.357      8.6526      8.7103      10.176      8.3547      6.6574      8.9416      13.126       14.88       7.265      10.857      10.754      9.0016      7.1932
      8.5277      10.093      6.6462      11.674]"
15,transformed_0.25,ClassOrderSampler,0.030430461015267377,"[     9.9741        11.6      7.0919      6.8602      11.332      10.529       8.147      8.7094      12.858      7.8885        8.88      11.534      10.052      12.125      9.3917      8.4347      9.1918      9.8061      4.8854      8.5182       5.289      5.2182       12.36      2.5577        5.55      12.931
      6.1962      9.0176      8.5778      4.9816]"
15,transformed_0.25,ClassOrderSampler,0.00019828481599515162,"[     7.2736      9.9925      7.9975      2.6354      7.1539      7.1735      9.2377       7.171       5.039      6.8119      6.6863       7.858      5.1264      8.3836      7.1695       8.229      11.798      5.5419      8.9304      4.6307      2.2897      4.5432      4.7848       9.993      6.2695      8.2679
      5.5844      5.0001      7.3705      4.8871]"
15,transformed_0.25,ClassOrderSampler,3.862295597160521e-05,"[     7.2363      7.5852      6.6102      6.0294      5.5715      1.5033      3.6083      11.742      10.187      11.004      10.162      8.6565       13.39      8.9956      10.568      11.978      8.7529      10.304      11.249      9.1429      8.7176      12.428      11.327      9.2692      11.585      9.0341
      10.152      10.694      8.7685      8.5989]"
15,transformed_0.25,ClassOrderSampler,0.0003274463662253115,"[     9.2368        11.8      7.9708       10.67      10.295      10.538      8.9742      10.146      8.7644      11.142      6.5171      8.7345      11.421      9.3454      8.4922      12.592      9.6183      13.319      11.623      7.5582       8.795      11.858      11.534        11.7      10.803      9.4355
      12.619      12.816      9.7595      15.127]"
15,transformed_0.25,ClassOrderSampler,8.719806974024764e-05,"[      14.49       14.38      16.329       17.23      15.835      14.533      13.195      14.113      14.664      18.756      16.099      15.725       13.52      15.579      17.207      16.044      14.467      14.683      15.549      17.114      16.257      14.456      15.601      15.837      16.049      14.082
      15.185      14.829       17.18      16.084]"
15,transformed_0.25,ClassOrderSampler,0.0057247364304909495,"[     16.564      14.853      16.082      15.927      17.383      15.492      15.864      16.634      15.675      15.043      17.322      12.522      15.842      17.345      14.817      13.709      15.742      15.176      17.671      16.213      13.907      15.521      12.791      15.295      13.286      14.398
      14.628      12.903      15.344      14.218]"
15,transformed_0.25,ClassOrderSampler,5.98552540601218e-05,"[     15.983      16.193      14.414      13.435      14.111      15.454      13.373      16.335      12.523      16.049      14.738      15.138      14.046      12.441       12.41      14.986      15.244      17.653      13.117      15.099      17.353      14.173       13.35      14.504      13.658      15.763
      15.872       15.07      14.743      13.094]"
15,transformed_0.25,ClassOrderSampler,0.0049536329617001894,"[     14.041      15.159      15.082      15.311      14.691      15.525      13.545      13.918      16.094      15.844      14.011       14.14      13.178      13.239      17.317      13.205      15.539      10.516      12.502      14.578       9.637      16.983       16.84      15.533      15.642      14.851
      14.611      13.087      15.755      16.229]"
15,transformed_0.25,ClassOrderSampler,0.013111110400755011,"[     14.725      17.168      14.333      15.529      13.727      16.209      14.256      13.403       13.19      14.986       13.04      18.602      16.087      16.482      19.506      16.614      15.533      16.119      14.969      14.116      15.554      12.381      16.096      16.315      15.271      14.774
      15.043      15.131      12.213      13.815]"
15,transformed_0.25,ClassOrderSampler,0.002271625959439053,"[     19.296      15.336      14.477      13.114      14.979      15.691      9.6931      15.191      16.254      16.698      17.451      18.014      16.179      19.369      18.552      17.291      16.073          17      18.532      17.017      19.331      16.116      16.274      14.735      15.569      16.234
       15.52      16.042       18.48       15.79]"
15,transformed_0.25,ClassOrderSampler,0.000494321041249215,"[     17.935      17.215      16.891      17.019      16.775      15.624      16.242       15.87      15.883      16.367      19.233      17.613      17.579      18.261       18.35      14.645      17.261      18.742      10.648      12.651      9.5827      10.759      9.5147      9.2637      13.205      13.049
      13.301      11.955      13.217      12.237]"
15,transformed_0.25,ClassOrderSampler,0.00023579945629848077,"[      12.31      10.745      9.9407      10.601      12.696      7.8747      10.751       10.95      9.2726      10.281      10.206       10.51      10.332      13.172      11.199      8.9357       11.29      7.9455      13.114      8.1128      14.092      14.091      11.219      8.9808      14.436      9.9781
      12.314      7.7698      10.296      10.389]"
15,transformed_0.25,ClassOrderSampler,0.0011972583297334635,"[     11.655      10.228      8.7635      11.265      12.162      9.6869      8.8518       12.12      12.303       11.94      13.715      10.123      15.055      14.298      12.812      15.518      13.691      13.413       12.62      15.117      14.256      10.555      14.162      13.705      10.987      13.381
      11.466      14.913      12.692      14.128]"
15,transformed_0.25,ClassOrderSampler,0.0019923145766376402,"[     14.471      13.045      14.541      14.231      12.088      12.693      16.792      13.592      14.905       12.86      12.956      13.664      11.621      14.385      12.473      11.939       12.64       12.36       15.15      11.632      13.518      12.388      12.919      13.308      14.145      12.556
      14.853      13.819      11.941      13.054]"
15,transformed_0.25,ClassOrderSampler,0.00893253402811665,"[     10.932      13.532      14.715      12.926      4.7457      5.5178      4.2022      4.9515       7.073      4.7999      4.7712      6.6074      3.1761      4.9744      6.5782      7.4416      7.9379      6.0806      7.8319      6.0838      8.5147      6.1809      6.0779       6.358      6.1586      8.0929
      6.4638      6.7522      4.7796       5.406]"
15,transformed_0.25,ClassOrderSampler,0.015415161992644142,"[     6.2189      8.2146       7.168      6.3938      5.4145      4.5558      5.2794      5.8266      6.9029      6.6816      3.7384      6.0716      6.1956      7.0874      7.4253      6.5636      6.8542      4.0754      17.616      15.827      14.984      14.657      17.608      11.787      15.472      16.681
      17.804      16.242      16.452      20.751]"
15,transformed_0.25,ClassOrderSampler,0.00043098635236283174,"[     12.423      19.344      16.714      15.367      16.786      15.022      17.741      15.437      14.586      13.883      14.252       13.76      16.097      17.688      12.464      15.344      12.472      17.375      14.851      14.637      14.037      13.505      17.365      14.166      14.526      14.941
      14.399      15.846      15.254      14.723]"
15,transformed_0.25,ClassOrderSampler,2.7848429231362366e-05,"[     17.845      17.116      17.372      16.447      16.443      14.836      16.327      14.008      15.429      14.517      13.067       15.59      14.526      12.192      14.447       14.18      13.874      17.055      13.096      13.201      15.961      12.919      14.218      14.241      14.108      13.233
      10.566      12.046      13.334       16.12]"
15,transformed_0.25,ClassOrderSampler,4.8920139772671856e-05,"[     14.673      14.188      12.164      10.455      9.8977      11.927      11.592       15.33      15.512      13.185      16.566      15.438      15.179      14.911      10.359      12.623      10.311      14.123      13.209      13.073      12.092       14.22      15.441      19.024      15.462      18.671
      15.327      15.735      13.591      12.366]"
15,transformed_0.25,ClassOrderSampler,9.634037349069915e-05,"[     18.392      20.078      14.642      17.092       15.52      16.876      19.728      17.582      17.986       18.41      15.472      16.119      17.101      18.102      14.825      16.055       19.82      17.339      18.823      16.297      17.386      16.253      18.438      14.095      19.021      16.581
      16.324      15.256      14.032      14.221]"
15,transformed_0.25,ClassOrderSampler,0.0006400243505791246,"[     15.482      17.253      15.567       17.27      12.716      14.624      14.988      12.989      16.439      16.255      14.214      13.458      15.303      16.794      9.9323      9.9545      8.4955      10.535       10.98      11.913      11.792      10.145      10.411      9.3313      12.385      6.9169
      9.0348      7.1692      14.427      9.3156]"
15,transformed_0.25,ClassOrderSampler,0.000817591291914994,"[     8.0715      8.3049      8.7332      7.5462      9.3966      7.5187      8.1741      12.152      7.2028      10.686      8.7323      13.185      9.7054      11.334      8.5018      9.2933      10.136      7.1921      9.6495      15.227        8.13      7.1525      8.4252      9.0539      10.274      11.198
      8.8353      7.0794      11.457      5.2928]"
15,transformed_0.25,ClassOrderSampler,0.007931947194280269,"[     3.2395      1.5136      1.8162     0.23182     0.30785     0.98433      2.7029      3.7078     0.95622      3.0749       3.051    0.010542      1.9291      5.8399     0.13285        4.47      1.7442       1.746     0.10026      2.5398    0.014233     0.56304     0.19279      1.2392   0.0059193      6.4986
      5.9395    0.035227      3.3309      1.2427]"
15,transformed_0.25,ClassOrderSampler,0.0016961430521445864,"[    0.95952    0.028048     0.12434      1.4888      1.3155      2.1334      4.0811     0.54493      1.5755      1.4411        1.73    0.043599      1.2082    0.021714      4.9221      1.7162     0.43395      3.1604     0.47089      4.7289      1.8316     0.62593     0.48412      2.3731      6.6029      8.0483
      9.5302      12.497      11.173      8.2947]"
15,transformed_0.25,ClassOrderSampler,0.0019262627656906634,"[     14.741      7.1711      13.377      11.329      13.048      8.4829      15.333      10.597      13.321      13.807      9.7278      6.0949      8.9948       12.99      7.5277       12.67      9.8294      13.334      12.764      9.8789      9.8265       9.668      11.481      5.9338      10.358       10.75
      10.785      7.8783      9.6095       13.28]"
15,transformed_0.25,ClassOrderSampler,0.0006699232836399199,"[     9.0768      9.2267      10.923      12.222      10.206      12.947       9.794      6.4551      7.6586      10.604      12.705      7.9631      7.3259      7.5235      9.4311      13.145      9.5361      11.102       11.73       7.705      9.4871      7.3961      5.7515      7.9941      9.6497      7.9844
      7.7398      7.4728      10.781      10.414]"
15,transformed_0.25,ClassOrderSampler,0.002154630085156635,"[     10.866      6.0518      9.2623      8.8535      8.8115      8.6824      11.342      11.556       11.15      8.9881      7.6565      15.264      9.9637      14.142      7.9391      8.4423       8.571      7.4003      8.0428      7.9107      6.7253      8.4546      12.325      9.5988      7.9838      6.8418
      10.198      10.273      4.5987      11.604]"
15,transformed_0.25,ClassOrderSampler,0.0016252637572021715,"[     5.9706       9.549      10.588      7.3908      9.2499      8.9127      9.1045       10.79      15.124      11.178      9.9709      7.4659      7.0782      11.122      12.564      12.524       11.87      10.522      10.269      6.1429      9.2397      12.964      9.1771      7.3761      8.7801      7.8466
      13.341      10.304      10.428      7.1016]"
15,transformed_0.25,ClassOrderSampler,0.0048012374938307175,"[     9.6079      9.9571      12.194      10.289      10.022      14.167      12.634      11.493      13.715      9.7025      14.637      11.322       7.936      11.112      8.5669      13.061      10.696      8.0364      11.029      9.8725      11.697      6.3279      9.9266      8.4853      12.024      9.6907
      13.343      13.875      14.922      14.457]"
15,transformed_0.25,ClassOrderSampler,0.00014910239475693306,"[     11.424      13.102      12.845      12.728      12.423      13.085      13.327       14.35      11.989      12.659      13.425      13.854       12.75      13.789      13.904      15.532      11.315      12.805      9.5839      12.429      12.844       11.66      12.416      13.068      12.446      11.871
       13.13      13.415      12.147      14.238]"
15,transformed_0.25,ClassOrderSampler,4.216981309449446e-06,"[     12.214        12.7      13.288      12.269       13.58      13.719       12.16      13.188      11.375      12.403      12.854      12.736      13.439      13.296      12.375      7.4058      9.5514      7.2631      9.9851      10.417      10.743      9.0892       8.892      6.4214      12.714       11.43
      5.5483      8.5281      8.3027      9.5501]"
15,transformed_0.25,ClassOrderSampler,0.00020692959606884623,"[     15.268      9.0467      9.3128      11.287      13.218      6.3187      7.5682      9.5624      6.8808       9.963      5.1076       10.82      9.3171      8.4489      7.7325      13.933      11.167      11.707      12.621      9.9352      10.362      11.215      8.2559      10.925      11.903      10.797
      12.307      9.9567      11.298      12.127]"
15,transformed_0.25,ClassOrderSampler,0.0010098776414275764,"[     13.426      13.351      12.556      14.747      10.677      7.5744      13.413      9.9005      10.143      12.187      12.149      13.462      14.156      14.247      14.297      12.396      12.735      15.535      13.202      14.152      17.919      14.546       12.52      14.726      15.373      14.432
      11.928      17.244      18.836      15.109]"
15,transformed_0.25,ClassOrderSampler,0.0018886738156747298,"[     15.337      15.599      17.334      14.264      13.003      15.865      14.728      13.144      14.067      12.352      15.264      16.251      14.567      14.186      12.974      14.963      15.446      15.603      14.351      14.446      14.744      15.337      17.662      16.361      16.055      14.507
      14.015      14.086      10.079      11.202]"
15,transformed_0.25,ClassOrderSampler,3.4529591737681005e-05,"[     9.8921      9.7815      11.996       14.16      10.207      10.392      10.438      11.821      11.223      10.914      10.175      12.183      11.665       11.26      10.422      12.207      12.704      10.371       11.85      10.566      11.575      11.955      11.414      8.7927       9.831      12.668
      9.1386      8.4755      11.825      10.058]"
15,transformed_0.25,ClassOrderSampler,0.0070514881333435244,"[     10.207      11.006      13.332      11.173      9.6156      11.435      11.341      11.638        9.95      12.101      10.582      11.024      8.3177      8.1092      9.1889      8.6973      8.0108      8.6996      7.4597        10.3      9.4279      7.2764      8.9844      9.8586      8.3404      7.7805
      7.0278      9.2726      10.357      8.1886]"
15,transformed_0.25,ClassOrderSampler,0.00030134878202457997,"[     8.9009      8.6987      8.1946      8.1764      8.8504      6.9788      8.2697      9.6589      8.6144      8.6181      9.1557      7.4127      10.127      11.704       8.006      8.3223      7.8175      10.904      7.8963      8.0469      7.6998      7.4267      8.8944      8.5954      5.7953      9.2195
      9.4136      8.6004      7.0745      9.2575]"
15,transformed_0.25,ClassOrderSampler,0.00520397186099099,"[      7.109      8.7873      9.4654      9.7099      9.2769      8.8298      9.8607       8.394      8.8578      2.7086      5.9628      6.1915      7.2788      5.8223      6.7696      5.3625       5.799      9.3991       8.394      4.0288      6.5767      3.2548     0.72381       5.476      2.2723      6.1431
      9.0678      9.8266      9.4614      9.7765]"
15,transformed_0.25,ClassOrderSampler,0.006340634514769582,"[     5.1051      5.9089      4.4596       6.639      6.7133      5.1868       2.936      4.0385      6.6846      6.9529      5.0463      4.2445      5.3277      2.2544       3.759      5.5994      3.1404       2.462      9.5171      5.2505      5.9189      8.6099     0.42637      2.5109     0.11707       1.836
      2.5927      1.9132      3.1933     0.87416]"
15,transformed_0.25,ClassOrderSampler,0.00025988854126216297,"[     1.3058     0.43313      3.3141     0.93928     0.88078       3.417      1.0763         4.1     0.33845      0.3028      1.8795      1.8342      5.2888      1.2073     0.87585      3.3416      1.8765      4.6084      1.8077       4.449      1.3561       4.641      1.2592      1.4795      2.1056      3.9994
      2.6496     0.25168      5.7879      1.7498]"
15,transformed_0.25,ClassOrderSampler,0.0008996018638362928,"[     1.7806      2.4423      2.8579      2.1733      1.7999      1.5882      1.3189     0.79657      2.6709      6.4486      1.5082      2.0856      3.5108      1.7995     0.43192      4.0235     0.70694      11.122      14.859      12.599      11.489       11.35      10.687      12.527      10.923      11.644
      10.768      12.064      11.167      11.838]"
15,transformed_0.25,ClassOrderSampler,0.0019923145766376402,"[     11.609      11.777      11.618      13.261      13.791      11.322      10.585      13.923      10.922      10.813      10.682      9.4052      11.045      12.801      12.195      12.535      10.132      12.952      11.013      12.164      10.855      12.853       12.31      13.362      13.955      13.636
      10.099      12.632      7.7682       10.86]"
15,transformed_0.25,ClassOrderSampler,0.005354086404717456,"[     10.922      10.989      15.713      13.123      13.679       17.05      14.858      15.585      15.865      15.498      14.385      15.968      15.581      13.884      14.454       15.76      15.165      16.488      16.351      13.243      15.844      14.613      11.534      15.261      17.175      15.359
      18.389      15.622      15.694      15.878]"
15,transformed_0.25,ClassOrderSampler,0.00030916361181793344,"[     13.854      13.536       15.38      16.415      12.484      13.353      12.974      16.508      12.984      13.781      15.205      17.246      14.606      14.655        13.8      14.737       14.84      14.266      15.733      10.606      16.835      15.566      14.351      13.159      13.783      14.716
      13.924       12.75      15.395      16.809]"
15,transformed_0.25,ClassOrderSampler,0.0013215819560674874,"[     16.169       9.709      8.9062      12.403      11.389      9.7934       12.62      11.032      12.681      13.289      10.605      13.352      14.363      10.292      10.521      15.228      13.596      9.3579        14.3      16.742      11.246      12.601      13.694      12.425      11.636       10.25
      16.623      11.222      12.965      10.911]"
15,transformed_0.25,ClassOrderSampler,0.0002451720729455886,"[     12.092      12.644      10.119      8.1905      17.598      10.904      14.166      13.465      14.525      9.3869      9.9604       11.81      12.892       15.13      15.033      10.978      11.924      12.653      13.548      12.727      14.491      15.885      14.564      12.507      12.506      11.814
      14.242      14.537      13.826       13.73]"
15,transformed_0.25,ClassOrderSampler,0.00027278103566161655,"[     13.251      16.131      12.362      13.912      16.088      13.849      13.284      14.351      13.433       14.34      13.243      12.141      13.565      12.042      12.923      14.969      12.501      13.721      12.293      12.546      14.802      13.431      11.465      11.111      14.939      13.748
      13.657       13.66      13.136      12.894]"
15,transformed_0.25,ClassOrderSampler,0.003449396023667411,"[     15.555      12.857      15.018       10.91      13.176      12.379      14.692      15.898      14.281      17.506      14.572      14.419      16.178      15.977      14.668      13.738      13.784      14.788      12.843       13.45      13.331      14.457      15.519      14.099      14.632      16.556
      12.588      15.098      15.215      16.167]"
15,transformed_0.25,ClassOrderSampler,0.0030058338372918694,"[     13.989      15.326      13.222      13.904      17.606      15.971      15.524      17.334      15.583      14.019      15.302      15.659      14.611      14.382      15.101      16.411      12.504      13.206      14.811       14.21      14.235       6.655      11.017      4.2949      4.5481      3.8183
      6.0607      4.9679      8.2618       8.266]"
15,transformed_0.25,ClassOrderSampler,1.7584609970077967e-05,"[     6.3034      1.1821       6.746      6.0715      6.9321      8.2818      5.8431      4.6439      7.9104      2.8266      2.0642      6.0316      4.8674      3.8401      9.0667      11.744      3.7143      5.5399      5.7843      5.9085      4.6606      5.1676      8.3739       4.614      5.4967      6.8431
      7.8496      5.9987      4.6062      4.6207]"
15,transformed_0.25,ClassOrderSampler,0.00017902117839866598,"[     2.1873      5.4378      6.1504       6.762       5.068      1.8588      4.0595      12.457      8.7283      9.5814       7.414      10.133      13.691      10.904      10.537      10.022      9.9619      7.7883      8.7985      6.4268      9.5356       8.922      8.1508      11.782      8.7802      11.147
      11.575      12.072      12.777      9.1163]"
15,transformed_0.25,ClassOrderSampler,0.0022842667845922844,"[     10.545      7.7415      8.0392      8.3563      13.056      8.3198      11.456      11.664      6.6185      14.602       13.68      12.554      9.8528      17.855      10.839      12.636      12.655      12.428      15.235      16.038      14.961      11.093      12.867      13.169      17.054      12.372
      13.557      13.973      13.516      14.986]"
15,transformed_0.25,ClassOrderSampler,0.12261808381856608,"[     13.281      12.979       11.89      11.751       14.48      13.075       15.43      12.737      10.659      12.733       14.94      12.749       13.29      14.776      13.952      10.588      12.805      12.114      11.318      16.308      14.003      13.836      11.777      11.389      12.304      14.849
      12.652      11.514      13.254      9.7449]"
15,transformed_0.25,ClassOrderSampler,0.00344013900726938,"[     12.325      13.644      13.031      8.9915      10.524      9.4265      9.3699      10.409      9.9292      11.012      12.359       8.949      9.4122      10.352      10.966      9.6954      9.3661      9.5987      10.626      11.765      10.663      10.964       9.991      8.8338      9.3266      10.399
      9.6791      8.8718      9.1035      10.827]"
15,transformed_0.25,ClassOrderSampler,0.003543094001293814,"[     10.525      8.6859      9.4136      10.092      9.9498      9.8562      10.076       9.307      9.2291      10.199      9.7665      9.5193       10.28       10.77      9.7659      9.3816      10.884      9.6132      9.7779      8.5391      9.7215      10.125      10.801      9.6204      8.2008       11.54
      9.5249      9.6019      9.7399      9.2496]"
15,transformed_0.25,ClassOrderSampler,0.002739859116665319,"[     10.648      12.732      19.232      17.268        14.1      15.658      13.917      13.688      15.245      15.792      12.549      13.307      17.082      15.474      15.029      14.802      15.127      13.627      19.276      17.794      14.917      17.437      17.005      16.163      15.697      17.559
       14.59      14.096      17.317      17.746]"
15,transformed_0.25,ClassOrderSampler,0.040207899470351645,"[      14.13      15.649      13.678      16.282       14.47       15.25      15.005      15.287      17.524      15.616      14.674      14.174      15.231      15.003      14.776      14.883      12.332      13.538      15.565      16.403      19.154      14.791       11.98      13.822      15.565      12.345
      11.624      11.322      13.932      10.379]"
15,transformed_0.25,ClassOrderSampler,0.0013486159945218595,"[     15.501        12.9      17.395      18.303      17.174      11.226      11.081      13.219      12.592      9.8232      14.111      16.347       13.78      17.616      13.815      13.019      15.033      10.387      15.377      15.662      17.347      12.059      15.277      14.473      17.469      10.905
      13.665      14.967      12.305      8.1806]"
15,transformed_0.25,ClassOrderSampler,0.004267040146840179,"[     17.075      12.193      13.592      12.188      13.621      12.997      12.436      15.809      15.519      12.168      14.728      8.5259      6.6558      8.3064      5.6232      5.0745      7.8095      6.1002      7.3082      6.4884      3.8362      9.2624      7.7846      7.5415      8.8167      6.8275
      6.2765      6.5492       2.538      4.0798]"
15,transformed_0.25,ClassOrderSampler,8.453164375932037e-05,"[     7.0948      7.3662      6.4535      6.1529      10.355       8.585       9.825      4.7898      9.1051      7.4412      7.9139      7.5582      4.7017      8.3846      7.4324        8.83      9.8281      6.2136      6.2043      6.6043      5.9252      6.4997      7.0217      8.4574      8.0824      6.8212
      6.0825      7.4887      9.5091      7.5157]"
15,transformed_0.25,ClassOrderSampler,0.010094543977489824,"[     9.3412      12.085      13.177      11.507      10.753       13.15      10.833       13.02      14.578      11.064      12.139       11.49      12.922      13.487      11.657      12.831      13.028      12.334      13.244      14.203      13.608      9.7874      13.952      11.462      14.179      13.998
      13.692      12.956      12.775       14.09]"
15,transformed_0.25,ClassOrderSampler,0.00588846132760118,"[     11.793      9.9675      10.887      11.838      13.779      12.427      13.301      13.969      12.549      13.076      16.003      11.792       13.77      13.096      11.831       13.25      15.919      10.751      13.636      12.891      8.3501      9.2229      6.4408      4.4727      6.9017      4.1934
       4.474      6.9116      3.7493      3.9617]"
15,transformed_0.25,ClassOrderSampler,0.11232100916284415,"[     7.8603      8.3802      6.6325      2.9601      5.8802      4.0209       6.102      4.8289      7.5231      8.8875       4.376      6.6253      5.5817      4.5803      5.1608      7.1572      4.7303      4.9972      6.0272      2.4561      3.4228      6.1744      4.6747      6.7379      3.9002      5.0946
      4.0131      8.5969      5.4415      7.8042]"
15,transformed_0.25,ClassOrderSampler,0.0016345558528377089,"[     6.5336      6.4472      7.0043      6.7704      7.6922      6.8748      3.7906      9.6969      5.0001      4.3283      6.1432      7.8616      7.0311      7.5602      6.6691      6.0501      13.997      16.156       15.13      18.823      16.187      12.672      16.977      15.558      19.423      15.117
      16.229      16.931       17.47      17.503]"
15,transformed_0.25,ClassOrderSampler,0.0003327025097568991,"[     14.356      14.197       14.15      13.523       17.64      16.348      16.055      15.912       16.31      15.534      15.818      13.552      14.468      14.172      17.575      12.415      17.296      15.188      14.325      14.664      15.227      14.611      15.281      14.541      15.428       16.51
      15.916      13.437       17.02      15.175]"
15,transformed_0.25,ClassOrderSampler,0.00047181326497990593,"[     14.788      14.892       15.59      15.362      15.504      14.488      16.494      10.485      9.8593      11.538      12.176      9.9349      8.6184      8.1166         8.6      13.399      10.191      9.7015      7.8088      10.683      8.7748      9.8961      12.296      9.7112      9.5967      11.475
       8.605      9.1343      7.5734      11.932]"
15,transformed_0.25,ClassOrderSampler,0.00025737959825890066,"[     11.875      11.252      11.224      13.673      6.2031      11.979      11.629      9.9248      8.8559      13.204      9.2729      10.798       9.139      9.9287      12.608      9.6643      13.956      11.928      9.3234      10.502      13.187      7.3754      8.9588      10.398      10.963      11.596
      11.435      10.959      12.165      10.249]"
15,transformed_0.25,ClassOrderSampler,0.006586684568871589,"[     9.4242      12.053      8.4201       10.67      8.4637      9.5103      13.304      13.389      12.735      13.732       11.83      10.694      10.373      10.434      8.9637      12.951      14.068      8.5345      13.184      13.026      14.942      12.364        11.7      10.995      11.468      13.084
      12.061      13.791      8.1945      14.363]"
15,transformed_0.25,ClassOrderSampler,0.002673168513882039,"[     12.601      10.401      10.672      13.357      10.607      12.748      11.083      10.843      13.325        11.9      12.332      12.062      13.043      13.204      13.004       13.33      11.464      11.253      12.916      12.633      12.362      7.8091      13.074      10.202      8.5141      7.0714
      5.5765      8.7842      6.5613       10.85]"
15,transformed_0.25,ClassOrderSampler,0.013744982740729743,"[     9.0527      9.0104      9.2082      8.2775      4.5994      7.3987      9.4364      8.8698      9.1087      10.911      6.1044      7.9436      8.9943      11.095      4.8043      10.927      5.1728      10.964      9.5729      6.8241      9.1142      8.0149      4.4644      8.6194      7.5035      9.4963
      9.2816      9.2391       8.092      7.3569]"
15,transformed_0.25,ClassOrderSampler,0.02614381229364746,"[      9.055      9.1604      8.0849      6.4725      2.5178      6.9074      11.777      7.0788      7.8312      8.1817      5.6449      9.9117      7.3392      8.7063      9.2121      6.6751      9.3536      9.1799      9.8453       10.33      10.306      13.935      12.965      9.4602      8.7384      9.5778
      9.4303      11.202      11.211      10.953]"
15,transformed_0.25,ClassOrderSampler,0.0036586123035761103,"[     11.667      10.789       7.992      9.1941      11.121      12.706      10.013      12.817      10.067      11.758      10.002      9.2877      9.2911      12.749      10.671      11.568      6.8791      11.206       9.359      11.029      10.259      9.7328      9.8527      13.294      12.278      13.527
       11.49       11.62      9.9852      10.306]"
15,transformed_0.25,ClassOrderSampler,0.025131194708162632,"[     8.8017       11.06      9.3904      13.529      12.362      12.031      12.897      10.671       11.22       10.74      13.542      10.935      7.5256      13.887      9.1218      6.1877      9.4518      8.6703       11.91      12.969      7.5582      11.998      13.954      9.3188      5.7276      8.0895
      8.3621      14.419      10.041      10.559]"
15,transformed_0.25,ClassOrderSampler,0.16976580982307124,"[     13.979      5.3855      10.197      8.5282       11.92      9.4544      10.441      8.1563      10.888      13.568      7.3364      15.141      10.484      10.629      9.0773      10.697      8.9598      11.416      13.239       13.44      9.9288       11.43      14.992      8.5929        12.3      9.6794
      8.4984      15.565      7.3628      8.4409]"
15,transformed_0.25,ClassOrderSampler,0.03857093880835245,"[     10.072      9.1097      11.458      10.527      11.153      10.755      10.731      7.7827        8.44      10.141      9.5703       10.49      10.564      10.416      11.585      7.0325      10.094      7.8267        11.9      8.3278      11.375      8.7411       7.755      9.4066      11.585      12.251
      10.263      9.2528      9.4501      9.6747]"
15,transformed_0.25,ClassOrderSampler,0.0025442389737266647,"[      6.742      8.2354      8.9042      9.0283      6.2793      11.053      13.365      7.8903      10.025      14.323      12.419      8.2425      9.3999       10.16      9.5951      11.994      13.295      14.907      9.8175      11.473      10.418       10.79       10.68      13.826       12.43      13.042
      9.7726      14.286      12.699      10.672]"
15,transformed_0.25,ClassOrderSampler,6.580697910112126e-05,"[     11.518      11.715      11.263      11.954      12.011      12.609      11.949      12.931      10.155      13.423      10.298       11.86        12.5      11.399      13.613      12.398      10.903      10.081      11.192      14.199      14.372       11.89       10.57      13.435      12.738      11.863
      13.464      12.527      12.724      11.481]"
15,transformed_0.25,ClassOrderSampler,0.0038588303604415453,"[     13.551      12.975      11.468      10.379      11.653      12.275      13.173      10.119        10.7      12.496      10.004      12.333      11.726      10.925      11.155      11.595      13.373      12.964      12.422      14.518      12.664      14.429      12.788      14.018      12.825      12.416
      13.008      13.023      12.802      12.576]"
15,transformed_0.25,ClassOrderSampler,0.005018427910338276,"[     15.022      11.628      11.365      13.263      10.924       14.53      12.966      11.161      13.159      11.877       13.14       13.58       12.47      11.952      14.569      12.995      10.579      15.391      12.173      11.897      12.934      13.189      12.859      12.319      13.758      14.939
      13.978       12.12      12.875      13.649]"
15,transformed_0.25,ClassOrderSampler,0.0019923145766376402,"[     12.184       11.93      12.686      13.687      3.3139      5.3202      3.8712      1.8941      4.2333      3.5592      5.7568      3.7256      3.6907      5.8755      4.9262      5.1634      4.1492      5.1054      5.2676      6.1222      5.1244      6.3415      3.3671       3.289      6.1253      3.1912
      2.5788      4.3003       5.704      4.5911]"
15,transformed_0.25,ClassOrderSampler,0.0009267604303071696,"[     5.1749      4.8321      4.0414      5.9368       4.145       4.935      4.0409       2.921      3.4594      5.6927      6.3075        4.92      1.7105      3.5441      3.4952      4.4734      4.4506      4.9328      6.1447      4.5105      4.5306      4.7476      2.7972      6.3747      4.9096      6.2368
      4.4531      13.958      12.866      16.876]"
15,transformed_0.25,ClassOrderSampler,0.0007032450506505982,"[     18.014      19.064      15.934      17.331      14.089      16.792      21.871      17.131      16.941      19.693      16.414      19.152      15.306      15.613      16.733      17.393      17.865      17.739       15.89      19.433      17.304      17.595      16.291      18.927      17.227      19.446
      16.039      19.791       14.88      17.976]"
15,transformed_0.25,ClassOrderSampler,0.0003670892370357528,"[     17.183          17      17.946      17.078      18.031      18.419      14.042      18.457      17.413      15.335      16.061      16.141      19.628      5.4335      6.7504      7.0123      5.2912      4.0312      6.4339      6.1232      5.8433      5.7163      8.6904      4.1234      7.8683      8.1646
      4.5253      4.1377      4.9012      6.9746]"
15,transformed_0.25,ClassOrderSampler,0.0045567271358947425,"[     4.9727      4.6982      5.8854      5.4541      8.4266      4.4014      5.1381      9.7397      5.0375       6.884      5.8236       8.014      5.4749      6.3971      5.8471      6.0676      5.0481      5.1749      7.2498      4.1473      5.7194       6.042      7.1914      6.9359      3.3048      5.3927
      6.5267      6.0755      7.2733      3.9262]"
15,transformed_0.25,ClassOrderSampler,0.0022031989960392354,"[     5.9544      6.6515      6.4274      4.8219      3.9927       2.979       3.358      3.8073      4.3616      4.1456      6.2589      4.8959      4.6473      4.9801      6.9022      6.3885       3.686      4.2375      4.9298      4.9293      4.1348      6.5914      7.4335      3.8553      8.0854       8.316
      2.6382      3.3372      3.5456      7.5603]"
15,transformed_0.25,ClassOrderSampler,0.00011780170956626494,"[     5.4585      4.4863      6.5929      5.1112      3.8641      3.5456      2.4947      6.0951       5.609      7.8558      4.1793       6.217      3.1891      6.3186      4.3329      5.4086      8.4704      4.0222      4.9442      6.6983      3.7303      3.3004      5.0962      4.7554      4.7726      10.523
      1.1982      7.8204      10.421       1.608]"
15,transformed_0.25,ClassOrderSampler,0.0015045326883571433,"[     9.7318      3.5381      1.8496       8.934       8.903       6.077      3.0417      3.2776      3.1786     0.40101      6.8957      8.4383      2.5112      11.522       6.764      1.7175      13.008      8.8281      3.6307      8.6126      7.0373      7.4302      7.2094      9.6476      5.2562       3.648
       1.447      5.1734      4.9365        3.52]"
15,transformed_0.25,ClassOrderSampler,0.008377237364756259,"[     9.1362      6.3626       3.324      6.4696      6.6162      3.5747      8.0906      4.3021      4.2958      4.3493      4.8692      9.1903      11.544      5.5993      9.8659      9.4631      3.7218      3.1819      2.5687      10.459      6.9854       9.183       8.372      6.5919      6.0983      3.8499
      8.9979      6.1394      2.5182      7.3534]"
15,transformed_0.25,ClassOrderSampler,0.08434246049312331,"[     7.1489      9.1711      7.0333      8.2318      7.0711      8.1448      8.5626      8.1571      9.4216      9.2448      5.6364      4.5879      8.7309      8.4877      12.903      0.9986      6.5388      6.7687      8.5266      9.6028       5.321      8.5685      4.6249      9.9574      1.7407      2.8398
       11.57      13.519      11.748      14.815]"
15,transformed_0.25,ClassOrderSampler,1.5767653281082056e-05,"[     11.116      8.7183      12.302      10.761      12.641       9.459      9.8975      6.5572      11.742      12.184      9.3222      10.504      12.337      10.611      9.6378      6.5775      8.8706      5.1954      10.591      9.9481      11.702      9.6373      11.932      10.618       9.292      11.416
      9.8211      9.8605      8.3766      10.337]"
15,transformed_0.25,ClassOrderSampler,0.0016206393719051702,"[     8.6242      10.111      10.659      9.1889      9.9322      13.652       8.207       9.966      12.309      10.139      9.5709      9.1833      12.095      16.326      16.505      11.172      12.839      14.869      13.486      13.723      13.437      16.931      17.331      13.041      18.328      13.227
      16.553      18.687       13.53      13.244]"
15,transformed_0.25,ClassOrderSampler,1.9022721928514794e-05,"[     16.477       13.47      14.419      19.282      17.037       15.32      15.074      13.849      15.351      13.426      16.241      13.305      10.808       13.62      14.607       16.29      16.981      15.459      12.051      14.045      15.271      14.937      15.567      14.919      15.289      14.983
      14.781      14.574      14.054       14.08]"
15,transformed_0.25,ClassOrderSampler,0.015595372322414829,"[     12.257      15.881      16.745      12.639      13.995      13.162       15.87       11.94      12.909      13.476      13.292      13.773      14.956      13.616      12.479      11.804       13.65      13.325      14.864      9.5688      15.896      12.748      15.807      14.656      14.706      13.761
      15.225      14.189      15.764      15.554]"
15,transformed_0.25,ClassOrderSampler,0.0097324229235976,"[     12.738      14.321      13.023      10.799      13.825      14.153      12.831      15.525       14.41      12.599      15.082      13.875      12.435      14.152      14.615      14.623      14.148      17.278      12.876      13.897      12.524      15.361      11.618          13      14.574      14.028
      12.562      10.267      9.0015      9.5904]"
15,transformed_0.25,ClassOrderSampler,0.0013101493386923145,"[      12.41      12.363       13.66      14.144      12.343      13.096      12.315       12.62      13.989      14.802       12.53      13.077      12.513      16.098      14.562      12.437      12.247      13.498      14.289      15.136      11.016      11.743      13.755      9.8856      12.285      11.321
       11.03      13.087      12.596       14.11]"
15,transformed_0.25,ClassOrderSampler,0.00025571956575762544,"[     12.995      14.994      9.7611      16.235      12.725      12.399      12.889      10.849      14.356       13.92      14.077      14.109      12.017      12.711      14.182      12.947      2.2726      4.4947     0.32026      2.9415     0.68275      4.2667     0.64652       2.846      2.5134      3.2869
      2.6667      2.3392      4.8017      3.5888]"
15,transformed_0.25,ClassOrderSampler,0.0026151523862842753,"[     6.5599      2.7478      2.9798      3.8765      3.7877      4.0562      3.8801      2.2287      6.8312      1.0683      2.6137      6.4702      2.5185      5.0448      2.4273     0.79715      1.3799       7.331      2.9288      5.5758      1.7621      4.3809      2.0697       1.532      6.3378        3.42
      4.2963       4.503      4.4832      2.6151]"
15,transformed_0.25,ClassOrderSampler,0.0018361378459221958,"[     7.1324     0.61842      5.4323     0.74482      5.1298     0.79292      3.1211       2.081     0.45257      4.0837      1.2111      8.5242      9.7885      9.1533      10.506       8.748      11.096      8.8504      8.3977      9.5988      8.1275      7.8221      9.0117      8.2846      9.0021      8.1235
      9.6553       9.648      10.281      10.718]"
15,transformed_0.25,ClassOrderSampler,0.0002124231796684074,"[     9.2428      8.5919      10.187      8.5588      9.0111      7.0022      9.8026      9.1002      10.129      8.6375      8.6575      9.1379      9.2189      8.9404      8.1417      9.9649      8.7356      7.8408      7.7085      7.5505       10.51      9.1385      8.1137      9.8815      11.139      10.003
       9.889      7.8557      11.812      13.937]"
15,transformed_0.25,ClassOrderSampler,0.0004806989981282494,"[     12.267       10.31       13.82      12.692       12.72        12.4      12.152      12.962      12.376      12.078      11.843      12.845      13.378      12.195      13.052       10.34       14.12      11.664      16.568      13.033      13.874      11.751      12.887      11.506      12.398      12.159
      12.079      11.363      13.172      13.379]"
15,transformed_0.25,ClassOrderSampler,0.005813514707577836,"[     9.9791      11.293      10.469       10.92      12.484      12.034      12.342      11.424      11.938      11.459       12.66      12.243      14.043      11.053      13.008       15.96      13.086      13.247      11.879      12.945      9.4732      10.362      9.2514      8.9974      9.4871      15.752
      12.336      10.395      12.688      9.6525]"
15,transformed_0.25,ClassOrderSampler,0.0005662603300035138,"[     11.574      11.609      14.497      8.2663      14.698      7.9862      12.577      9.5493      5.3893      9.4351      9.4087      11.777      10.004      13.996      12.747      10.979      7.3392      8.6156      8.2401      9.8745      9.5253      13.086      10.893      9.2969      7.7158      7.4439
      9.1415      9.7371      12.023      11.758]"
15,transformed_0.25,ClassOrderSampler,0.0013525236909210955,"[     12.494      16.809      13.309      10.441      11.201      8.2859       11.65      9.4549      10.967       9.395      8.9885      8.0981      9.9213      8.3146      8.6609      9.7124      10.733      9.7382      8.2566      7.2386      9.5643      9.3399      8.8406      10.835      12.796      11.801
      10.301      11.368       7.543      7.9447]"
15,transformed_0.25,ClassOrderSampler,8.28598731727426e-06,"[     9.1758      7.2891      9.6046      9.2417      7.7462      8.2371      10.264      8.2662      7.9679       9.934      8.6471      7.6199      13.175      8.5045      9.1293      10.762      7.7432      11.428      9.3959      10.795      9.2602      9.5287      15.467      9.9296      12.399      8.8344
      10.769      7.5597      11.011      9.4266]"
15,transformed_0.25,ClassOrderSampler,0.00031716864749632196,"[     8.3704      9.0555      7.1601      8.3588      11.515      8.5023      6.9316      10.544        7.51      9.6923      6.6979      8.2261      9.2712      5.8365      8.0572      5.8539      9.3434      6.1904      9.2545      7.1977      8.6339      6.3887      5.5122      6.4811      6.9777      7.8497
       6.919      6.2268      8.4495      7.2932]"
15,transformed_0.25,ClassOrderSampler,0.1139188824676827,"[     9.6489      7.9678      9.4769      7.4151      8.7187      7.5124      11.104      8.2881      7.6804      9.3856      8.5569      10.133      9.9117      7.9046      6.1502      14.725      6.1985      7.4415       8.593      8.6017      11.703      9.1369      9.4428       5.783      7.8239      8.0093
      10.912      7.8651      8.3163      12.969]"
15,transformed_0.25,ClassOrderSampler,0.0006822431182264406,"[     7.7706      7.5761      7.1569      7.0925      6.9531        6.74      6.3816      6.0256      8.1512      9.7069      7.3533      8.1456      6.9639      9.6124      9.6549      9.7714      8.7428      11.125      5.2842       9.589      8.1755      10.839      8.8998      6.6142      9.8531      9.0667
      7.3737      9.8616      12.675      8.3835]"
15,transformed_0.25,ClassOrderSampler,0.0015306221402312183,"[     7.3235      10.433      14.151      9.9576       14.99      11.759      11.843      13.462      10.053      11.298      10.932      7.8947      12.821       9.235      11.229      9.4996      11.372      9.0277      13.644      13.859      11.446      15.044      15.673      11.337      9.4488      12.059
      11.937      8.9512       18.65       16.46]"
15,transformed_0.25,ClassOrderSampler,0.00037176097145032985,"[     12.837      16.118      10.623      10.565        12.8      10.441      15.259      13.457      9.9101      8.8572      11.264      15.458      11.411      13.465      11.863      10.995      11.928      9.8538      9.6655      10.801       7.826      11.413      9.8597      8.7237      7.6996      6.5331
      9.9829      10.863      11.509      10.849]"
15,transformed_0.25,ClassOrderSampler,0.00030038510756728116,"[     11.265      13.951      11.084      13.166      10.782      12.419      10.779      10.386      8.6922      10.205      8.8459      9.4464      8.5295      12.694       10.94      12.162      11.175        10.2      9.1905      12.969      9.8398      11.696      10.627      11.497      11.314      11.658
      13.511        11.6      11.248      15.106]"
15,transformed_0.25,ClassOrderSampler,0.011583724668447053,"[     9.5229       11.06        11.2      12.742      8.3442      8.5251      7.6923      8.9494      8.8631      9.5501      8.3567      9.7539      8.5135      8.7199      9.6574       11.63      9.0207       11.56      8.1194      10.975      11.088      10.364      9.5323      11.347       8.592      9.3476
      11.479      8.5742      9.6883      9.3857]"
15,transformed_0.25,ClassOrderSampler,0.0015795439184888673,"[      9.619      10.802      9.8973       10.55      8.8745      7.6673      10.055      7.2715      9.8143      8.7435      12.987       8.192      8.0598      8.3442      9.9298      9.2318      8.4406      9.1189      6.9578      8.7028      9.1985       9.968      9.1916      9.1841      9.9073      10.779
      9.8073      10.594      9.2173      10.337]"
15,transformed_0.25,ClassOrderSampler,0.014781686589911172,"[     12.763       9.734      10.462      14.457      12.122      15.032      11.607       11.64      8.1168       13.43      11.915      12.141      13.147       11.18      13.514      13.893      15.461      10.179      11.813      12.589      9.9012      11.706      10.654      13.299      11.594      10.773
      9.9503      13.041      10.825      13.692]"
15,transformed_0.25,ClassOrderSampler,0.0077560278935027436,"[     11.334      13.772      12.284      9.4511       13.44      11.165       9.296      12.914      11.467       10.27      10.347      11.167      14.275      12.821      10.844       11.35      13.421      11.241      8.2735      6.9166      4.5308      7.7158      5.4934      4.6254      6.1975      3.7259
      4.1253      6.9652      4.7506      4.2898]"
15,transformed_0.25,ClassOrderSampler,0.0002881172742073314,"[     3.9382        10.8      6.1318       8.257      5.3114      5.7988      8.2976      7.4624      3.1989      9.5068      7.0971      5.6866      2.8889      7.6089      7.3635      5.9814      4.1776      7.2567     0.27896       5.243       4.559      5.6381      4.1973      1.9174      5.7404      6.7045
      5.6499       7.265      4.1798      9.0376]"
15,transformed_0.25,ClassOrderSampler,0.0002202016485133369,"[     8.7747      3.5077      7.8999      3.9888      4.6661      5.5605       4.403      3.9318      3.2688      7.5312      6.9559       2.494      3.4164      6.1832      9.7657      7.6771      11.057      10.469      9.6343       9.714      9.8643      8.0484       11.17      8.7823      7.3504      11.423
      6.1489      9.0478      11.689       11.72]"
15,transformed_0.25,ClassOrderSampler,0.009065299213460916,"[     12.274      10.302      11.502       11.06      10.959      10.492      10.079      11.763      10.022      7.5619      13.258      9.7795       9.913      11.938      8.7807      9.2201      9.8321       8.744      7.8158      11.809       8.908      12.337      8.8273      8.6989      9.0923       11.77
      9.8503      11.722      7.2252      11.367]"
15,transformed_0.25,ClassOrderSampler,0.0036294141355084145,"[      9.535      10.452      10.733      11.956      11.704      11.606      5.0967      10.447       11.43      14.046      11.769      15.038      11.734      13.459      13.421      10.197      12.309      14.949      11.893      14.502      12.572      11.539      13.129      15.616      11.603      13.579
      11.229      11.374      10.841      12.712]"
15,transformed_0.25,ClassOrderSampler,0.009520805382096561,"[     11.524      14.435       11.94      9.9791       10.82      14.315      13.914      15.097      13.543      11.218      14.172      12.604       14.45       14.76      15.352      10.892      12.831      12.081      15.841      12.659       11.22      14.525      13.099      9.7758      12.668      13.636
      11.881      14.565       10.44      10.601]"
15,transformed_0.25,ClassOrderSampler,0.0004296401117037578,"[     14.654      14.352      17.706      14.574      12.631      14.594      14.426      14.403      20.722      12.816      17.433      13.945       16.46      12.729      13.974      12.962       14.95      15.975      17.633      15.191      13.754      12.773      16.697      13.843      15.914      12.831
      17.217      13.289      16.936      11.785]"
15,transformed_0.25,ClassOrderSampler,0.02737037964177757,"[     15.001      15.398      19.021      15.394      17.497      12.154       15.93      16.168      14.423      13.697      15.238      12.906      13.123      16.714      12.975      12.962      14.758      13.212       14.74      11.875      16.643      12.975      18.035      14.833      5.7986      6.6432
     0.40843      2.3652       4.958      3.8063]"
15,transformed_0.25,ClassOrderSampler,0.007717406229315131,"[     7.5032      1.6961      3.7516       4.309      6.0502      4.5295      3.6483      3.7039      6.3804      2.9648      7.0213      6.0667      1.9782       8.906       3.167      6.6145      7.5473      5.6737      6.5473      1.6758     0.93732      1.0216      3.5501      2.4525      3.3084      1.4443
      1.6299      7.2911      7.9673      4.1565]"
15,transformed_0.25,ClassOrderSampler,0.11820319410713849,"[     4.8982       3.152      1.3368      5.5729      5.2933      2.7558      10.438      13.105      11.425      12.543       10.19      14.091      15.381      10.336      12.617      10.662      14.831      15.771      8.7896      9.8266      11.962      17.115       14.93      12.863      14.351      12.512
      10.585      11.545      15.373      10.877]"
15,transformed_0.25,ClassOrderSampler,0.004628865252210903,"[     12.652      9.6326      14.777      14.366      12.916      13.423      14.257      14.015       11.11      12.619      11.232      11.196      15.721      11.705      12.031      15.954      12.695      10.688      10.553      8.4835      8.1144      12.269      7.5172      9.8325      5.1847      5.5714
      9.3304      10.032      11.074      9.6577]"
15,transformed_0.25,ClassOrderSampler,0.0016206393719051702,"[     7.2039      7.0145      13.008      7.9751      6.5564      9.8771      4.3481      3.3719      7.2757      9.3356      7.9682      10.096      10.628      9.0346      9.6073      8.7893      10.722      6.8121      6.1545      6.8798      9.0479      8.9385      8.5051      7.6808      8.4179      11.657
      12.747      5.0009      4.1356      6.3014]"
15,transformed_0.25,ClassOrderSampler,0.0006518315254600991,"[     7.9538      7.4606      10.805      6.0001      8.2796      7.2379      7.3565      8.2231       9.618      8.3545      8.6873       5.452      9.6327      13.296      8.8361      10.774      15.845      12.982      14.516      15.666      13.736      12.934       11.72      14.184      14.239      15.326
      13.383      12.088        14.8      14.779]"
15,transformed_0.25,ClassOrderSampler,0.000980465499990287,"[     11.634      13.886      12.724      10.936      14.628       13.09      14.015      13.551      11.535      11.225      14.463        12.4      10.719      12.765      12.372      13.708      11.198      13.375      11.077      11.851      13.295      11.192      11.947      13.036       13.48       13.42
      14.356      14.097      14.711       12.34]"
15,transformed_0.25,ClassOrderSampler,0.00022455635708205226,"[     12.357      14.734      11.895      12.257      13.334      12.889      11.422      11.208      10.802      12.385      14.778      16.554      17.672      16.633       16.35      17.957      16.127      15.444      13.254      15.746      12.807      18.249      17.873      15.834       15.65      15.102
       17.33      15.796      14.106       17.36]"
15,transformed_0.25,ClassOrderSampler,5.123345246340511e-05,"[     18.416      14.539      18.619       15.33      13.881      15.896      15.152      13.652      18.321      15.092      15.121      16.957      16.914      16.429      16.113      15.164      14.883      15.945      15.626      12.952      15.117      16.861      13.552      16.459      18.636      14.359
      13.718       14.63      17.072      16.747]"
15,transformed_0.25,ClassOrderSampler,0.005903541991667231,"[     19.555      18.812      17.303      16.442      15.163      13.647      15.525       16.13      14.313      14.951       18.02      13.344      11.419      11.391      11.618      13.245      11.379      13.118      13.446       15.33      13.086      11.333      14.196      11.249      12.994      14.002
      13.755      14.728      13.571      15.157]"
15,transformed_0.25,ClassOrderSampler,0.0004086140644762665,"[     11.727      13.477      11.369      14.254      12.514      14.323      15.127      15.357      13.323      14.617      13.038      12.522      11.008      13.226      11.592      14.025      15.029      12.774       13.23      12.807       12.91      13.256      12.854      13.113      13.196      14.992
      14.374      14.133      13.442        13.8]"
15,transformed_0.25,ClassOrderSampler,3.77964164226631e-05,"[     9.9641       13.04      12.007      12.432      11.005      11.093      10.204      10.045      13.452       12.32      11.798      11.524      11.299      10.509       8.573      9.3542      9.4473      13.244      12.562      13.735       10.48      10.885      8.6637      12.607        13.5      15.588
      10.461      11.636      15.457      16.261]"
15,transformed_0.25,ClassOrderSampler,0.0013025765129432646,"[     14.954      11.249      12.827      13.587      12.014      14.897      14.895      9.9282      10.462      13.552       14.66      11.063      12.228      14.008       10.41      13.413      9.5921      11.624      11.159      9.7268      9.8578      12.576      11.632      11.644      10.768      11.861
       12.08      11.163      9.8487      12.938]"
15,transformed_0.25,ClassOrderSampler,0.0033130862740186296,"[     11.459      9.9849       12.42      11.423      9.9165      14.071      11.544      14.118      15.499      11.916      12.682      15.672      8.0434      8.7508      13.884      10.969      9.9428      14.186      11.756      11.196      9.7294      10.034      10.709      12.825      12.969      11.639
      10.985       13.08      10.012      10.333]"
15,transformed_0.25,ClassOrderSampler,7.008098700964449e-05,"[     13.717      10.153      10.136      10.818      10.118      14.312      11.056      12.642      11.073      11.485      10.459      15.564      15.426      14.542       13.79       16.14      14.908      15.747      14.947      13.892      14.844      16.858      17.089      15.631      16.125      15.911
      13.973      15.265      15.877      15.799]"
15,transformed_0.25,ClassOrderSampler,0.0006303366069466927,"[     14.456      16.152      14.928      14.369      14.983       14.49      14.966      13.337      19.105      13.917      14.519      16.897      13.795       18.21      17.862      15.265      14.691      14.316      14.722       16.46      15.977      14.071      14.029       17.02      17.421      16.283
      15.741      15.294      16.782      16.579]"
15,transformed_0.25,ClassOrderSampler,0.00031919906909061067,"[     17.185      16.212       7.165      5.1021       6.817      5.7815      5.8302      8.3093       3.375      8.5986      6.2965      7.8083      4.1671      7.6588      4.2042      5.8795      5.5746      4.1651      6.5512      6.5047      8.5117      6.5755      1.8295      5.7688      6.6437      4.5943
      6.1264      3.1373      4.6407      6.7735]"
15,transformed_0.25,ClassOrderSampler,0.009428064137720018,"[     6.4524      6.5941      7.4563      7.3287      5.6858      2.6941      7.9509      3.0181      7.5583         4.6      4.3864      6.1027     0.72738      2.8686       8.956      6.9156      5.3128      8.5018      6.6357      12.891      14.582      17.302      11.393      15.902      13.413      11.688
      12.105       12.82      9.9609      11.807]"
15,transformed_0.25,ClassOrderSampler,0.09282567713595043,"[     12.633      14.867      15.235      11.368        12.9      15.237      16.192      12.889      15.589      13.786      11.973      10.865      14.692      12.532      12.204      13.483      10.401      14.632      12.038      15.057      13.159      16.252      12.824      14.965      12.505      15.536
      14.252      12.644      14.294      12.926]"
15,transformed_0.25,ClassOrderSampler,0.024801410837581573,"[     14.036      14.316      14.063      13.554      16.577      13.304      12.881      11.756       13.52      13.564      12.589      10.458      10.954      11.011      9.7953      8.7251      9.5834      10.602      10.368      10.907      10.336      9.1368      9.6521      9.4076      11.397      11.873
      8.7613      9.9217      10.568      10.664]"
15,transformed_0.25,ClassOrderSampler,8.630056256590893e-05,"[      11.15      7.7579      7.1374      10.497      10.075      10.229      11.782       12.56       11.21      11.883      14.152      15.266      7.6229      11.027      9.8718      8.4878       9.179      8.9192      9.8283      9.7275      13.261      10.668      7.5387      10.577      9.8069      8.9865
      11.221      11.142      8.0933      10.399]"
15,transformed_0.25,ClassOrderSampler,0.005395709696886915,"[     9.1499      11.874      9.8967      11.952      10.554      10.325      9.8431       11.61      14.825      13.024      11.415      12.981      12.725      11.777      11.759      11.978      12.153      9.9997      13.332      11.718      11.926      10.095      12.939        12.5      13.674       12.57
       10.41      13.291      9.4212      13.532]"
15,transformed_0.25,ClassOrderSampler,0.02127405616842409,"[     10.869      13.074      13.603      12.961      12.112      14.355      12.798      12.723      11.455      12.096      13.659      12.297      12.772      13.309      13.204      11.546      11.924      12.892      14.472      13.615      12.241      13.015      10.368       12.19      15.657      16.238
      14.584      16.396      16.443      15.659]"
15,transformed_0.25,ClassOrderSampler,0.00015519809728945224,"[     15.236      14.735      16.115      13.624       14.29      18.565       13.61       13.59      14.223      16.004      15.141      15.241      16.877      15.851      15.027      14.527      14.377      13.956      13.835      15.475      14.495      15.909       13.58       14.46      16.351      15.977
      14.681      14.312      15.956      10.632]"
15,transformed_0.25,ClassOrderSampler,0.0003705879162254716,"[     12.531      14.096      13.238      14.988      14.111      11.955     0.82421     0.80231     0.75098     0.22174      1.0919     0.12214      1.5689     0.21714     0.15334     0.36535      0.4251      3.8895     0.49816      1.4771     0.71769      1.7104    0.038367     0.68418     0.56086      1.7084
     0.47481     0.20249      2.0735      2.3772]"
15,transformed_0.25,ClassOrderSampler,0.001033997014069149,"[    0.43018     0.32142     0.30089     0.74464        0.45     0.16096      1.0645     0.82096     0.46159      0.7809     0.10907     0.31932     0.95956     0.39299      0.6128      1.9948     0.17599      1.8448       2.497     0.36315     0.18248      17.115      17.255      17.366      16.146       16.51
      18.274      16.926      14.194      15.368]"
15,transformed_0.25,ClassOrderSampler,0.00016643345107191068,"[     18.379      17.552      17.342      15.233      17.396      15.755      18.322      18.221      15.426      17.591      17.268      20.222      19.727      20.027      17.764      17.891      14.743      15.363      17.748       17.93      16.707      16.068      16.825      15.652      15.356      15.574
      16.985      15.868      17.661      15.199]"
15,transformed_0.25,ClassOrderSampler,0.000742574678745414,"[     19.675      17.409      17.424       20.15      17.305      18.833      14.854      18.755      8.3524      7.6601      9.5117      9.7646      9.1581      9.2262      8.0822       10.42      9.7247      10.846      11.986      8.1655      13.055      11.348      11.198      10.668      9.2053       10.05
      10.341        10.1      9.1157      10.342]"
15,transformed_0.25,ClassOrderSampler,0.005994833745851634,"[     9.7145      9.5884       8.765      9.2707      10.534      9.7025      11.636      10.541      7.5908      9.3936      10.129      9.6689      8.3571      8.7185      9.0583       10.92      8.0802      9.9936      8.3328      7.7908      10.582      8.8082      13.393      7.2403       8.751      12.075
      8.7029      10.508      3.2967       2.649]"
15,transformed_0.25,ClassOrderSampler,5.551512028667919e-07,"[     3.1477      8.0259      0.6136      4.6318      5.2522      2.5367      1.4112      2.6507      6.4484      6.5621      2.5772      1.4605      4.1655      9.3835       4.483      2.7091     0.35837      3.5464      4.9063      4.3308      7.4005      5.4614      6.7154      1.5524       8.436      3.4701
      5.2116       4.867     0.86096      2.6142]"
16,transformed_0.25,ClusterSampler,1.6788864102857476e-06,"[     9.6837       11.68      3.9036      14.423      7.3032      13.979       2.578      14.856      5.9058        9.56      2.9794      3.9918      11.154      15.547      13.944      13.202      10.082      5.1304      11.001      11.277      16.289      8.8584      14.864      13.177      14.178      7.0786
      7.2897      6.6689      12.986      11.771]"
16,transformed_0.25,ClusterSampler,0.00040990035919651876,"[     12.858      6.7494      11.229     0.33417      11.268      15.883      13.263      13.191      6.5221      13.397      17.844       10.29      5.6353      14.404      2.7283       10.58       1.857      11.674      17.278      7.7289      8.5208       14.19      14.109      5.8281      7.7823     0.75852
      10.797      10.622      8.4556      9.5601]"
16,transformed_0.25,ClusterSampler,7.539870751388824e-05,"[     9.5987        13.3      17.187       15.81       8.253      13.333      12.445      3.8388      10.533      12.231      10.163      12.338      9.0746      15.742      8.9717      9.8011      10.972        15.2      10.871      2.3329      6.6486      12.716      12.166      10.983      13.794      10.961
      14.443      12.566      7.7515      9.7935]"
16,transformed_0.25,ClusterSampler,0.0025512580843349837,"[     12.081      11.256      4.9259      13.327       15.35      16.157       8.193      17.533      12.727      8.9501       9.127      12.783      14.427    0.062858       12.54      9.0863      8.0324      12.786      4.8217      12.541      8.8952      8.6214      14.502      16.995       9.523      13.141
      10.848      9.8566      14.336      6.2372]"
16,transformed_0.25,ClusterSampler,0.035544149922658766,"[     16.807      14.189    0.040708      7.1338      7.9395      15.719      12.225      6.3522      16.963      6.6418       13.91      10.773       13.13      11.495      7.5215      11.763      3.8468      8.7725      12.397      14.953      11.611      9.8227      9.0538       13.14      13.778       7.579
      8.3657      15.655      13.236      9.4611]"
16,transformed_0.25,ClusterSampler,0.00025571956575762544,"[     12.183      8.9286     0.72461      12.722      15.361      2.0439       13.63      11.062      2.5287       18.75      11.671      16.086      9.6209      13.659      10.841      13.046      11.289      13.181      10.467      13.276      12.105       12.15      9.4537      15.499      8.5273      11.537
      13.324      12.254      13.159      13.272]"
16,transformed_0.25,ClusterSampler,0.0006188928632426685,"[     13.838      14.357      17.158      14.536      19.863       14.23      18.778      14.856      16.701      14.509      15.945      15.449      14.674      10.555       10.05      12.346      9.9664      4.1983      8.0043      9.9142      5.3053      9.5312      8.6518      15.854      12.459      14.808
      7.4034      10.794      9.2215    0.011801]"
16,transformed_0.25,ClusterSampler,0.0044621284085568135,"[     11.585      1.8382      16.125      1.8882      16.807      11.958      14.635      5.0465      10.853       17.99      7.6864      6.1695      4.4269       9.596      11.273      13.715      10.657       12.85      13.078      6.2172      12.866     0.13757       13.73      12.252      9.3322      11.515
      16.567      14.874      8.1356      13.286]"
16,transformed_0.25,ClusterSampler,0.005465743366476873,"[     15.044      14.222      11.495      6.3126      7.9059      13.816      8.4847      8.6785      6.2085      13.182      8.9764      12.904      9.5735      15.367      14.717      12.885      14.073      12.038      11.709      10.436      3.0054       2.167      14.105       13.56      7.9478      10.803
      13.068      13.824      11.795      13.352]"
16,transformed_0.25,ClusterSampler,0.01970502712151855,"[     13.918      10.519      4.8353      9.4851      11.586      13.744      9.8971      1.0626      13.216      10.907      18.086      12.196      14.168      10.524      4.8583      13.046      13.037       13.11      11.601      13.704      9.5322      14.235      13.095      12.422      7.9474      8.7476
      10.886      14.157      9.9336      11.027]"
16,transformed_0.25,ClusterSampler,0.13367193196303612,"[     16.543       11.02       12.84      9.1546      12.536      10.981       9.588      9.1197      11.869      12.571      8.1416       17.54      13.082      18.233      7.2766      11.172      12.038      11.543      11.094      13.887      11.821      8.5551      15.283      8.3698      14.944      9.5255
      15.436      14.424      13.402      17.336]"
16,transformed_0.25,ClusterSampler,0.011308967369826348,"[     11.272      7.6199      11.714       12.55      13.053      2.9879      13.383      10.927      11.509      9.9235      8.8272      13.011      14.806      14.473      12.162      14.135      13.971      9.4874      11.987      12.252        13.1      3.8034       9.025      20.095      18.371      6.9104
      13.378      10.934      7.4513      5.8809]"
16,transformed_0.25,ClusterSampler,1.0735318532789873e-05,"[     12.031       10.64      11.964      10.881      9.8497      11.287      12.987      8.6023      19.471      12.104      12.882      13.959      6.3765      12.983      9.0929      4.3518      9.6882      12.057      12.787      13.075      8.9154      4.1762       14.66      16.374      12.454      6.0577
      5.8768      15.673      11.373      11.205]"
16,transformed_0.25,ClusterSampler,0.004927948251613229,"[     14.458       10.66      10.326      8.3807      5.4268      5.2245      3.6044      6.2147      15.888      6.9587      16.331      11.849      5.6489       10.92      16.603      13.905      13.161      14.368      5.0213      3.1515      15.597       11.89      16.958        11.2      9.8596      13.984
      2.0523      4.9706      4.2529      15.843]"
16,transformed_0.25,ClusterSampler,0.0006618240392777736,"[     13.828      7.7003      14.214      13.168      10.982      4.2097      5.7232      11.242       8.099      7.4975      16.209       4.135      14.158      8.9998      4.8167      9.5317      12.474       11.66      10.272      11.485      5.2127      14.298      16.924      11.416      14.513      15.544
      12.212      8.6416      4.8119      11.899]"
16,transformed_0.25,ClusterSampler,0.007359188936408483,"[     3.9608      14.719      14.092       15.63      12.409      4.6833      11.715      9.7924      7.8368      8.5231      5.9209      13.144       11.92      10.671      11.039      11.817      14.336      6.2372      15.021      9.2517      13.073      13.053      15.206      18.138      18.251      12.656
      14.241      1.4776       10.85      12.524]"
16,transformed_0.25,ClusterSampler,0.0005324289971683501,"[     8.9991      10.279      9.4549      14.184      9.1553      5.5555      13.624      7.5558      13.406      13.132      12.062      12.374      8.7305      12.139      13.228      13.576      14.232      13.212      13.323      12.768      11.205      12.217      11.699      15.972      8.6236      5.1567
      9.8172      11.355      13.621       6.791]"
16,transformed_0.25,ClusterSampler,1.818781062558601e-05,"[     11.962       9.559      12.381      15.758      13.909       8.183       8.768      9.9605      13.291      8.0447      8.7021      15.256      16.109      9.7155      12.828      7.8005      12.711      15.947      7.0272      11.909      4.5337      11.828      9.3123       11.29      16.615      13.752
      2.7845      12.842      10.636      14.621]"
16,transformed_0.25,ClusterSampler,0.003747500767521822,"[     14.661      10.216      17.426      16.113      3.1292      1.5613       3.636      10.182      11.218      9.9554     0.96083      13.996      10.676      10.082      14.619      14.068      13.416      10.833     0.58332      15.326       9.662      13.836      9.0286      17.257      4.7973      14.336
      16.209      7.4007      11.738      16.393]"
16,transformed_0.25,ClusterSampler,0.003807852211992238,"[     9.3486      11.831      2.4228      15.843      16.295      17.084      13.154      12.761      4.0723      15.194       2.973      10.023      12.366       11.67      6.5004       12.78      11.002       12.05      10.162      11.938      10.336      9.5527      10.542      17.027      13.345      14.008
      6.5334      9.9903      14.679      13.764]"
16,transformed_0.25,ClusterSampler,0.014305112523720126,"[     14.924      16.095      4.4744      13.996      12.317      12.755      8.9362      8.9335      10.476      2.7274      7.8731      12.999      9.5464      13.422      12.895     0.33728      11.191      10.756      9.4864      12.634      15.548       9.689       5.856      12.104      10.081      5.5532
      9.3184      14.494       18.72      7.8276]"
16,transformed_0.25,ClusterSampler,0.02643139748476553,"[     11.723      15.529       7.592      3.7562      10.088      6.3044      11.105      16.335      12.273      1.7213       19.94    0.059982      8.2607      10.976      11.229      6.4508      6.3429      6.1638      9.2651      12.812      13.398      14.479       8.587      14.131      18.155      12.229
      4.7411      15.886      5.5654      6.8602]"
16,transformed_0.25,ClusterSampler,0.0004602032646136213,"[     11.401       17.39      11.988       13.51      10.428      12.777      5.1607      12.493      10.441      9.2669    0.038965      12.727      4.0446      7.7228      8.8715      6.9884      11.761      11.428      2.4238      14.296      9.3207      12.827      11.064      7.0124      10.817      10.826
      10.468      11.568      6.6328      3.0108]"
16,transformed_0.25,ClusterSampler,0.025020733038636837,"[     2.4355      14.537      9.0451      11.577      11.207      8.8124      15.885      13.564      12.041      10.959      14.448      3.7644      6.5921      15.329      16.513      14.835      14.921      5.7361      6.2347      13.294      3.6129      13.591      7.0016      13.327      10.356      16.976
        15.6      11.431      10.484      12.767]"
16,transformed_0.25,ClusterSampler,0.00011233569956846171,"[     6.3143      13.103      15.741      17.504      11.071       10.13      5.7455      14.065      16.833      15.423      17.023       15.09      12.363      13.422      13.171      11.321      12.853      11.064      14.327      12.277      5.4529      15.102      15.114      8.5435       12.87      12.469
      6.8782      3.0936      17.444      9.2775]"
16,transformed_0.25,ClusterSampler,3.5037564810287163e-06,"[     14.087      9.8521      12.646      11.173      12.728      7.1185      2.9609      12.316      13.914      6.4614      12.724      11.585      15.339      14.409      7.6394      10.249       9.592      15.134      1.6299        7.03      14.827      14.255      11.274       5.736      18.333      12.797
      11.092      18.542      17.867      6.3001]"
16,transformed_0.25,ClusterSampler,5.365020358593811e-05,"[     11.935      9.9923        12.3      12.544      12.347       14.28      12.668      15.542      13.773      17.168      14.812      8.0904      7.5819      6.9935     0.20016      10.211      12.557      9.5762      9.6555      13.753      14.689      7.1036      10.443      4.0729      6.1413      16.361
      14.115     0.87815      8.8864      7.0243]"
16,transformed_0.25,ClusterSampler,0.001049342390091474,"[     17.342      12.012      18.128      15.883      12.062      12.508      14.453      14.968      12.701      16.209    0.019432       14.06      11.571      15.256      8.2498      11.553       11.79      19.033       11.15      5.6764      6.5559      13.563      12.287      12.865      5.8042      7.2477
      8.2491      10.784      12.345       9.106]"
16,transformed_0.25,ClusterSampler,0.00027015551200505245,"[     7.9983      15.312      14.181      12.235      13.616      14.807      13.826      2.0999      14.127      11.676      3.3273      14.045      3.1915      13.183      13.684      10.845      12.962      8.0409      8.5804      11.082      16.805      10.882      14.433      9.9961      15.216       9.626
      19.551      2.9013      10.166      13.249]"
16,transformed_0.25,ClusterSampler,0.0018993384724275953,"[     5.0151      11.851      12.234      15.906      13.946      14.088       2.578      11.392      12.485      14.073      12.655       8.351      8.9115      9.2752      11.963      11.965     0.54721      12.337      3.5101      13.813      15.298      11.193      1.5101       10.26      7.7441      18.494
      16.174      13.073      12.032      16.271]"
16,transformed_0.25,ClusterSampler,0.001232649147875252,"[     14.263       12.63      14.737      13.879      4.6464      10.897      13.589      14.179      12.175      8.3544      8.8063      12.253      15.197      15.296      13.483      3.4293      14.582     0.15336      3.3718      5.1634      21.047      5.0542     0.87642      4.0036      2.1936      12.467
      13.375      13.268      14.098       4.041]"
16,transformed_0.25,ClusterSampler,2.678623974698942e-06,"[     13.023      9.4775      9.0669      8.1788      8.2858      9.6512      5.7444      9.5454      3.0812      8.0488      11.013      7.5601      13.748      16.862      2.2285      8.2572      11.334      7.7418      15.823      16.789      8.5429     0.61623      16.903      11.384      8.8149      5.5856
      7.1443      3.7656      6.4846      10.877]"
16,transformed_0.25,ClusterSampler,4.210353994109826e-05,"[     11.657      13.552      6.5338      10.201      16.468      8.6716       14.72      13.235      0.8876      8.7981      1.3078      8.8429      15.994      16.951      11.239      11.169      16.977      17.941      15.385      16.961      10.709      4.8987      14.199      11.074      10.792      11.349
      14.253       12.21      13.022      6.8071]"
16,transformed_0.25,ClusterSampler,0.007698176758374897,"[     9.7928      16.512      2.5569      15.217       8.997      10.108      12.288      6.3547      13.825      9.7818      13.493      12.041      6.4752      11.517      12.513      13.411      14.775      14.488      8.4098       12.35       4.933      12.121      11.199      11.659      12.175      13.179
      8.6955      18.038      4.2039      12.111]"
16,transformed_0.25,ClusterSampler,0.053764278618483013,"[     12.148      12.778      7.9389      7.7878      6.3215      9.4694      12.515      9.2468      7.4978      9.9262      10.875      10.821      10.148      8.8582      12.756      9.2891       14.07      17.218      14.773      16.368      13.042      11.123      11.151      4.9931      15.059       11.23
      10.865      17.787      8.9108      12.523]"
16,transformed_0.25,ClusterSampler,0.0013025765129432646,"[     10.459      11.805      15.893      14.254      11.385      15.013      13.592      12.973      8.6902      17.486       13.81      12.894      8.2374      14.511      10.496      8.9383       16.45      10.548      16.793      7.8114      9.3162       11.66      19.532      4.7202      11.841      13.432
      15.731      1.7533      7.1956      13.225]"
16,transformed_0.25,ClusterSampler,0.03946386347549682,"[     1.5453      15.269      17.849      3.1195      8.0571      18.124      18.529       15.47      12.398      15.312      7.1614      9.2265       9.624      10.708      14.148      14.148      6.7713      7.7685      12.927      15.697      14.956      14.605      10.615      13.738      4.3806      13.981
      14.346      9.9282      4.6783      5.0295]"
16,transformed_0.25,ClusterSampler,0.0030058338372918694,"[      10.97      13.258      13.626      12.635      6.8274      10.924      12.371      10.137      3.8363      16.072      13.454      8.8189      8.7242      15.619      4.5883      18.982      11.994      11.461      17.013      11.949      14.051      3.7028      13.635     0.46844      9.9587      12.744
      12.463      1.3036      11.753      16.022]"
16,transformed_0.25,ClusterSampler,0.0009406200322617013,"[     11.622      5.9902      13.095      16.042      8.1673      13.149      11.354       5.118      8.0693     0.19979      8.1158      3.0774      18.588      14.882      7.4108      17.358      10.371      10.351      12.527      14.161      1.6741      8.9087      15.654      14.759      14.228      4.9376
      10.709      6.1894      14.745      11.368]"
16,transformed_0.25,ClusterSampler,0.0006322625339440762,"[     7.0655      12.237      9.6741      9.5994      14.733      13.486      9.6499      10.982      14.223      7.8138      6.1185      7.9792      13.178      6.2093      13.066      7.5639      11.641      12.691      6.9024       13.98      11.107       14.31      15.184      3.2481      14.879      12.067
      8.5911      14.161       14.09      15.482]"
16,transformed_0.25,ClusterSampler,0.0001599229333068006,"[     13.762      3.3594      7.1244      11.562      9.7147     0.55905      11.974       15.28      13.051      10.039      3.3664      16.775      10.483      14.896      10.219      12.785      14.922      12.459      12.379      5.0827      15.347      8.4073      9.2008      14.066      6.5575      13.444
      13.406      12.032      3.5068      4.7936]"
16,transformed_0.25,ClusterSampler,2.3105600694840826e-06,"[     13.433      16.203      11.909      12.816      9.2324      15.021      12.135      16.308      5.3793     0.27092      14.037      10.318      11.431      11.458      11.742      7.3585      12.715       13.44      11.445      16.456      14.272      12.141      3.7664      12.696      2.8543      11.407
      3.3084      12.777      14.592      7.3658]"
16,transformed_0.25,ClusterSampler,0.0008784132115171325,"[     7.3817      12.124      10.797      8.4904      7.8751      13.925      12.485      9.5038      11.947      13.098      7.1005      10.237      8.2565      10.775      11.756      9.3875      10.784      14.609      14.552      11.284       11.39      14.416       15.32      13.928       10.76      14.503
      13.091      15.022      13.272      8.9899]"
16,transformed_0.25,ClusterSampler,0.007140762932153255,"[      13.53      3.0953      11.203       10.31      11.654       10.61       12.46      14.663      10.907       5.102       16.15      12.485      14.423      7.6683      12.006      14.484      2.7373      13.052      2.5744      11.217      13.391      8.5865      10.393      12.058     0.26213      18.326
      15.162      7.7559       12.63      8.2003]"
16,transformed_0.25,ClusterSampler,0.006340634514769582,"[     9.5978      8.6873      6.4736      3.5212      8.2533      13.741      7.0296      10.232      12.194      11.525      10.219      9.6863      17.027      19.516      14.596      16.224      11.161      15.275      5.0571      15.067      17.959      16.082      8.8698      11.011      9.9971      15.632
      5.7065      13.758      7.8928      11.764]"
16,transformed_0.25,ClusterSampler,1.4560476442544188e-06,"[     5.1312      9.6076      12.785      9.8233      12.405      13.925      7.9254     0.48666      7.6999      10.351      14.315      4.1973      9.0342      15.071      10.555      15.284      7.5977      14.582      5.5489     0.23361      7.8204       2.709       13.54      7.9626      14.302      13.164
      9.1211      4.0538      7.3636      5.1352]"
16,transformed_0.25,ClusterSampler,0.0005491013249374084,"[     10.205      8.5562      11.883      12.815       9.641      13.892      9.6997      4.2543      11.724      15.754       11.12      12.096      10.859      15.579      9.6695      10.348       13.63      11.365      14.354      6.7164      9.9455      7.2898      9.0356      8.3386      7.8231       5.543
      10.189      10.451      17.564      16.452]"
16,transformed_0.25,ClusterSampler,0.0004927887787829055,"[     8.4584      12.316      5.3753      11.232      13.392      12.744      11.454      11.104      7.3602       12.65      14.034      8.8237      6.4595      11.603      10.247      10.995       14.77       10.83      11.636      9.1449       5.558      13.985      3.1292      8.9592      11.315      15.992
      5.3885      12.153      11.155      4.1303]"
16,transformed_0.25,ClusterSampler,0.00022455635708205226,"[     7.7396      2.7278      12.441      15.893       17.02     0.49073      11.144      9.8996      12.814      12.162      15.789      3.8928      8.7002      3.7032      15.308      16.363      16.584      15.184      1.3053     0.53201       15.61      8.9349      6.1721      15.825      6.0058      1.4453
        13.3      7.6824      8.4094      8.0767]"
16,transformed_0.25,ClusterSampler,0.00167697029466988,"[     8.5469      14.272      8.6075      10.356      15.547      9.4186      8.9904      15.577      13.513      14.788       10.41      14.715      6.8386      8.9309      15.013     0.84092         7.3      13.551      13.146      8.4936      14.327      11.094      12.737      14.665      8.1966      16.671
      17.507      14.037      15.779      11.393]"
16,transformed_0.25,ClusterSampler,0.01112017766691496,"[     9.5061      15.226      9.9116      8.5672      9.2838      7.5179      9.7605      9.9183      8.3133      10.785      7.9976      15.422      8.7384       4.483      6.8536      5.9767      14.153      14.683      13.242      10.796      15.797      9.4297      12.238      12.529      9.9596      7.3045
      11.337      6.9876      12.842      10.644]"
16,transformed_0.25,ClusterSampler,0.022247753429148476,"[    0.95897      8.0427      9.6434      13.523      15.495      12.213      11.706      14.456      10.301      6.0484      11.469      14.054      8.4267      8.9914      9.1564      13.358      8.7739      8.3135      9.7339      11.577        8.34       8.042      13.051      14.654      8.7272    0.098117
      15.616      12.284      11.747      10.344]"
16,transformed_0.25,ClusterSampler,0.0004086140644762665,"[     9.1661      14.283      9.2626      12.195      3.8918      13.711      4.9407      6.9942      13.739      6.9494       10.01      10.804      10.088       8.162       6.299      12.598      12.018      7.5345      10.828      1.6446      12.388      14.191      13.347      15.312       14.58      12.464
      13.855      16.816      16.325      8.5949]"
16,transformed_0.25,ClusterSampler,0.001997908460192718,"[     7.9678      13.718       14.27      10.189      14.601      11.555      17.159      12.127      15.595     0.10343      8.7744      9.3824      10.011      10.097        12.9      7.5699      3.2323      5.5203      11.618      14.345      12.837      9.5529       11.18       12.67      12.239      17.074
      17.454      3.5952      10.922      13.408]"
16,transformed_0.25,ClusterSampler,0.023415872546963017,"[     8.5498      11.616      18.404      10.003      14.963      11.427      7.8351      11.132      9.1173      9.2985      17.208      6.5901      9.0074      9.1701      11.108      7.7134      13.348      14.316       12.16      9.4753      11.495      6.9886      15.205      4.1029      14.097      13.305
      15.911       14.61       9.575      1.5925]"
16,transformed_0.25,ClusterSampler,0.009199840717051547,"[     7.5703      11.965      17.867      8.5376      11.885      9.4776      15.138      4.2242      12.887      8.8096      8.0852       13.46       8.253      16.442      18.488      11.671       10.65      12.469      11.867      8.1632       8.926      17.778      8.7806      8.5008      17.399       10.29
      15.235      6.2806     0.58555      11.686]"
16,transformed_0.25,ClusterSampler,0.0028622148287316663,"[     5.0528      12.533      14.395      7.9743      9.6868      16.547      2.7159      4.1592      10.632      13.244      9.7231      9.8785      4.2226      11.065      10.712      11.215      11.639     0.93159      12.322      7.3748       15.02      11.992      10.611      18.736      15.926      9.6249
      13.163      8.9232      8.2263      7.9693]"
16,transformed_0.25,ClusterSampler,0.00027454530353293106,"[     10.234      14.565      12.334      8.8389      11.468       14.39        7.21      4.3085      14.404      10.179      6.1507      10.627      13.932      10.898      18.813      5.8208      17.943      11.646      12.777      11.966      2.8253      16.468      6.1215      18.837       13.98      18.078
       15.59      9.1647      9.8233      2.3294]"
16,transformed_0.25,ClusterSampler,9.667096392127871e-05,"[     7.4343      12.106      8.6649      9.6714      13.069      14.196      13.199      8.6828      9.2291      16.067      10.326      12.583      13.126      7.1782      16.118      13.174      12.253      5.3155      8.9411       9.636     0.20078     0.12757      9.2333      9.0967      13.388      9.6056
      3.3694      11.161      1.9217      7.0741]"
16,transformed_0.25,ClusterSampler,0.00022750422820977918,"[     14.801      7.5073      9.1539      6.5726      10.864      12.907      7.7526      2.1148      15.832      15.858      1.3608      5.0458      14.968      7.9744      12.025     0.24475      16.067       11.54      14.853      14.805      14.282      4.8804      4.7628      19.672      11.452      16.138
      8.9011      9.2222       4.326      10.456]"
16,transformed_0.25,ClusterSampler,0.0019923145766376402,"[     15.542      12.693      13.195      5.6658      7.4216      12.632      14.736      5.5678      10.227      11.832      12.792      10.389      16.512      16.303      19.576      9.7715      15.397      10.246      14.826      5.1534      12.715      16.618      11.995      15.079      10.827      8.4332
      10.554      6.0914      15.612      8.7558]"
16,transformed_0.25,ClusterSampler,0.0026658559050451013,"[     20.238      14.884      6.4696      11.301      14.121      12.121      10.621      6.9858      15.186      17.288      12.861      10.907      11.519      8.1729      20.857      11.269      13.005      13.246      9.3353      12.177      14.189      10.373      4.3456       12.72      10.138      9.0676
      11.331      11.587      9.9104      10.649]"
16,transformed_0.25,ClusterSampler,0.0031475016835388284,"[     13.126      10.026      10.848      5.9528      6.0591      1.3111      10.977      2.6336      18.009      13.609      8.3397       15.61      13.139      15.036      8.9588      13.855      8.4543      19.715      14.642       10.82      6.0008      3.3473      11.773      15.673      8.2867      13.339
      13.926      9.2949      11.039      13.748]"
16,transformed_0.25,ClusterSampler,0.0027548900008638375,"[     8.7201      13.104      10.595      14.286      14.056      13.317      17.649      7.7091      13.088      7.4844      13.308      14.272      10.025      9.4963      9.6712      12.602      14.402      13.883      14.757      12.437      8.1645      12.613      14.206      16.227      11.642      12.697
      4.6159      10.549      13.708      1.9499]"
16,transformed_0.25,ClusterSampler,0.017949951324523337,"[     11.975      10.767      10.179      12.801      16.333      15.048      10.158      14.866      4.1265      10.375      15.243      8.5046      7.8045      9.0655      12.984     0.68538      14.898       13.54     0.34244      4.1261      13.268      12.831      14.584      12.098      6.1639      9.0411
      14.686      7.1459      10.925       11.48]"
16,transformed_0.25,ClusterSampler,0.0026295399429147664,"[     16.579      15.524      14.581      10.816      16.506      10.027      4.7441      6.8246       8.298      11.332      13.222      14.799       12.22      8.7564      11.125      13.351      12.852      10.937      18.896      6.7104      5.5212      12.677      2.5038        11.6      13.817      12.296
      15.724      11.519      6.3435       9.621]"
16,transformed_0.25,ClusterSampler,4.1058914446234574e-05,"[     9.9376      10.059      9.5407      5.0363      0.6151      14.542      3.0802       8.731      11.206      5.7414      9.2546      7.3708      7.5046      17.046      15.299       14.84      5.7032      13.632     0.10539      2.9274      10.674      16.098       10.37      12.838      21.158      11.631
      15.496      4.6195      9.8588      14.518]"
16,transformed_0.25,ClusterSampler,0.0011972583297334635,"[     10.303      17.307       14.13      6.5558      15.992       13.48      16.588      15.279      14.811      9.9171      13.128      15.979      8.6943      2.1404      11.276      13.043      14.793      8.3593      11.757        7.55      9.0561      6.5284       7.606      14.823      9.4868      5.0488
      11.712      9.9975      10.274      12.426]"
16,transformed_0.25,ClusterSampler,0.001018860057100944,"[     17.908      11.757      13.527      13.503      16.334      10.085      11.009      6.1874      7.8638      15.027      11.507      5.6229       4.449      9.3374      10.072      4.4416      8.1285      10.886      9.1381      1.5407       13.53      6.1987        14.4      14.823       13.09       10.36
     0.77838      7.3402      8.9297      5.2181]"
16,transformed_0.25,ClusterSampler,8.780150468448529e-05,"[     7.2566      11.549      10.061      11.458      11.172      11.397      14.682      1.8786      15.586      1.3335      6.8688      16.452      9.9966      5.8118       11.18      10.267      16.269      9.6556      4.1745      13.256      15.582      9.4173      11.449      3.0044      13.997      7.0253
      10.411      15.123      10.739      13.514]"
16,transformed_0.25,ClusterSampler,0.004689757973597887,"[      13.61      9.9801      4.6984       7.699      13.594      17.062       3.003      11.081      4.6989      12.408      13.078      12.919      4.1925      3.8636      5.1646      14.718      10.373      7.7916      7.3802      11.989      14.674       15.79      10.679      12.689      14.289      3.0159
      9.5325      6.2696      10.212      10.083]"
16,transformed_0.25,ClusterSampler,0.0004545001444011009,"[     11.235      13.259      4.1237      16.849      12.894      6.4312      6.9539       5.634      10.203      13.894      6.4004      15.014      7.5606      11.683      11.379      13.042      8.2027      6.0484      1.0517      11.713      12.161      10.587      11.533      11.288       8.933      4.7693
      6.5831      6.8789      10.131      10.942]"
16,transformed_0.25,ClusterSampler,0.0020489418990487624,"[     14.374      10.578      11.266       6.381      13.398      12.943       9.013      14.165      10.885      4.6198      16.133      6.5601      14.752      8.2966      9.2998      11.018      12.233      13.215      14.386      9.1752      12.627      9.7859      2.6981      12.243      9.6435      14.672
      16.243      14.367      15.783      11.253]"
16,transformed_0.25,ClusterSampler,0.01891659998699813,"[     5.3264      8.6398      13.756      13.184      10.854      16.153      10.216      14.637      7.2879      10.677        17.1      10.497      8.5644      13.738       13.45      11.286      10.302      10.346      11.703      11.499      15.414      8.6832      14.241      15.788      7.3471       13.88
      14.468      16.326      9.4796      8.6204]"
16,transformed_0.25,ClusterSampler,0.00010969271933575747,"[     13.909      9.6997      12.045      17.909      11.749      13.306      15.388      1.6774      12.672      15.339       7.165      14.845      12.521      5.6508      13.143      5.7401      13.555      14.579       7.828      9.7146      7.0015      17.104      13.359       11.57      15.577      6.5173
      10.029      10.745      14.817      8.6617]"
16,transformed_0.25,ClusterSampler,0.014338734044632968,"[     16.243      4.8465      14.119      6.9497      1.7265      16.733      5.1205      14.785      5.7502      3.9956      12.418      16.295       12.15      11.654      12.968       14.34      17.858       12.94       17.71      8.7683      5.0491      2.4382      12.381      14.658      11.684      13.274
      1.9557      12.781      10.688      8.2622]"
16,transformed_0.25,ClusterSampler,0.02075466675027597,"[     4.2477       15.58      18.198      13.491      10.604      7.9209      10.511        9.89       9.592      8.3217      9.5484      13.609      12.028      10.304      12.192      9.6108      16.947      16.593      9.8969      14.517      11.018      15.012      7.5989      9.7434      8.7226      13.894
     0.46387      13.196      11.169       15.51]"
16,transformed_0.25,ClusterSampler,0.005903541991667231,"[     12.072      11.962      8.9985      1.2366      9.7935      12.389      12.079       13.99      15.045      11.266      5.0286       9.416      16.903       9.812      5.1546      6.9101      4.7761      5.6982      18.452      8.8809      11.136       16.06      14.534      16.162      10.176      15.758
       14.16      13.152      18.509      6.5609]"
16,transformed_0.25,ClusterSampler,0.0035716563719787094,"[     15.378      14.875      13.767        11.9      8.7598      16.436      9.2962      8.0133      17.169      16.987      10.554      12.134      7.5415      12.577      6.0592      1.5858      7.6514      13.572      11.612       8.003      16.503      11.147      11.643       3.329      10.443      15.961
       6.689      10.196      10.942      12.649]"
16,transformed_0.25,ClusterSampler,0.002831156871426145,"[       9.17      11.055      6.5642       13.15       8.097      7.5723      1.4181       8.752      13.507       13.99      8.3161      7.9254      12.713      11.605      7.3847      14.931      13.369      9.2217      10.923      7.9188      15.204      13.274      16.843      10.679      6.2965      13.332
      8.0176      12.473      12.901      10.122]"
16,transformed_0.25,ClusterSampler,1.5708342488225757e-05,"[     14.675        18.7      12.586      8.5863       14.26      8.1953      5.4052      11.863      16.759      14.406      8.9103        13.3      15.898      13.803      9.5947      12.656        15.4      11.643      10.077      10.923      10.975      11.134      11.842      3.7672      9.8687      10.655
      7.5785      10.474      12.265      16.193]"
16,transformed_0.25,ClusterSampler,0.009222423264452597,"[     10.085      15.125      11.866      13.481      7.1662      9.2033      5.5654      3.9603      15.362      14.322      14.699      13.387      3.5505      13.309      12.524       9.029      11.536      10.935      10.378      12.813      13.438      8.1791      3.4113      7.5538      15.882      8.4483
      17.346       13.15       5.929      11.483]"
16,transformed_0.25,ClusterSampler,0.009803897437277378,"[     17.911      13.246      11.831      17.035       11.22      15.537        14.5      9.6969      17.011      5.3941      14.581      3.1765      7.1544      7.9151      15.784      5.8254      14.969      8.7063      20.749      19.234     0.23974      11.589       5.613      13.166      1.8246      10.558
      10.068      7.9216    0.036509      6.3427]"
16,transformed_0.25,ClusterSampler,0.014372377971386132,"[     13.431      7.0848      11.054      5.2702      11.942      11.292      14.904      19.815      15.455      13.847      12.845       1.025       12.05      3.5154      10.733      11.163      3.6032      7.3527      11.562     0.33225      14.946      12.052      11.968      14.536      4.6282      12.381
      9.8012      11.689      2.8774      7.6578]"
16,transformed_0.25,ClusterSampler,0.00032433054160014435,"[     15.073      8.1394      8.7821       12.02      12.815      15.029      11.453      12.912      10.206       11.62      9.2498      12.896      18.705      12.496      11.099      12.567      7.2581      12.223      13.953      12.185      8.9085      16.395      13.414      11.975      14.551      10.127
       8.059      13.424      9.2226      9.9326]"
16,transformed_0.25,ClusterSampler,0.0010218732239585565,"[     15.756      11.185      9.0893      10.053      11.494        6.12      16.721      5.0155      4.6004     0.14139      13.744      10.457      12.832      13.609      9.4585      7.6239       0.988      12.849      11.235     0.58582      8.4774       13.83      6.3595      13.187      9.4843      8.2475
      5.1788      11.414      14.113      7.8172]"
16,transformed_0.25,ClusterSampler,0.007359188936408483,"[     5.8944      19.307      14.346      11.345       6.806      7.6727      7.3419      5.9182      13.213     0.17006      4.5742      14.726      15.157      12.593      10.221      9.3675      6.9214      11.333       9.075       13.26      9.6657      12.179      2.1823      16.671      10.981      10.794
      10.408      6.7932      7.2107      10.884]"
16,transformed_0.25,ClusterSampler,0.002468296705900353,"[     5.3369      9.5302      16.339      9.5469      11.692      17.754      9.1502      9.0626       15.84      12.807        6.28      13.432      1.8851      10.472      13.691      15.719      10.343      9.2895      9.8415      15.197      17.015      8.4539      17.383      10.763       15.18      9.1582
      8.1421      12.396      8.8242      5.8928]"
16,transformed_0.25,ClusterSampler,0.000921267795977909,"[     16.119      10.156      13.622      7.7304      11.176      16.913      11.984      11.893      11.179      16.878      18.733       10.35      16.189      8.2373      12.017       13.13      14.492       13.92      12.098      14.633      13.649      5.8012      15.016      5.0139      12.805      5.9835
      14.403      12.231      6.8296      1.6647]"
16,transformed_0.25,ClusterSampler,0.14997890480750153,"[     13.543      8.1194      3.9423      3.0698      10.779      4.2122      10.796      6.9982      11.805      3.5196      14.199      9.5599      10.029      5.4361      17.707      13.731      8.6314      13.198      8.2844      11.472      17.664      14.974      11.187      15.485      13.128      6.5373
      9.9605      14.286      10.266      10.029]"
16,transformed_0.25,ClusterSampler,0.00044467580987552147,"[     13.787       16.88      14.539      8.0591      13.901      18.114      11.897      10.474      10.202      13.717      13.463      4.9713      17.201      13.096      12.986      5.2346      8.5128      10.266      9.3998      11.234      10.311      15.164       16.95      5.2773      10.985       9.086
      7.7301      12.609      14.359      8.6269]"
16,transformed_0.25,ClusterSampler,8.780150468448529e-05,"[     16.643      11.903      14.238      9.9268      17.097      13.343       8.971      3.1056      12.978      14.475      5.3398      13.897      16.358      12.281      12.921      16.658      14.269      11.749      11.432      14.547      13.024      5.1045      2.7412      4.9021      8.8897      11.377
      2.9326       10.97      12.306      16.356]"
16,transformed_0.25,ClusterSampler,1.1680098455694723e-05,"[     8.5972      9.5476       10.06       15.92      12.316      8.6308      8.0923      13.462      10.421      17.642      16.465      8.7936      5.5853      15.473      1.4375      13.665      9.6038      12.274      10.965      10.214      7.1878      17.243      14.097      8.2231      13.528      10.028
      11.111      10.433      6.5707      8.2992]"
16,transformed_0.25,ClusterSampler,0.000935054630600957,"[     9.7572      5.7438      11.745      9.6286      13.142      12.418      12.815       12.14      13.765     0.61622      7.7791      10.254      12.057      14.159      9.8984      11.727      7.8798      12.466      8.9052      14.025      15.641      14.679      11.303      10.229      2.9134     0.64354
      15.353      5.8054       15.48      15.717]"
16,transformed_0.25,ClusterSampler,0.0015438230912341992,"[     5.8166      6.1604       14.58      14.749      14.095       15.02      7.9364      10.489      10.462      7.7774      5.2631      8.5656      9.6647      11.208      10.113      13.419      4.3377      11.759      8.8155      16.761       10.47      6.2077      9.9855      11.588      6.1167      13.947
      11.522      14.944      11.292      9.6015]"
16,transformed_0.25,ClusterSampler,0.007231062128538478,"[     13.538      14.774      14.861      8.5921      18.686      13.586       15.48      15.804      12.133       16.33      11.371      13.284      10.616      11.766      16.068      13.505      10.241      12.234      17.367      12.776      16.476      12.811      11.047      11.416      8.8249      15.031
      17.255      16.685      13.796      13.834]"
16,transformed_0.25,ClusterSampler,0.00034784009819259303,"[     10.259      9.7839      6.3239      11.618      11.024      10.543      2.4901        9.16      11.457      10.286      12.509      2.6756      16.968      9.2504      9.6062      7.1875      7.6949      15.282      8.8712      5.4913       2.418      2.9992      4.4537      15.613      7.1967      13.548
      1.4632      8.7166      5.6798      13.275]"
16,transformed_0.25,ClusterSampler,0.0004897408149429279,"[     5.7504      16.497      14.545       13.24      13.011      8.5265      15.021      13.533      14.066       8.188      6.7224      14.187      12.112      18.871      5.5893      11.722      3.9612      10.893      15.119      9.1422      16.275       12.67      11.207       5.554      14.544      13.582
      12.622       8.507      15.118      6.3707]"
16,transformed_0.25,ClusterSampler,0.00039846695273581157,"[      9.914      18.122      8.1537       15.75       13.11      8.4146      5.7119      13.186      2.5335      12.643       9.266      5.9686      15.381      7.5619    0.058137      4.4928      7.6959      11.664      13.188      7.7719      11.251      9.1725      9.2023      12.374      17.426      15.914
       11.44      3.0714       13.15      4.3089]"
16,transformed_0.25,ClusterSampler,0.0001546808528493555,"[     10.335       7.493      12.417       9.319      7.4773      3.2722      8.1515      9.8111      15.224      11.117       11.88      12.024      16.268      10.764      9.5852      10.396       13.96      10.658      17.688      12.355      15.417      13.153      9.6833      9.6655      10.732      11.738
      13.074       14.68      7.5839       9.901]"
16,transformed_0.25,ClusterSampler,7.698669588902323e-05,"[     3.3223      11.828      9.6649      11.978      6.0596      12.063      10.956      17.898       11.93       14.46      10.171      10.586      8.5576      15.591      8.6258      11.555      18.561      9.5689      11.225       11.54      9.9595       10.75      6.5296      6.9274      1.4543      4.3518
      9.0576      11.983      7.1286       11.51]"
16,transformed_0.25,ClusterSampler,0.003994277170787297,"[     10.955      7.6111      8.7952      9.9824      5.8995      15.913      14.539      12.606       16.34      12.236      15.111      6.6621     0.15191      9.1092      4.6312      9.0929      12.183      16.059      10.229      2.0811      11.077      7.2455      16.067      8.7616      12.621      12.603
      15.022      7.6596      17.691      10.282]"
16,transformed_0.25,ClusterSampler,0.0019262627656906634,"[     6.8264        16.7      15.825      11.004      9.9506      15.727      9.1994      14.121      12.014       9.148      10.696      13.631      12.807      14.271      7.8727      13.448      10.931      9.6293      9.6327      16.953      14.415       13.45      9.1555      7.1877      7.3206      10.586
      11.655      13.292      15.832      9.6129]"
16,transformed_0.25,ClusterSampler,1.506931304748305e-05,"[     17.191      12.426      14.278      5.0956      7.6176      5.2366      16.512      10.034      12.101      8.8365      11.807      14.558      7.9329      9.6388      13.903      10.086      9.0995      10.394       9.506      17.263      7.7071        3.73      10.725      11.938       3.778       7.555
      3.8882       7.718      11.415      7.4316]"
16,transformed_0.25,ClusterSampler,0.0005610607371964107,"[     10.918      9.5862      9.6752      7.3641      10.881      11.562      7.2303      13.591      12.652      12.653      11.555       11.07      12.105      1.6862      11.484      16.176       6.038       3.569      16.745      8.4047    0.072489      7.8645      13.196      13.449      9.8008      8.8351
      12.791      13.932      16.312       15.01]"
16,transformed_0.25,ClusterSampler,4.363972330188369e-05,"[     11.168      6.4359      13.288      2.3721      14.237      10.147      8.6913      10.567      10.954      4.6617      12.062      16.523      13.226      13.148      11.081      16.452      7.6303      10.766      8.2423      14.589      9.7286      15.645      10.623      13.875      11.041      8.9664
       9.581      11.826      3.5796      9.7575]"
16,transformed_0.25,ClusterSampler,0.0012507080301942435,"[      13.42       6.719      12.031      3.8111       15.54     0.23305      15.618      14.985      11.304      5.5919      14.491      3.5056      8.4754     0.61526      21.754      5.9915      8.8674      3.9076      13.949      9.7044      12.338      12.844      9.9457      12.213       13.22      7.0109
      9.7966      15.491      12.596      18.279]"
16,transformed_0.25,ClusterSampler,3.5037564810287163e-06,"[     12.689      12.462      18.043      11.005      10.671      12.233      11.027      11.025      19.023      10.744      14.196      10.368      7.3843      13.549      15.141      15.201      6.4713       6.295       16.39      2.5961      15.869      2.1612      15.113      14.226      13.633      7.5884
      10.924      9.9563      9.1681       7.534]"
16,transformed_0.25,ClusterSampler,0.00017204803925831598,"[     5.5511       12.15      15.275          11      13.866       2.767      10.966      12.746      11.235      13.495      9.3601       6.569     0.15021      15.784      8.4351      12.461       12.37      9.3643      2.1029      12.127      7.6522      3.6904      9.7797      14.535      14.668      5.2328
      5.9269     0.47753      6.2151      7.4008]"
16,transformed_0.25,ClusterSampler,0.0017106570025284876,"[     8.5574      14.193       12.96      8.0478      9.6751      3.4368      2.8847      14.439      9.7584      10.407      4.6144       14.72        4.26      6.0973      18.404      9.4987      15.421      14.848      14.797      15.922      8.7426      12.394      15.033      16.653      7.4326      11.491
      14.604      3.9306      10.826      14.814]"
16,transformed_0.25,ClusterSampler,0.0012507080301942435,"[     11.048      11.467      7.9369      14.477      3.8178       5.288      11.509      8.5058      12.552     0.79504      7.6844      8.2929      18.642      8.5876      18.191      12.512      12.684      15.223      14.324      14.947      1.3022      12.731      18.276      9.0794      13.612      1.7646
      11.513      8.8529      9.5955      13.042]"
16,transformed_0.25,ClusterSampler,0.020246689213194446,"[     13.581      11.266      7.1173      6.6889      9.5702      1.1043      4.0848         5.2      12.139      5.8653      1.2514      14.994      9.3353      11.894      13.415      6.6423      15.735      13.265       12.54      11.273      9.8222      12.465      11.219      15.673      14.798      10.014
      11.211      14.322      7.1954      12.807]"
16,transformed_0.25,ClusterSampler,0.00027278103566161655,"[     13.108      10.758      11.426      13.804      2.4916      10.738      9.4012      5.5935       13.36      8.0699      13.978      14.862      4.2359      13.461      8.4777      14.855        13.2      15.395      4.8377      14.699       11.05      3.9826      6.0066      14.308      13.214      11.645
      13.008      14.786      14.128      13.028]"
16,transformed_0.25,ClusterSampler,0.0002826147194562631,"[     12.189       8.793      12.738       12.46      5.7363      13.077       11.07      18.685      10.422      13.351      12.134      10.888      12.537       9.498      10.226       13.97      13.205      10.426      12.757      16.595      12.111      13.155      13.819      12.137      13.853      8.8497
       6.372      15.733      10.949      13.172]"
16,transformed_0.25,ClusterSampler,0.009428064137720018,"[     5.9133      4.2237      15.108      11.809      5.9724     0.21339      13.627      8.5623      1.1901      8.0068      15.694      9.7404      11.061      6.5435      3.1703      9.5616      12.192      12.853      8.5743      13.349      3.0579      10.354      9.0555      9.8024     0.84858      14.941
      9.2894      13.397      15.055      10.945]"
16,transformed_0.25,ClusterSampler,0.0037176542086084638,"[     15.124      18.321      9.7019      15.817       16.91      11.745      10.227      12.943      11.033      15.341       14.03      13.186      15.159      10.697      7.1034      11.388       17.88      6.2089      9.5862      7.0463       13.37      15.164      10.323      7.4968       9.135      7.1788
      19.338      14.157      16.924      4.9491]"
16,transformed_0.25,ClusterSampler,0.0010774952727101476,"[     14.932      14.748      10.293      11.862      8.9407      14.892       17.74      11.038      14.475      10.709      8.3569      7.2684      7.8539       10.81      6.5854      9.5223      16.324      8.3096      12.811       4.498      11.556      11.669      13.963      15.122      11.731      14.269
      13.338      9.6448      12.055      14.934]"
16,transformed_0.25,ClusterSampler,1.732263071191305e-05,"[     13.569       10.71      12.432      10.358      8.8453      11.641      1.1311      2.5204      10.989      16.382      2.6665      13.699      9.5535      8.9458      12.385      2.5223      7.6296      8.6596      9.1891      9.9246      16.916      17.903      14.626      12.522      9.0268      15.896
      15.067      15.498       12.27      6.9662]"
16,transformed_0.25,ClusterSampler,0.0045567271358947425,"[     10.441      11.844       16.96      6.7769      7.2974      10.749      8.2133      14.611      8.8088      13.491      11.512       11.13      9.8907      10.693      8.9764      3.6771      16.115      9.6248       15.25      13.886      11.256      15.651      8.5781      16.327       15.53      15.084
      4.5819      10.453       8.407      13.858]"
16,transformed_0.25,ClusterSampler,0.006910784632832366,"[     9.5487      10.601      9.2999      10.025      6.9939      6.9975      13.332      14.175      12.325      4.9589       13.81     0.51666      4.4851      4.8567      14.821      16.807      14.737      19.727       2.566      13.147      7.7189      5.4913      11.645      10.823      14.071      6.0922
      8.8817      15.792      8.8412      9.9565]"
16,transformed_0.25,ClusterSampler,0.008779870197040924,"[     11.083      14.196      8.2874      12.474      6.6715      14.185      14.774      6.7634      12.073      10.217       12.28      9.5816      9.2805      11.607      15.884      8.5849      7.0659      13.579       9.261      9.6663       14.38       8.988       10.53      10.936      9.1917      13.941
      12.444      10.237      13.068      11.478]"
16,transformed_0.25,ClusterSampler,1.186013161919019e-05,"[     12.993      9.4253      12.265      8.4939      13.568      19.072      17.353      13.284      9.8079      9.3963      12.465      5.6382      17.606      18.062      4.2081      13.794      8.4278      9.8129      12.335      9.6343      8.0047      16.143      10.352      16.831      9.6476      11.962
      13.864      3.7456      13.272      11.992]"
16,transformed_0.25,ClusterSampler,0.008071245984432667,"[     15.104       11.01      5.8523      12.344      9.7791      1.3894      7.8612      6.5403      13.159      10.894       10.08       8.982      10.614      5.4244      14.438      9.7565      13.174      8.4148     0.22474      9.2114       8.323      12.035      7.6389      3.8425      1.8069      15.182
      14.735       19.04      6.7672      8.2844]"
16,transformed_0.25,ClusterSampler,0.0007011190021521149,"[     12.816      3.6773      9.8631     0.18548      11.328      2.7704      2.7803      5.7879      7.6627      8.5939      12.193      14.722      8.1422      6.7581      9.3541      15.172     0.90418       8.912      17.001      12.291      10.162      18.271      10.932      11.073      3.6101      12.908
      13.844       13.05      10.659      16.896]"
16,transformed_0.25,ClusterSampler,0.006910784632832366,"[     12.798      11.412      8.0613      6.6427      4.7058      13.829      14.567      8.0596      9.5803      14.668      10.169      12.362      12.408      7.6025      13.543      15.468      1.8178      9.8544      11.043      1.1895      9.2319      5.6597      3.9043      14.169      13.023      14.034
      10.834      15.914      4.2914      8.7789]"
16,transformed_0.25,ClusterSampler,0.006806916129532259,"[     13.465      15.506      2.7585      3.2332      8.9091      9.1116       17.33      14.736      8.8672      13.761      11.844      14.048      14.794       8.147      11.697      13.183      4.6413      2.6227      15.841      6.2845      10.748       7.922      16.545      10.228       15.97       13.23
      17.902      14.956      16.251      11.267]"
16,transformed_0.25,ClusterSampler,0.0009689256239850656,"[     12.267      8.4129      10.102      14.086      6.1379      4.6535      8.0652      11.328      7.4657      19.816      9.0945      6.6359      8.3397       16.36      5.6906      14.434      13.746      17.811      12.439      10.988       17.89      15.289      12.145      17.153      9.7406      14.453
      5.0637      13.716      10.775      12.147]"
16,transformed_0.25,ClusterSampler,0.0003885541782972539,"[     14.404      11.864        12.9      13.044      10.402      15.506        11.2      11.247       12.03      6.1878      13.287      5.4387      14.276      4.4894       10.87      9.3704      12.083      17.779      10.293      10.458        9.03      13.902      11.024      6.5198      12.564      12.375
      10.384       7.724      12.533      10.476]"
16,transformed_0.25,ClusterSampler,0.0021970773130495797,"[     12.876      15.372      10.993      3.0974      12.562      12.501      13.885      10.381      4.0144       12.44      12.659      8.3562      13.103      12.119      19.467      13.577      17.389      17.259      15.535      16.444       12.19      12.563      14.474      5.0663      14.644      12.611
       7.532      1.1651      16.503      15.535]"
16,transformed_0.25,ClusterSampler,0.0062445716363386545,"[     15.725      5.2064      12.305      15.424      11.885       12.39      5.1934      14.354      12.011      13.745      18.781      6.6733      9.5898      8.8278      8.3533      11.638      11.516      19.338      13.375       4.579      7.5652      8.8212      15.657      15.227      8.3822       4.738
      4.4846      7.6531      12.515      15.806]"
16,transformed_0.25,ClusterSampler,0.0009546753764244551,"[     15.202       13.29      13.548      10.235      14.757      11.088      9.6617      13.432      7.8531       10.05      7.7037      8.7457      5.2236      10.768      11.715      13.421      6.4049       8.923      15.117      8.7488      4.1224      5.9589      11.031      2.3426      13.688      14.423
      12.294      10.443      7.5647      13.377]"
16,transformed_0.25,ClusterSampler,0.0016252637572021715,"[     11.108      14.547      5.7195      6.2441      4.4428      10.606      17.848      7.3155      7.7336      9.4942       11.22      4.8463      8.2517      12.922      3.9783      8.5794      12.455       11.03      11.673      16.665      1.4991      2.6456      6.6647      8.8362      7.6829       9.768
      9.3142      13.085      5.3343      15.181]"
16,transformed_0.25,ClusterSampler,4.150360671433479e-05,"[     15.284      12.147      17.748      10.504      14.311      10.245      12.514       13.13      11.602      11.269      9.6448      15.116      14.696      7.3215      10.901      3.9142      10.052       2.929      11.462      14.634      13.169      6.6416       13.66      13.668      9.9439      15.026
      10.496      11.913      11.115      14.006]"
16,transformed_0.25,ClusterSampler,0.0008996018638362928,"[     10.611      16.332      12.232      17.263      8.3219      1.7843      8.8325      20.092       12.89      12.402      8.7751       7.943      10.062      6.8725      16.731      10.696      6.1245       9.464      4.8864      15.544       12.36      2.8822      6.3747      7.3227      15.342      3.6676
      13.091      10.236      4.2731      6.0969]"
16,transformed_0.25,ClusterSampler,0.00022455635708205226,"[      6.984      5.1652      15.168      1.3938      5.1773      14.134      8.9719      15.069      15.139      16.337      11.302      12.617      7.1951      9.1537       4.666      12.068      9.0056       17.61      16.868      13.412      15.496      5.4297      14.912      14.938      14.309      0.6668
      15.021      13.843      9.5527      7.0947]"
16,transformed_0.25,ClusterSampler,4.490677329248031e-05,"[     12.815      6.7458      6.9223      15.654      13.707      13.293      6.3065      7.5937      1.9625      8.0319      11.891      10.727      14.508      4.7789      15.554      14.098      11.094      12.884      12.846      10.661       6.283      11.478      11.976      12.886      10.467      5.6812
      14.191      4.0497      12.098       18.54]"
16,transformed_0.25,ClusterSampler,0.0004545001444011009,"[     9.0679      15.395      13.648       8.689      9.3044      12.695      11.307      7.9439      11.826      14.309       10.14      5.8974      14.535      10.876       8.866      16.634       2.568      3.2382      10.424      12.069      8.8367      14.782      6.5954      10.367      16.856      13.573
      7.3871      4.6565       8.892      9.4129]"
16,transformed_0.25,ClusterSampler,0.005177079888346494,"[     19.847      16.939      15.593      9.0893      14.236      12.167      17.998      11.305      14.674      17.759      13.036      11.194      9.4591      13.058       13.35      13.051      9.5125      7.7544      8.5864        3.42      12.056       4.713      8.1607      8.7429      12.015      13.457
      6.8887      10.773      12.365      7.5493]"
16,transformed_0.25,ClusterSampler,0.007545799301677134,"[     12.525      8.3697      9.9709       5.097      4.3233      5.6729      12.922      10.531      10.895      13.572      4.7146      6.4295      14.097      14.822      13.347      9.3562      9.2934     0.14925      10.164       15.71      7.8336      16.793      12.906      10.818      6.7574      10.099
      12.834      13.359      14.012      18.687]"
16,transformed_0.25,ClusterSampler,0.017105939095167676,"[     11.369       5.147      8.4735      7.2206      15.642      7.7864      9.0964      14.166      9.1695      12.985      11.434      9.5713      10.169      15.518          18      13.357      7.5201      17.293      7.0928      11.647      10.817      15.674      5.6518      9.2887       11.58      15.864
      8.7337      14.396      15.346      12.013]"
16,transformed_0.25,ClusterSampler,0.023467973708929578,"[     2.7821        3.04      15.535      9.2492      17.153      19.668      5.5214       13.44        12.9      13.175      6.9743      11.134      14.592      11.309      13.094      15.278      11.576      16.235      5.4057      13.694      14.576      12.916      10.303      7.8313      7.2203      10.434
      5.9607      10.643      10.994      13.225]"
16,transformed_0.25,ClusterSampler,0.002710037204793758,"[     7.7249      4.0534      6.6926      8.7164       8.296      19.437      14.396      9.9996      15.906      9.1236      10.713      8.6697      19.721      5.5457       13.47      9.1717       15.16      12.094      5.6609      10.698      13.942      19.028      10.103      9.4334      12.569      10.146
      17.554      9.3333      7.4779      14.066]"
16,transformed_0.25,ClusterSampler,0.0011031036640468726,"[    0.24039      13.557      1.6439      14.762      11.877      16.405      4.5628      10.093       13.05      10.824      4.8025       12.85      13.794       14.48      11.113      6.0173       16.72      6.2972      11.655      8.4525      12.612      12.247       3.415      13.979      3.6729      8.2744
      11.426      16.124      9.6951      13.279]"
16,transformed_0.25,ClusterSampler,0.007433320090571815,"[     6.5435      8.1063      7.2683      6.7698      11.278      4.2605      8.2378      10.246      12.147      8.9073      5.8229      8.6189      11.382      11.129      1.9772      18.412      11.557      3.9649      11.242      6.1946      8.0249      10.613      10.962      9.8597      14.792      9.8856
       9.512       10.27      11.596      7.3686]"
16,transformed_0.25,ClusterSampler,0.0004674281517376022,"[     6.1526      12.869      12.943      3.0716      8.3275      8.5066      9.4114      8.3299      13.685      16.709      13.056      6.5622      15.991      13.773      8.7372      4.1588      12.849      10.027      11.034      13.831       9.398       2.785      4.1963      11.582      9.5348      12.141
      14.341      10.419      12.783      11.296]"
16,transformed_0.25,ClusterSampler,0.004145007182559384,"[     11.841      10.261      6.6145     0.79313      11.785      11.293      9.6071      15.403      13.404        5.88      7.2757      13.099      8.7631      12.476      15.468      14.284      7.4441      12.213      4.8593      16.238      10.751      18.183      12.502      17.698      16.157      12.709
      11.263      10.368      8.2612      7.6138]"
16,transformed_0.25,ClusterSampler,0.02458368532715869,"[     13.823       7.261      10.153      8.9845      8.0538       11.52      9.4375      10.587      11.721      8.5077      8.0359      16.348      12.355      9.1988       12.06       7.341      2.1828      4.7744      7.9323       13.32      3.7121      6.5253       7.704      9.0016      12.253      4.5817
      7.0849      15.483      15.564        9.04]"
16,transformed_0.25,ClusterSampler,0.002739859116665319,"[     14.887      11.864       16.62      7.7755      17.877      10.518      7.8933      14.117      11.416      15.356      9.5852      6.8052      9.8222      12.866      6.2766       15.24      14.079      11.839      18.272      8.8286      9.2788      15.424      9.5467      8.3555      16.081      11.434
      12.792      13.487      15.183      15.432]"
16,transformed_0.25,ClusterSampler,0.0014873707345120831,"[     16.507      14.907      8.1313      15.041    0.084109      8.2036      13.181      4.6281     0.84253       14.76       3.318       12.56      13.731      11.764      13.266      14.494      17.659      9.0147      15.005      10.606      3.2822      5.2697      12.053      15.854       10.47      15.664
      10.196      14.807      6.4808      19.356]"
16,transformed_0.25,ClusterSampler,0.023782100505995413,"[     11.336      16.173      9.8617      13.945       15.95      9.7946       7.147      10.194      1.7017      9.6265      14.241       4.707      8.6079      9.3177      12.409      4.5255     0.15864      11.536      8.3715      7.4078      8.1453      15.237      15.768     0.07258      9.4109       6.526
      16.532      6.7929      8.5056      10.124]"
16,transformed_0.25,ClusterSampler,0.001764863906790604,"[     10.751        5.97       3.069      11.764      10.061      9.5672      12.985      14.444      5.0845      16.427      7.3565      8.5491      2.3683      14.613      11.971      6.5918      11.459      3.8339      5.7312      4.0502      9.6815      16.561      6.3974      10.401      12.664       12.53
      15.589      13.341      8.4537      10.957]"
16,transformed_0.25,ClusterSampler,0.0021486331632097197,"[      12.48      14.519       10.01       13.78       15.74      11.369       18.19      11.473      11.961      11.444      1.0035      10.054      13.294       12.38      10.106      17.135      9.2257      9.4158      9.5457      11.532      1.3042      12.436      4.9188      9.6518      10.428      4.4059
      10.451      6.7709      8.7693      3.4209]"
16,transformed_0.25,ClusterSampler,0.014338734044632968,"[    0.05539       11.34      17.695      14.501      13.587      5.8169      11.777      5.7697      14.317      12.076       18.65      7.5541      6.7305      10.424      13.638      9.3078      7.9158        9.18      11.285      16.952      10.996      14.968      15.653      9.5454      10.046      15.005
      13.116      8.9661      14.064      12.411]"
16,transformed_0.25,ClusterSampler,0.00047771899157763843,"[     7.0927      12.739      7.4259      19.778       14.95      13.568      9.5885      12.214      13.411      14.874      9.2877      11.865      9.9576      13.454      6.5506       13.06        19.6      11.633      14.756       13.35      14.181      12.121      2.0661      12.698       11.67      10.118
      5.1218       14.23       12.74      5.0298]"
16,transformed_0.25,ClusterSampler,7.31374927151921e-06,"[     7.6171       11.24      12.974      10.088      16.939      11.025       15.09     0.10888      12.706      13.745      14.372      11.261      7.8214      4.4888      18.242      17.837       12.86      8.4857      12.916      10.184      9.1081       3.076      9.6586      8.0383       6.136       9.903
      11.793      6.6426      14.539      12.229]"
16,transformed_0.25,ClusterSampler,0.0020432164741258072,"[     17.652      14.711      13.701      12.039      15.722       16.79      11.454       13.49      10.403      12.177      10.058      13.411      10.923      10.663      7.0895      13.147       9.323      13.317       5.196      6.5657      9.4096      14.546      3.8605      15.903       9.684      10.574
      5.9187      12.198       13.48      16.083]"
16,transformed_0.25,ClusterSampler,0.01326708128147025,"[     10.842      11.905      16.627      16.277      2.6045      7.7552      10.984      13.668      13.474      13.066      9.3875       8.935       7.208      17.503      15.048      11.967       6.252      0.1931      3.0781       9.804      15.837      7.8326       6.038      14.054      2.0278      9.2593
      9.2038      11.002      11.406      14.163]"
16,transformed_0.25,ClusterSampler,0.0014082827909447878,"[     14.748      13.174      9.0646      13.308      13.556      8.6861      14.198      7.3122      12.582      15.129      13.876      17.884      10.908      10.507      11.505      13.509      9.8111      2.9628      11.902      20.079      6.8315      6.2494      12.927      10.018      8.2542      8.3739
      12.973      13.938      12.334      17.119]"
16,transformed_0.25,ClusterSampler,0.005858371261009598,"[     12.601      2.7729      13.725      6.9009      13.057      4.4444      8.6849      13.676      15.884      6.7042     0.10992      10.005      13.443      12.483      15.878      5.5845      14.634      14.727      12.071      5.5961      11.428      4.1384      14.173     0.63529       14.78      12.792
      11.786      5.7615      10.599      14.239]"
16,transformed_0.25,ClusterSampler,0.15949833664689197,"[     15.799      4.1411      6.5382      14.687      14.543      7.9472      13.298      14.957      7.5153      10.325      6.8971      8.5109      3.8842      9.0972      7.5088      13.683      7.8976     0.08643      9.9653      15.545       12.99    0.069463    0.010258      10.413    0.082673      7.4297
      13.925     0.35542      17.292       7.786]"
16,transformed_0.25,ClusterSampler,0.00045877189542220244,"[   0.018389      8.7269      8.4925      2.4386      8.8747      12.221      9.7261      3.1094      11.131      5.3747      11.205      14.036      8.4009      14.998       17.73       12.18      12.943       3.385      11.298      1.9224      7.3532      9.6438      13.716      14.033      12.057      10.721
      5.5461      12.626      13.336      5.8227]"
16,transformed_0.25,ClusterSampler,3.503358509583538e-05,"[     12.738      4.9441      11.137      11.342      10.921      12.428      15.333      10.494      15.584      12.649      6.9269      11.707      9.4265      11.072      12.353      16.032      11.301      14.991      7.5557      1.0497      5.7424      13.879      14.397      10.818         9.5      7.4504
      6.5432      9.0181      15.603      10.575]"
16,transformed_0.25,ClusterSampler,0.00020156861348408632,"[     13.197      14.576       14.13      11.253      3.3943      8.3756      11.321      11.407      12.171      17.807      9.8884      14.602      6.8777      10.657      10.917       8.028       11.86      9.2457       8.608      15.346      12.368       8.683      13.707      9.8519      12.945      10.232
      8.3754      7.0806      1.9081      11.119]"
16,transformed_0.25,ClusterSampler,0.017303630116561285,"[     9.2363      10.539      13.058      13.534      9.9663       14.03      6.3485      3.5458      15.546      9.5109      15.843      17.173      13.024      16.458      12.034      11.027      11.827       7.753      11.231      8.5064      11.892      11.212      14.758      16.458      11.466      4.0831
      16.519      12.683      13.773      11.622]"
16,transformed_0.25,ClusterSampler,0.31610788893489816,"[     11.427      12.462      9.1179      3.4951      10.366      6.5746      10.789      5.8433      5.7377      16.848      15.591      13.796      13.233       10.98      7.0743      12.639      6.8397      10.661      13.428      6.0666      15.671      3.0937      0.1218      14.754      14.012      4.6879
      3.4553      13.256      12.696      8.4127]"
16,transformed_0.25,ClusterSampler,0.041049064133055604,"[     14.103      9.4162      10.998      8.3654      11.428      5.8592      11.991      11.795      12.503      12.622      16.247      11.011      10.975      15.937      15.086      15.388      19.183      11.425      17.212      15.348      13.018      11.684     0.95557      8.5419      7.5721      15.958
      14.048      8.3766      5.5955      11.403]"
17,transformed_0.25,RandomSampler,0.0010774952727101476,"[     7.9538      11.358      10.821       12.39      2.6858      14.507      6.8309      8.9782       12.39      12.876      14.479      10.837      10.601       9.657      12.992      14.471      15.758      8.0571       6.591      11.806      10.919      11.349      12.753      4.3724      10.156      11.588
      12.439      10.773       13.13      15.011]"
17,transformed_0.25,RandomSampler,0.00048670849536667826,"[      10.17      14.935       14.31      10.398       15.32      11.777      8.3765      5.7689      11.149      12.836      9.3416      9.6085      14.829      9.3194      9.4849      16.885      16.898      13.654      5.2327      12.803      12.293      13.618      13.421     0.24086      7.7011      5.7147
      15.547      12.906      8.4217      8.5316]"
17,transformed_0.25,RandomSampler,0.0002844371512086095,"[     5.8332      12.152      15.869      14.749      8.9298      10.751      2.7712      12.688      4.5027      7.0321      13.427      10.457      11.048      14.113      11.093      12.527      9.0629      5.2269       7.182      12.917      9.5742      14.632      8.4838       19.66      16.753      9.7323
       8.602      11.729      8.5045      9.2207]"
17,transformed_0.25,RandomSampler,0.00248194031796039,"[     12.104      10.818      9.8859      1.2049      14.156      18.043      3.9666      12.654      5.2261      15.995      15.021      9.3783      10.215      11.297     0.48444      12.471      0.1606      6.9291      14.168      15.889       11.57      7.3912      12.708      14.811      10.411       11.58
      8.0812      2.2019      14.579       13.83]"
17,transformed_0.25,RandomSampler,0.0006678887407215739,"[      8.807      3.6091       10.01      9.7713      12.952      12.468     0.20954      12.373      3.7884      6.0631      13.564      11.201     0.56491      16.221      13.005      12.538      9.0596      13.015       3.145        7.51      9.2504      11.807      10.477       10.55        15.8      16.667
      7.8544      17.907      11.567      10.246]"
17,transformed_0.25,RandomSampler,0.006260509360899327,"[      13.31      7.7289       6.077      13.331      10.518      5.5693      10.741      14.167      9.7533      17.622      18.762      11.544      9.9336      12.576      8.1165      11.015      3.1787      9.3645      7.3152      11.136      11.213      15.657      14.123      14.551      12.414      2.5337
      16.708      13.708      10.039      10.053]"
17,transformed_0.25,RandomSampler,0.0016485826385580046,"[     11.881      12.697       6.084      5.8445      9.3118      11.297      8.1126      13.937      14.465      13.219      9.7267      13.256      9.5628      15.959      15.861      15.098      10.095      4.0889      13.189      15.881      16.521      3.9826      5.4723      3.4336      15.073      14.288
      9.2504      9.9621      12.957      8.9966]"
17,transformed_0.25,RandomSampler,0.0008996018638362928,"[     16.509      8.8021      17.762      17.989      8.7603      8.3173      16.486      13.292      14.896      3.0046      8.4645       1.213      9.8029      9.7772      4.9395      13.042       9.719      12.453      12.018      15.735      14.233      6.4493      15.011      17.341      11.298        17.9
      15.018      11.575       1.516      15.116]"
17,transformed_0.25,RandomSampler,0.005395709696886915,"[     18.245      17.749      12.393       8.623      15.781      4.6207       8.826      8.6485        16.4      13.938      14.785      7.6116      11.423      10.762      12.888      13.116      10.246      8.7276      10.186      12.002      12.212      14.002      17.182      8.9256       5.961      16.276
      11.907      13.662      11.945      10.137]"
17,transformed_0.25,RandomSampler,0.00011425958613709859,"[     13.263      7.5369      15.186      12.038      2.6008      11.311      5.3937      5.4333      14.704      8.6444      9.5633      8.9493      15.142      12.801      10.648      9.6889      7.8478      12.673      15.865      8.6956      4.8148     0.43798      11.287      12.133      9.1203      12.596
       8.193      5.1649      13.731      9.5254]"
17,transformed_0.25,RandomSampler,0.0001334803889344455,"[     5.1432      12.201      15.755      1.6469      12.408       4.531      11.242      8.0095       13.65      2.1856      13.851      7.8779      10.095      10.353      7.9397      10.365      17.021      14.724      6.2799      11.372      6.3487       16.18      13.474      6.0025      12.477      13.232
      13.396      4.3415       6.389      11.574]"
17,transformed_0.25,RandomSampler,0.0009022860287291904,"[     15.538      3.4768       10.31      12.463      13.605      15.982      11.497      11.478      15.327      9.8706      12.449      13.713      14.604      7.4545      12.056      16.632      2.7912       11.79      16.021      15.728      13.508      11.304      6.6467      18.311      2.4317       14.25
      15.043      15.629      8.7981     0.16048]"
17,transformed_0.25,RandomSampler,0.010267636165273205,"[     5.0439       7.757      9.2816      12.774      8.3959      0.6522      12.819      7.4535      10.282      16.723        9.82      19.031      6.8371      12.946      2.5638      13.168      10.205      1.7974      8.9323       12.34      16.212      11.758       11.17      13.652      12.002      7.2234
      14.246       14.13       11.68      9.2028]"
17,transformed_0.25,RandomSampler,0.00710492527399516,"[     16.637       18.79      12.038      11.023      4.6916       12.68      14.193      13.414      13.639      9.3931      8.1985      12.641      12.242      5.8912      7.1315      10.009      5.0148      12.381      15.659      15.141      8.5491       12.11      11.347       10.16      10.028      12.993
      15.719      3.7084      14.927      18.247]"
17,transformed_0.25,RandomSampler,0.0003670892370357528,"[     8.7203      6.7306       8.814      12.901      16.318      12.276      10.332      18.064      10.685      5.0577      11.225      12.683      10.862       7.972      16.171      7.2899      11.163      9.0092      12.778      13.668       8.347      10.635      9.0813      15.065       2.086       13.44
      15.166      11.262      11.986     0.12967]"
17,transformed_0.25,RandomSampler,0.002322602744773917,"[     14.406      11.808       12.08      3.8468      15.969      9.0666      16.131      7.1842      12.973      16.095      9.9696      8.2026      7.8667      16.136      12.871       6.298      11.755      9.6295      7.1603      13.623      1.0258       10.28      7.7817      12.449      5.1283       12.85
      8.1948       9.889      11.978      17.292]"
17,transformed_0.25,RandomSampler,0.0034772665403146573,"[     9.0948      8.0034      11.673       10.36      14.142      10.825      9.7149      2.7792      5.1472      3.7416      12.572      18.877      11.318      10.349      16.797      13.579      11.543      11.384      7.1339      6.2835      7.0902      10.805      11.471      10.439      14.147      10.374
      10.131      17.528      18.308      8.8142]"
17,transformed_0.25,RandomSampler,0.022799789403018248,"[     17.338      7.5739       3.006      3.2224      13.993      11.642      11.229      16.368      12.732      10.769      12.368       5.162      13.568      13.413      9.5007      11.619      11.434      15.587      17.255      5.5844      9.0141    0.052479      17.145      16.893      10.974      15.724
      11.813      8.6949      16.554      3.2406]"
17,transformed_0.25,RandomSampler,0.013080120411042725,"[      7.321      10.485      8.8982      10.262      12.837      11.054      7.9657      10.397      7.7276      15.058      13.941      8.9518      11.883      10.821       8.807      14.944       14.32      8.5393      15.084      6.7313      8.3137      18.282      7.8289      7.2626      15.988      12.417
      7.8375      5.7629      8.2541      12.122]"
17,transformed_0.25,RandomSampler,0.0002871925445368245,"[     11.572      10.025      8.2872      3.0133      5.0887      11.229      12.908      15.264      12.481      6.3991      13.502      5.9769      7.2095      12.668      12.903      12.184      11.238      17.197      11.546      6.9453      7.0537      18.273       13.64      14.816      7.1721       14.76
      8.5519      9.9839      6.5772      14.855]"
17,transformed_0.25,RandomSampler,0.00021103751510060195,"[     16.665      8.0097      5.0813      10.124      9.9439      6.3731      6.1317      15.509       4.298      9.5735       17.37      16.391      15.404      10.239      5.9746      16.261      8.8706      9.6893      3.0714      12.822      12.566      10.585      10.912      4.8843      14.981      9.9201
      3.4035      11.945      16.257      6.5689]"
17,transformed_0.25,RandomSampler,0.0009378334471430153,"[     2.5085      6.7838      15.459       12.99       8.595      13.014      10.864      12.207      13.257      6.5657      9.0468      8.9764       5.002      8.3226      11.413      12.245      17.658      8.7928      14.666      11.258      14.419      14.347      13.076      9.5198      11.599      17.069
      16.644      13.885      12.365       12.48]"
17,transformed_0.25,RandomSampler,0.0033579526136582705,"[     7.1948       16.75      13.513      13.955      7.6297      9.3094      11.658      2.2065      13.628       15.75      3.5748      11.989      15.436      14.653      12.101      9.4637      11.704      14.946       12.27          15      12.552      9.5555      7.7507      11.701      13.962      16.627
      7.8348      14.524      5.7017       14.69]"
17,transformed_0.25,RandomSampler,1.2849660939390966e-05,"[     13.104      13.805      10.988      14.319      14.311      8.3183      13.576      2.7004      18.597      8.7929      13.042      3.5324      16.831      5.0347      10.958      10.952      11.996      9.9185      15.523      4.8496      13.233      12.303      10.306      13.467      6.6119      10.734
       1.751      7.9387       10.25      6.5684]"
17,transformed_0.25,RandomSampler,0.0018622352313840214,"[     14.598      9.9137      11.929      11.904      8.2626      6.8243      16.247      16.603      8.5107      15.372      13.704      12.763      6.9645      7.4012      9.7673      17.215      14.165      17.475      15.393      13.906      8.2527      13.738      12.369      4.9383      4.3072       5.748
      10.004      12.329      15.488      15.857]"
17,transformed_0.25,RandomSampler,0.0012183790297126214,"[      7.727      14.488      1.2934      10.266      13.414        16.7       5.776      15.911       6.008      8.5444      1.7639      7.0066      13.951      10.642      15.975      10.369      14.961      16.192      11.833      11.617      13.968      9.7948      1.0794      4.2177      15.312      11.346
      7.1066      11.257      12.725      18.694]"
17,transformed_0.25,RandomSampler,4.5390827938014924e-05,"[     12.795      16.558      8.4594       4.077      7.7592      12.509      10.011      11.647     0.83803      7.8098       4.607      15.287      12.073       11.89      15.859      10.775      17.488      14.105      3.0542      15.182      6.4422      16.853      16.438       5.812        2.01      9.9602
      11.494      10.077      14.556      12.758]"
17,transformed_0.25,RandomSampler,0.005018427910338276,"[     10.157      11.143      3.1679      14.084      13.119      10.534      11.982      13.396      3.4569       13.11      11.263     0.39805      8.1237      14.104       15.57      10.469      10.935      14.436      13.259      4.0543      12.255      2.0279      13.157      11.658      11.268      10.782
      5.6626      12.722      17.589      9.6564]"
17,transformed_0.25,RandomSampler,0.01352003931010155,"[     14.612       8.677      11.802      11.071      15.232      12.179      9.9496      9.3034      4.5101      13.474      13.245       14.42      8.5366      16.936       1.017      9.0163      17.518      4.8464       14.64      13.327      10.027      6.5152      12.343      12.406      12.049      17.726
      10.141      17.771      13.215      12.367]"
17,transformed_0.25,RandomSampler,0.022447143927312795,"[     12.578      13.887      6.9453      2.8135      17.756      7.5287      14.737      10.379      4.4377      14.593      10.466      14.121      10.532      13.205      16.446       11.12      10.474      8.4424      7.7573      7.8234      15.352      12.857      8.9046      12.122      13.012      17.597
      10.848      16.152      4.8593      9.4614]"
17,transformed_0.25,RandomSampler,0.0004602032646136213,"[     6.6138      7.3705      14.161      14.699      11.193        6.46      17.003      17.365      12.612      8.4589      13.597      4.8654      13.306      15.217      15.552      10.507      8.5273      9.2616      11.272      16.144      14.488      5.1792      7.5547      8.3739      11.137      12.273
      8.9741       7.425      9.1744       10.22]"
17,transformed_0.25,RandomSampler,0.0028700200633990443,"[     11.253      7.8539      7.3479      13.634      10.603      4.4524      13.817      14.125      14.967      12.089      10.765      12.696      12.623      3.8012      16.166      15.206       9.049      11.877      10.865      5.5924       12.15      4.3878      14.288      8.5549      11.235      8.8154
      14.362      12.602      14.466      11.328]"
17,transformed_0.25,RandomSampler,0.001825800911802844,"[     13.891      9.6355      7.5751      9.4088      17.187      9.2412      7.1202      8.4727      11.446       12.34     0.45816       13.92      10.019      14.178      17.999      11.227      14.817      9.3226      5.9496      10.762      12.599      9.1265       11.14       9.593      9.7491      5.0844
      16.549      13.929      8.4266      11.029]"
17,transformed_0.25,RandomSampler,0.0006459028020941425,"[     7.9995      3.9328      11.797      14.418      15.668      11.971      10.125       14.59      3.3084       16.22      7.7647      9.7291      12.267      13.138       6.935      12.534      10.065      11.339      12.103      4.6009      13.434      10.199      10.524      8.0892      8.0497      11.434
      16.372      14.813      6.7481      15.898]"
17,transformed_0.25,RandomSampler,0.03629981368374924,"[     16.831      5.2955      14.593      8.0704      8.5561      10.746      16.269      14.726      5.8828      12.636       14.59       16.48      12.889        12.8      17.836      11.576      14.188      11.984      13.196      19.116      13.844      10.686      15.199      11.805      14.609      6.6632
      7.4159      13.437      15.011      11.985]"
17,transformed_0.25,RandomSampler,1.4899381261975176e-05,"[      9.968      14.107      8.7651      4.3618      13.234      3.3482      1.9603      16.234      14.141      4.2821      15.656      12.389      13.466       13.25      10.661      15.315      7.7035      13.289      10.416      10.985      11.592       12.51      13.566      3.2433      12.393      16.296
      16.046      12.806      11.447      8.8573]"
17,transformed_0.25,RandomSampler,1.4076710105320962e-05,"[     5.3259      13.127      13.855      14.736      13.311      7.0758       20.02      20.595      1.7568      11.566      17.212      13.339      10.599      9.2689      9.6465      14.526      11.389      15.494      9.6813      13.062      12.637      15.339      12.656      8.3623      13.592      9.2884
       10.33      4.3104      12.055          11]"
17,transformed_0.25,RandomSampler,0.000705377558631268,"[      1.575      7.6024      12.867      9.8811      15.563      11.709      13.699      1.3696      16.837      9.1055      8.9792      3.4491      15.756      5.0463      13.227      1.4007      4.0601      10.182      17.925       6.938       13.01      16.649       14.52      13.005      11.173      10.962
      20.607      11.952     0.23735      10.147]"
17,transformed_0.25,RandomSampler,0.002184870230627184,"[     11.485      13.554      19.426       10.09      4.5999      11.063      12.087      8.7909      4.8926      12.277      13.745      4.7161      17.052      4.1286       12.11      15.489      13.139      14.844      6.0176      15.033      8.2392      15.793      14.528      11.528      10.305      9.6188
      13.869      14.479      6.4834      13.319]"
17,transformed_0.25,RandomSampler,0.0071228402176583905,"[     13.607      11.062      17.807      14.845      12.073      11.116      9.4396      12.569      13.332      5.9742       9.959      18.461       13.23      6.0622       10.46      6.7112       8.099      15.944       9.466      12.802      7.7331      16.869       11.17      7.0372      5.0084      4.5572
      5.3327      9.4681      12.019      9.5988]"
17,transformed_0.25,RandomSampler,3.258116617346977e-05,"[     8.6187      14.109      14.405       14.11       9.848      6.7898      14.997      10.675      9.5968      12.304      12.463      13.858      9.6867      14.201       5.853      4.7448       13.12      5.6342      14.836       3.717      12.514      16.595      4.9074      6.9409      12.201      8.8343
      9.7051      7.8845      8.5963      13.276]"
17,transformed_0.25,RandomSampler,0.0006719610915797592,"[     4.1605      17.954       11.02       8.244      9.1555      11.125      5.0007        7.83      2.8615      8.6048      3.4419      13.875      10.571      12.197      12.959      13.121      9.7841      10.198      8.0447      6.4251      13.323      6.8093      3.3722      5.8841      18.875      9.4383
      10.803      13.336     0.25502      9.7137]"
17,transformed_0.25,RandomSampler,0.03300591907539671,"[     4.4197      11.765      10.088      11.795      12.957      6.5901      11.547      5.1488      12.866      16.385      13.091      8.9885      10.892      13.556      13.376      12.062      8.4784      11.184      12.151      15.574      12.103      15.688       16.52      11.312       7.194      8.0754
      16.298      9.4413      14.148       11.36]"
17,transformed_0.25,RandomSampler,0.017908938265871758,"[     12.915      13.059      12.299      6.5959      14.002      15.395      12.838      2.3372      4.3155      3.7248      9.3152      16.916      15.779      11.806     0.20605      13.055      13.933      9.4149       14.14      9.8361      8.5755      9.8668      9.9384      3.0142      12.375      12.569
      13.198       1.061      17.459      10.832]"
17,transformed_0.25,RandomSampler,0.059349277830117245,"[     10.702      13.224      12.258      8.3286      1.4305      8.3896      7.0249      5.4584      2.9807      10.287       7.766      7.7914      6.9894      12.863      8.4278      12.178      12.129      11.485      11.826      13.065      11.182      11.673      9.0448      8.2228        13.5       10.05
      2.9373      8.0227      5.5766      9.0483]"
17,transformed_0.25,RandomSampler,0.0005275199000675249,"[     13.442      11.053      12.471      15.829      3.6542      11.359      10.026      9.7454      11.635      13.853      12.451      12.847      17.474      9.9442      15.652      7.0012      4.3326      7.3197      15.486      13.933      11.021      10.077       13.34      9.5945      4.0189      17.251
      6.1324       11.48      12.348      6.5768]"
17,transformed_0.25,RandomSampler,0.004090583328862155,"[     10.515      14.774      11.029      10.401       11.85      12.457      14.574      16.634      14.109      9.1916      10.977      15.502      11.789      17.899      13.376      12.268      12.541      3.2123      5.5286      9.8427      13.102      11.682      14.464         8.5       7.849      19.692
      11.436      5.7595      12.844     0.99103]"
17,transformed_0.25,RandomSampler,0.004509190613312377,"[     5.5167      14.373      14.098      13.332      5.8961      7.5357      11.045      14.451      11.276      10.048      10.624      16.294      9.3177       7.342      8.7885      17.623      10.755      15.513       17.25      11.094      9.1707      16.978      10.074        15.9     0.54301      11.266
       7.345      9.5574      13.136      6.5221]"
17,transformed_0.25,RandomSampler,0.001508849654091906,"[     11.532      13.532      3.4385      14.862      11.224      11.936      17.247       15.85      13.329      12.425      9.6174      14.188       7.819      13.766      7.9255      18.141      8.5577      7.7683      8.8689      7.0593      13.432      15.066      12.169      13.882      15.713      9.6634
      11.323      15.122       6.837      9.1431]"
17,transformed_0.25,RandomSampler,0.0016345558528377089,"[     10.897      14.883      17.614      11.869      0.1464      4.8447      17.119       7.603      12.362      4.6023      14.482      15.869      1.6787      7.3258      8.4298      8.4649      14.586      9.3807      13.896      1.5982       12.12      14.027      9.0811      16.742      10.503      5.7418
      9.4374        17.1      12.637      15.098]"
17,transformed_0.25,RandomSampler,0.049926821136641104,"[     10.838      15.038      1.0327      17.734      5.0246      13.553      8.7875      7.9526      9.1534      11.828      9.1831      10.727      8.7038      16.978      11.708      14.729      7.7854      12.928      18.147      10.484      4.9045      12.743      7.4349      16.615      17.636      7.6967
      13.848      9.4504      18.693      13.485]"
17,transformed_0.25,RandomSampler,0.0020604482824738866,"[     11.803      3.0998      12.475      13.856      9.9873      5.6168      13.421      4.4115      10.683      15.872      11.848      9.8369      8.8491      7.2569      9.6672      1.9332      14.997      5.8127      11.352      11.009      6.6403      12.562      15.777      15.944      10.696      11.896
      7.6559      10.089      16.291      11.768]"
17,transformed_0.25,RandomSampler,0.005083997301641217,"[      12.61      13.271      7.7031      14.618      12.674      5.0176      13.481      4.4606       10.39      15.289      12.586      9.4116      15.864      10.006      11.071      16.023      11.217      13.659     0.17422      14.073      11.297      11.431       13.48      14.002       15.52      14.247
      11.282       5.683      15.245       9.337]"
17,transformed_0.25,RandomSampler,0.007489368676880507,"[     11.699       15.34      12.616      5.8616      13.268      5.8948      16.217      9.4871      13.098      10.404      11.161      2.0468      4.0313      8.3703      14.053       17.18      14.295      17.192      7.2282      15.317      16.142      14.129     0.31755        9.95      13.777      12.771
      16.467      8.3876       8.999      1.7762]"
17,transformed_0.25,RandomSampler,0.00396263838380832,"[      10.92      10.612      11.624      8.4781      4.9745      9.6175      13.141      11.103      12.477      9.4645      9.8507      12.687      10.586      20.566      12.778      14.358      14.103      10.504      10.243      3.0247       15.39      9.3854      11.194       16.58      11.208      13.209
      5.0619      15.259      11.506      12.549]"
17,transformed_0.25,RandomSampler,0.0030634427048413272,"[     5.8992      16.533      16.044      6.4857      10.747      16.442      8.9686      12.631      8.6899       16.76      11.238       10.78      13.373      12.677      14.593      11.134      2.3536       5.794      16.525      12.359      10.917      15.056      6.7009      13.033      5.9213      10.566
      6.9653      11.008      12.375      13.898]"
17,transformed_0.25,RandomSampler,0.001986734593519991,"[     7.8491      13.388      10.496      7.0273      15.246          12      5.3937      3.8666      9.5183      9.2259      8.3731      15.208       13.29      10.951      10.897      9.2285      12.322      7.1035       12.61      4.6096      4.6265      16.675      5.5002      11.984      6.6949      13.306
       4.444      11.871      11.618      8.2666]"
17,transformed_0.25,RandomSampler,2.918558275465735e-06,"[     10.288      11.796      11.164      6.8539      10.077      14.281      10.121      13.751      9.0977      16.298      12.812      11.705       14.12      2.9987      7.5987       13.85      12.459      9.0673      11.054      13.281      7.4475      5.2648      17.033      8.9588      7.3302      12.817
      6.0775      12.336      15.291      6.8213]"
17,transformed_0.25,RandomSampler,0.0010998731806716147,"[     11.332      17.803      12.114      11.365      13.527      8.1616      7.9974      13.571      14.604      12.312      16.952      16.022      10.215      13.699      12.703      12.885      10.201      3.9549      1.1633      4.4273      12.443      1.5572      14.413      8.2062      10.166      12.319
      2.8149      12.308      4.8362      10.497]"
17,transformed_0.25,RandomSampler,0.0030058338372918694,"[     13.118      12.073      9.9785      14.202      14.387      12.484      9.5531     0.79913      9.3347      18.102      4.0107      10.547      14.967      12.405      11.105      9.4935      16.849      12.229       8.947      13.413       10.13      15.367       6.037      14.649      13.388      9.4994
       7.893      12.856      10.917      14.126]"
17,transformed_0.25,RandomSampler,0.00016643345107191068,"[     15.197      11.749      13.251      11.876      12.111      8.5757      13.537      14.152      13.921      12.832       11.26      9.4689      13.881      16.067      15.203      7.7398      5.8373      9.3108      15.904      12.334      8.9432      13.463      13.108      11.457      12.454      9.0535
      13.025      16.229      3.6665      8.0876]"
17,transformed_0.25,RandomSampler,0.0008274473827525967,"[     5.8501       8.752      10.807      15.091      4.9568      9.8611      12.584      7.1596       5.542      12.923      10.128      5.2307      8.1922      2.3726      15.355      5.1113      9.0695      15.036      10.576      13.267      17.576      11.837      15.866       8.695      14.695      10.699
      14.745      11.348      10.819      9.0392]"
17,transformed_0.25,RandomSampler,0.0033851461171887968,"[     13.084      4.3026      7.3866      13.551      4.5403       8.395      15.788      9.7968      6.5217      17.589      11.613      5.8869      7.4812       14.74      14.537      7.9279      17.498      6.9215      6.3619      16.377      10.704      8.0264      14.045      14.068       7.611      6.6195
      13.067      12.123      14.317      8.8171]"
17,transformed_0.25,RandomSampler,0.00039846695273581157,"[     10.193      10.998      7.3431     0.13243       12.77      10.894      11.377      10.795       7.501      9.3752      13.849      8.2935      14.472       9.726      10.337      18.084      7.5549      10.104      14.008      6.4115      11.444      9.3614      10.599      12.974      15.989      13.512
      15.635      11.559      13.838      14.725]"
17,transformed_0.25,RandomSampler,0.0022278535356627287,"[     14.953      15.058      18.742      13.749      11.041      12.926      8.6528      14.036      15.587       9.931       11.75      8.3291      3.7684      9.8582      11.332      13.694      10.975      13.461      17.325      13.325      9.1223        9.94      13.275      10.592      13.443       7.446
      12.365      12.621       8.729       10.57]"
17,transformed_0.25,RandomSampler,0.0003274463662253115,"[     2.8881      5.0484      5.3496      11.398      9.3679      10.388      11.843      9.5421     0.80283      12.447       12.64      16.424      12.813      12.609       12.22      12.259      10.887      11.146      11.934       12.84      14.142      14.424      16.116      13.019      12.798      10.885
      8.4211      11.429      10.635      4.6919]"
17,transformed_0.25,RandomSampler,0.012238406244781676,"[     4.7732      8.4639      10.293      8.2148      11.615      15.063      4.4921      13.605      11.234      8.4951      9.4122      15.402      9.9958      14.869      12.999      18.034      6.4844      10.686      6.0702        4.12      9.5365      11.357      9.6621      15.358      6.0713      11.867
      15.393      14.171      11.219      6.9016]"
17,transformed_0.25,RandomSampler,0.03706928742973339,"[     12.736      8.4678      12.878      9.6557      7.3042      8.3471      14.801      14.091      14.087      13.093       7.015      14.069      11.515      12.148      6.9985      16.461      14.303      6.6261      17.141      15.158      13.314      15.206      10.033       20.43      11.462      15.289
      12.229      10.307       10.75      11.156]"
17,transformed_0.25,RandomSampler,0.00047181326497990593,"[     10.758      9.9078      9.9776      14.034      2.8202      13.594      10.255      11.993      10.207      9.3281      11.949      13.834      3.1912      13.373      6.6217      12.504      9.0738      9.5152      13.915      9.3444      11.668      13.626      15.639      14.242      9.1876      10.032
      12.708      13.539      6.5687       6.959]"
17,transformed_0.25,RandomSampler,0.06064190350703108,"[     5.4029      15.618      9.3666       18.39      14.018      3.8258      1.6583      13.242      13.661      13.638      15.058      11.034       7.816      10.469      15.398      10.111        9.67      3.6798       16.16      8.9198      16.339      15.403      6.6889      7.9652      13.887      16.318
      11.594      13.035      12.429      16.624]"
17,transformed_0.25,RandomSampler,0.0023290574353778625,"[     9.8929       5.557      15.149      13.731      12.052      5.8187      10.545      11.159      13.481      16.437      5.4473      9.3901      9.9471      15.484      9.2603      8.0178      13.862      3.3263      12.701      4.0866      8.9103      14.172      12.846      11.982      12.446      12.817
      6.8004      9.7828      5.4382      13.749]"
17,transformed_0.25,RandomSampler,0.0021011739940087915,"[     9.6164      15.864      12.948      11.949      19.307      14.084      6.7932       18.69      13.551      7.8614     0.97039    0.045484      8.5654      11.344       12.99      15.595       9.013        4.05      6.1593      17.156      8.6367      5.7481       8.074      4.6223       10.18      5.4202
      9.1181      11.464      15.011      12.583]"
17,transformed_0.25,RandomSampler,0.0022842667845922844,"[     4.3163      8.4179      9.0922      12.323      11.933      14.645       10.52      8.8718      9.6448       16.51      9.8108      10.003      12.244      16.311      8.8173      12.239      11.201      11.984      8.5603      6.2146       15.64       11.73      14.141      9.5219       8.993      4.5254
      10.682      8.4504      13.559      9.9297]"
17,transformed_0.25,RandomSampler,0.005244532367764307,"[     12.854      12.153      7.8149      12.502       5.717      13.853      2.1556      13.252      11.572      2.0048      4.1172      15.585      3.6284      15.855      8.5269      8.6451      11.312      10.888      16.147      17.197      8.4011      13.635      13.159      9.8515      10.585      11.322
      4.3813    0.047684      3.9184      9.7338]"
17,transformed_0.25,RandomSampler,0.007991383393138943,"[     2.9858   0.0051518      8.2738       12.42      9.0428      8.4104      7.6978      8.5695      6.1424      13.352      9.9011      6.4158      16.219      13.874      12.185      14.958      9.6247      11.143      16.431      11.972      18.633      11.973       8.951      5.5432      4.8021      8.5638
      15.607      17.091      8.6671      15.141]"
17,transformed_0.25,RandomSampler,0.00021103751510060195,"[      12.76      10.127      6.4728      10.761       10.09      15.016      10.305      4.6423      10.321      10.313      14.083      4.5331      12.878      11.893      16.895      12.654      11.771      14.765      9.1014       6.413      9.4155      9.4784      9.5675     0.16709      14.132      7.3945
      13.699      15.288      9.2201      14.494]"
17,transformed_0.25,RandomSampler,0.000562790209673981,"[     13.123      20.871      12.974      11.121      8.8994      8.8416      15.774      7.6002      9.4629      5.5951      13.703     0.14949      7.2782      14.273      7.4137      11.409      12.068      7.2273      8.3759      7.9979     0.82128      10.071     0.51292      14.568      11.462      12.707
      5.7521      11.096      5.9182      11.104]"
17,transformed_0.25,RandomSampler,0.0054376271028674615,"[     14.805      13.097      6.1402      16.588      13.815      12.858      12.475       9.994      13.353      12.499      18.711      9.2146      13.908      9.2785      10.927      11.556      17.891      16.271      16.078      15.964      8.1175      11.254      16.423      11.975      5.1017      12.815
     0.67921       10.96      10.761       11.78]"
17,transformed_0.25,RandomSampler,0.003038627852842767,"[     3.4414      14.651      6.3532       16.38      8.6808      13.209      15.605      11.863      12.729      7.0412      2.9759      16.385      10.202      11.911        5.52      12.137      6.3904      7.0856      11.248      5.5659      9.1844      12.999      7.7142      10.965      13.481      10.717
      11.856      14.392      14.075      6.4755]"
17,transformed_0.25,RandomSampler,7.429062252312222e-06,"[     12.834      7.7439      12.449      10.152      5.1588      9.3087       7.879       12.04      18.527      14.312      6.6361      13.137      14.513      11.719      17.289      3.7444      12.538      16.901      10.807      16.338      15.087      10.594      13.595      8.6958      4.6959      6.9679
      6.2116      4.5494      18.809       9.648]"
17,transformed_0.25,RandomSampler,0.0030058338372918694,"[     8.4589     0.38178      5.0625      17.274      6.2156      9.1279      8.7318      10.031      8.4197       12.66      10.502      18.476    0.065442      12.948      7.9194      7.5738      10.037      8.9552      5.7949      15.722      11.524       13.55      12.808       8.547       9.444      7.9843
      16.535      14.804      2.7352      8.3058]"
17,transformed_0.25,RandomSampler,0.0002899729410716446,"[     15.729      15.647      10.862        6.19      15.414      6.1229      11.166        12.1      8.7257      15.894       10.54      6.8663      11.382      4.1394      14.089      14.592      8.5625     0.95665      9.4472       5.513      10.393      11.706      12.159      6.2887      17.827      14.079
      8.2264      8.4891      16.994       10.42]"
17,transformed_0.25,RandomSampler,0.00017204803925831598,"[     16.547      9.8005      5.4831      8.8143      18.606      13.177       11.08      3.6782      8.0373      6.9244      4.2847      11.119       12.73        12.7      17.748      16.394      15.132      10.786      4.2792      13.142      8.3486      10.231      15.816      18.201       10.38      9.1616
     0.13387      11.252      3.3384     0.37131]"
17,transformed_0.25,RandomSampler,4.4586767251480214e-05,"[     11.553      11.112      8.7567      1.2229      16.565      12.993      8.9364      7.3527      10.502      17.951      10.697      8.4624      12.724      1.0392      11.563      6.7496      16.179      8.1439      15.483      6.3332      11.036      11.138      15.182     0.51009      11.496       13.64
      8.5455      15.507      12.459      13.302]"
17,transformed_0.25,RandomSampler,0.020801492496795235,"[     13.254      10.749      6.5621      10.838      16.598      11.166      5.9414      7.7387      8.6429      14.302      14.398      12.586      15.709      9.0968      11.782      11.134      14.595      13.421      17.166      10.574      16.254       15.17      12.966      12.437      6.0419      16.576
      4.1117      8.7669      12.495      10.424]"
17,transformed_0.25,RandomSampler,0.00023733842320894626,"[     2.9081      12.562      12.439      10.504      18.701      16.081      6.9115      14.148      12.424      8.4363      12.163      8.0686      11.303      3.8055      9.6797      13.301      5.5982      12.155      15.789      13.116      16.548      12.846      8.5423      12.007      1.1156      14.408
     0.10243      13.209      15.871      4.4045]"
17,transformed_0.25,RandomSampler,0.00011119586879089113,"[     12.873       10.58      12.404      11.778      14.896      11.156      8.8347      10.656      11.806      9.6848      7.7182      10.924      17.513      11.602      9.9818      12.474      12.233      10.332      7.1191      10.303      11.542       9.178      14.188      16.135      7.3418      12.169
       11.94      9.2605      12.142      9.6809]"
17,transformed_0.25,RandomSampler,0.0006618240392777736,"[     10.784      10.742      6.2917      12.843      8.8247      15.422      8.5523      8.6654      5.9879      15.804      15.005      5.3772      16.288      6.3892      3.9157      13.478      3.8973      14.856      13.925      13.205      13.549       10.99        9.75      2.0441      10.334      8.8534
      9.0482      8.6409      9.2985      12.352]"
17,transformed_0.25,RandomSampler,0.0003922438260688369,"[     13.872      13.654      9.4454      13.781      15.373      7.1246       9.522      14.694      9.1215      10.747      11.437      14.755      7.8938      17.512      13.799     0.23617      2.2377      8.6226      9.1005      19.096      7.2371      6.1297      12.118      8.6767      12.245      10.037
      13.473      12.449      12.246      17.433]"
17,transformed_0.25,RandomSampler,0.002917295816215527,"[     14.811      10.304      16.214      10.222      10.673      15.861      16.642      14.006        16.8      14.645      11.838      8.0825      3.8999      17.685      14.629      15.731      8.1161      8.0425      12.073      8.2882      8.3488      14.898      15.602      10.599      11.319       11.42
      9.4043     0.96899      4.5939      12.811]"
17,transformed_0.25,RandomSampler,0.0017748822519542047,"[     16.239      10.264      8.2023      9.1397      9.9232      10.639      10.183      6.5792      14.155      15.945      3.1634      13.393      11.814      10.537      8.9024      7.8599      15.697      12.441      7.5626      13.418      13.563      10.431      13.942      9.6135      11.352      11.516
      10.449      9.2829      4.7736      12.059]"
17,transformed_0.25,RandomSampler,4.8920139772671856e-05,"[     13.223      8.4409      14.062      10.841      10.009       12.38      13.143      11.353      8.8991       6.584       12.38      9.7479      9.4419      13.437      14.513      13.375      12.095      16.227       13.37      15.985      8.3885      3.4232      17.757      13.845      4.0908      9.9124
       12.83      11.948      17.792        12.9]"
17,transformed_0.25,RandomSampler,0.002846646767929541,"[     10.575      7.9214      13.514      10.197      12.676      15.636      9.7349      13.706      5.0735      11.408      10.409      14.458      10.798      2.5825      3.3041      8.2733       8.367      12.005      12.272      11.835      17.046      9.6955      3.1614     0.94473      12.379      16.058
      10.688      13.715       8.792      8.3233]"
17,transformed_0.25,RandomSampler,0.0016345558528377089,"[     12.652      13.211      13.794      8.6847      5.9071      12.891      8.6027      14.575      12.629      5.5252      7.8401     0.67528      14.561      13.537      9.3933      5.0201      13.782      10.112      6.0804      3.8856      14.617      9.7157      17.542      12.601      13.627      5.8473
      13.352       14.47      13.839      13.704]"
17,transformed_0.25,RandomSampler,0.00020965924886794728,"[     5.5235      12.661      12.515       13.86      15.599      14.101      8.3931      11.308      7.3825      12.159      11.446      13.027      13.561      11.613      15.472      14.202      17.998       12.79      3.2061      12.719      13.781      10.594      11.285      5.3392       15.75      10.539
      15.575      10.131      13.752       2.642]"
17,transformed_0.25,RandomSampler,0.00036362148381558737,"[     10.351      3.7002      4.8524      16.058      9.6341     0.94012      9.9036      17.087      12.019      10.653       4.271      8.5293      2.7198      13.071      11.298      10.544      10.628      6.7303      18.792      11.164      2.7797      11.094      10.605      10.722      13.799      10.007
      5.7834      12.445      10.227      16.322]"
17,transformed_0.25,RandomSampler,0.0008249738857441602,"[      13.25     0.89634      9.2402      5.3261      10.658      11.191      8.7604       7.083      8.8444      11.405      12.912      10.771      8.2173      11.428      12.118      12.661      8.3156      15.167      17.518       3.611      10.693      13.426      7.6447      12.826      16.941      9.7924
      10.496       13.82      7.7518      4.4943]"
17,transformed_0.25,RandomSampler,0.0031645713970649024,"[    0.72736      4.6665      16.298      10.677      5.5603       15.28      2.5938      12.036      15.873      14.962      12.666       8.738      6.8926      12.335      12.068      9.9756      17.113      12.725      8.4779       9.729      10.506       15.35      11.128      13.495      6.1908      4.7964
       6.689      15.018      2.9846      11.775]"
17,transformed_0.25,RandomSampler,0.0011902923394734547,"[    0.17963      8.5556      16.389      15.102      11.464      14.051      13.394      5.6619       5.261      10.217      14.574      6.0892      12.397      15.657      18.278      10.959     0.43282       2.098      10.273      9.3151       9.335      9.0726      9.4966      17.729      10.487      16.261
      8.3968      8.6528       0.392      6.0936]"
17,transformed_0.25,RandomSampler,0.004927948251613229,"[     7.1073      15.063      15.933      15.744      8.3507      12.912      6.8293      10.999      10.959      13.329      9.8621      9.2691      13.769      3.2013      15.789      14.041      6.8728      12.602      16.452      13.115      9.9789      5.6133      8.1059      10.302      12.364      14.122
      12.083       13.66      14.446      2.2388]"
17,transformed_0.25,RandomSampler,4.9798042371631255e-05,"[     8.7877      12.207      11.298      13.023      9.1429      1.8572      15.415      2.3868      5.7748      11.815      13.638      10.611      8.6872      9.2009      15.624       7.695      20.357      11.562      16.253      14.139      12.791      5.6939      9.4014      16.494      6.2663      13.302
     0.13489      6.5573       13.72      9.3507]"
17,transformed_0.25,RandomSampler,0.021465639057412233,"[     12.188     0.57121      15.212      10.305      13.535      4.6249      15.734      14.198      9.4599      13.052      5.9679      11.849      11.543      17.128      8.1206      6.7949      7.8818      10.327       11.39      7.4778      13.853      15.015      14.258      7.9959      13.507      2.5944
      10.444      11.446      8.6799       5.628]"
17,transformed_0.25,RandomSampler,0.006772597170115309,"[     12.357      17.614      4.2645      11.101      10.656      7.5715      9.6099      15.638      13.985      15.156      14.838      10.128      10.858      12.192      0.2324       8.213      11.398      3.7852      13.411      5.2317      10.683       6.384      6.4747      7.7686      12.475      12.274
      10.606      8.6942      10.383      9.7719]"
17,transformed_0.25,RandomSampler,0.003055156400649711,"[      10.92      10.982      4.0256      12.529      12.459      10.599      18.246      17.005      13.642      12.917      9.4626      15.481      10.435      5.3215      5.6663      12.002      3.3573       9.355       13.38      13.822      12.752      9.9916       11.54       11.95      15.188      9.7118
      1.9095      11.744      10.066      15.044]"
17,transformed_0.25,RandomSampler,0.0003567777464061427,"[     8.8094      11.226      4.2014      16.801      12.428      8.0166      12.692     0.59529      15.572      14.659      17.806      12.294      5.0582      14.862      9.2349      10.629      12.301      13.369      9.6463      9.5794      15.071       8.394      11.209      11.934      17.134      6.8055
      17.195      15.011      16.807      11.479]"
17,transformed_0.25,RandomSampler,0.009685024056888243,"[     6.8532      12.015      6.9532      11.248      4.0787      8.4703      6.8971      13.755      9.2056       10.81      12.364      2.6685      1.5804      13.379      15.055      13.237      4.9762      8.1647      7.2531      15.333      8.9415      12.007      17.743      15.366      4.8217      15.662
      13.218      9.9786      5.0706      14.921]"
17,transformed_0.25,RandomSampler,0.0016485826385580046,"[     14.484      8.7064      9.0211      13.889      16.206      14.894      14.408      11.459      13.119      9.0567      14.206      9.6893      5.1277      12.081      2.8598      16.571      11.791      13.799      11.867      11.553      11.241      15.694      16.933      13.231      1.4215      7.5775
      8.2388      8.8116      13.131       14.58]"
17,transformed_0.25,RandomSampler,0.002322602744773917,"[     14.594      10.443       10.55      13.189      10.513      14.767      6.8275      13.248      4.9335      14.304       13.02      8.1523      13.606      19.555      8.7525      10.262      6.1245      4.7736      8.7634      10.624      12.584      14.683      15.917      18.053      16.073      10.462
       7.614      6.8896       16.12      8.5371]"
17,transformed_0.25,RandomSampler,0.01467839593041383,"[     6.5555      13.877      14.835      6.6959      10.662      13.696      8.6851    0.093144      10.148      14.291      11.282      10.429      15.152      11.661      12.269      9.0833       13.91      6.8373      11.684      8.8431      8.5743      4.4294       9.468      10.634      12.332      5.8848
      12.213       13.64      15.932      5.8464]"
17,transformed_0.25,RandomSampler,0.0003327025097568991,"[     7.9132      9.6041      8.9459      10.123      16.602      11.203     0.54111      7.9804      15.044      7.9128      12.067       7.004      10.545      10.207      6.4819      11.383      12.195      12.104      16.917      8.6888      12.588      5.1269      16.906      8.6563      5.4037      9.4398
      9.4709      12.703      13.973      6.2897]"
17,transformed_0.25,RandomSampler,0.004392365633414208,"[     12.552      11.964      12.596       9.612      10.897        6.87      15.651       9.903      12.556      2.7753      13.715      12.098      13.364      12.274      12.291      12.545      10.313      12.878      9.8148      17.233      11.371      7.5902      13.527        9.23      7.3172      12.306
       15.98      17.789      15.771      12.819]"
17,transformed_0.25,RandomSampler,0.0005911251063995293,"[     13.352      6.5429      14.493      15.429      13.933       12.71      11.327      1.6717      14.437      11.706       9.332      10.708      12.186     0.41642      5.1839      8.1632      14.395      16.857      11.432       15.64      14.346      10.753      9.2472      4.5158      12.288      16.209
      7.0688      14.381      9.4499      12.147]"
17,transformed_0.25,RandomSampler,0.001333106861208234,"[     17.878      15.445      12.697      10.605      18.861      8.7519      14.988      16.422      11.718      4.9324      14.126      5.5426      8.8869      12.835      7.1049      13.179       13.33      5.7077      10.126      13.243      7.6132      15.914      8.4582      12.862      10.547      1.9567
      9.7089      14.319      14.069      15.488]"
17,transformed_0.25,RandomSampler,0.00433498562384295,"[     10.048      5.2283      7.6374      13.363      2.3721     0.31989       14.14      13.898      14.603      13.859      3.6082      5.6266      12.897      14.752       9.255      10.759      11.374      13.095      16.816      12.122      14.043      8.5383      17.396      10.047      13.094      12.101
      10.698      12.002      10.423      15.868]"
17,transformed_0.25,RandomSampler,0.053231165449084634,"[     11.313      7.8059      7.4106      5.0033       14.78      6.3372      8.9543      5.2439      14.949       12.03      12.169      8.0026      11.005      10.994      5.9914      13.145      10.521      8.2154      11.476      10.812      9.1767      8.9157      11.347      9.7403      6.6296       14.41
      11.687      12.685      11.972      7.4296]"
17,transformed_0.25,RandomSampler,0.0017698668357723866,"[     15.495      13.956     0.93347       12.71      10.507      18.088      9.3743      14.069      7.5357      6.7586      10.472      9.5759      10.943      9.8896      7.5412      16.065      15.218      13.143      16.394      2.7873      11.833      6.3272      15.438      10.533      11.906      8.3189
      2.0939      11.839      11.762      10.711]"
17,transformed_0.25,RandomSampler,0.01714525779759958,"[     13.069      6.7709       5.758      11.205      17.328      15.893       17.84      14.443      14.393      14.678      5.9561      14.675      3.8758      7.4246      14.379      7.9114      0.6831      10.171      12.044      13.521      11.829    0.059016      10.876       7.276      7.8894      14.916
      13.459      11.359      9.0396      12.425]"
17,transformed_0.25,RandomSampler,0.002607971840222844,"[     8.0499      12.847      16.014      12.102       9.067      10.281      11.387      14.391      12.407      8.3003      10.132     0.47148      12.628      11.979      10.237      7.6546      14.109      13.986      13.347      11.333      7.1444      8.6996      11.355      6.0322       10.53      14.053
      10.345      14.001      15.099      11.746]"
17,transformed_0.25,RandomSampler,0.00035005470488077255,"[       10.1      9.1312      13.063      9.1133       11.93     0.37733      14.209      6.0208      12.183      10.195      4.2346      7.4518      7.9078      12.822       12.78      1.6673      16.927      16.585      1.9773      11.965      9.9988      10.273      10.683      14.278      16.685      7.9659
      13.766      12.659      13.234      9.0459]"
17,transformed_0.25,RandomSampler,9.130033192300202e-06,"[     13.125      10.425      14.531      15.523      10.718      11.298      10.354      11.365      10.019      11.088      12.338      3.3877      9.1803      9.5585      13.442      17.566      10.687       14.62       5.501      6.7574      8.4657      7.4039      9.8602      11.884      7.4071      8.0999
      5.9423      12.445      8.9625      6.1746]"
17,transformed_0.25,RandomSampler,1.1740969219309187e-06,"[     4.5876      12.958      7.9313      14.678      8.6417      13.853      16.854      8.1672      13.977      10.731      11.382      9.6605      10.059      2.8922      10.278        13.5      16.259      11.591      5.7696      14.751      7.8117      11.237       6.042      6.8812      12.454      7.4537
      5.7584       10.43      7.9238      15.564]"
17,transformed_0.25,RandomSampler,0.002831156871426145,"[     14.425       13.28      11.489      10.246      6.7179      13.175      12.658      11.863      7.8497      10.214      14.547      13.013      9.0227      12.658      5.4185      3.7204      3.8584      1.9122      8.4594       14.55      13.871      16.202      3.9978      14.546      10.202      12.277
      12.702      8.9324      10.468      2.2348]"
17,transformed_0.25,RandomSampler,0.0019923145766376402,"[      16.82      10.263      7.6791      12.278      11.751       5.625      14.073      11.948       12.75      9.7698      9.0558      7.6748       11.35      1.6701      9.5779      13.421      15.113       12.36      12.596      14.066       11.96      1.8688      7.4757      2.1339    0.051255      11.634
      9.4478       3.448      7.0737     0.90539]"
17,transformed_0.25,RandomSampler,0.00014910239475693306,"[     18.304      13.773      6.5712      12.608      16.878      10.415      17.994      9.7769      9.8424      13.082      8.6491      2.8497      9.4613      8.2293      16.887      10.974       8.555      10.379      8.7178      4.5179      12.259      7.5184       10.29      16.551      10.047       9.638
      12.279    0.029554      10.095      14.933]"
17,transformed_0.25,RandomSampler,0.0029733482678417004,"[     9.9331      14.422      16.205      15.783       13.77      7.6793      14.343      11.318      12.597      14.026      13.084      10.935      8.5748      10.215      9.2927      14.561      15.947      9.2449      15.003      2.9404      6.2485      12.769      4.6032       8.432      10.367       14.53
      8.0547       9.981     0.25447      12.385]"
17,transformed_0.25,RandomSampler,0.003376064723275921,"[     10.804      10.182      12.118      6.6172       15.69      14.167      12.326      10.268       12.11      6.7745      10.859       12.53       9.797      15.591      16.086      12.694      6.5716      14.398       5.303      13.778      12.036      0.5939      11.291      4.5799      11.865      14.129
      11.338      14.253      15.694      12.174]"
17,transformed_0.25,RandomSampler,0.000562790209673981,"[     14.744      12.681      14.712      9.0271      14.526      11.334      11.572      8.7789      2.8648      17.225      11.031      15.239      9.7192      9.0662      9.9215      17.076      16.111      8.8236      11.293      12.659      6.2814       9.939      13.653      14.801      12.231      14.816
       9.567      10.836      17.269      13.375]"
17,transformed_0.25,RandomSampler,0.02914714743116783,"[     5.0649      5.3682      8.0498      8.6865    0.024222      11.132      13.492      8.4692      5.9208      2.4335      8.0509       2.598      12.051      14.228      11.213      13.883      4.8857      14.797      13.214      16.436      9.3185      8.1812     0.49886      6.9469      13.484      15.263
      9.5894      13.158      2.3336      7.4762]"
17,transformed_0.25,RandomSampler,4.5716369589780324e-05,"[     7.9459      13.341      12.429      9.0927      16.179      11.199      13.335      11.817       12.65      3.5254      10.074       8.266      9.7583      13.231      8.7105      18.523      9.3015      12.059      10.815      9.8488      15.553       7.645      11.051       13.73      19.731      10.936
      6.6064      7.7644     0.54102      3.8766]"
17,transformed_0.25,RandomSampler,0.004222290754511461,"[      9.832      5.4375      12.904      13.205      14.939      11.436      7.5552      8.9612       13.84      10.551      7.8895      14.565      11.235      14.446      8.6828      13.121      6.6094      9.0933      12.399        10.5      13.208      5.9381       13.76      6.1602      7.5553      1.7453
      9.9049      9.2832      11.866      13.049]"
17,transformed_0.25,RandomSampler,9.18193055418103e-05,"[     12.196       10.37      14.217      16.396        16.5      12.647      13.159      7.0875      16.803      12.445      9.8967      12.774      16.394      12.706      7.7564    0.066798      8.8478      7.0058      13.022      17.587      12.473      13.202      6.4124      9.9687      18.197      16.046
      15.628      11.996      7.0782      10.847]"
17,transformed_0.25,RandomSampler,0.060998652568764127,"[     12.378      12.555      16.726      10.376      12.814      11.555      8.6573      17.676      6.1834      8.5613      7.9748      6.7804      9.6642      13.092      5.5969      13.396      11.742      14.785      12.837      10.949      3.8072      10.895      14.357      3.3658      10.902      11.522
      16.526      6.5883      8.0426      14.042]"
17,transformed_0.25,RandomSampler,6.243472516039853e-05,"[     15.477      7.7024      11.763      12.857      16.551       12.74       15.59      6.7604      6.7963      6.2096      15.744      10.179      15.471      13.399      13.855      9.6639      8.4888      11.404      11.444      15.895       12.75      8.2876      3.4621      16.177      12.427     0.25467
      7.2425      2.5524      9.7293       6.818]"
17,transformed_0.25,RandomSampler,0.0001264732337951403,"[     14.609       6.512      16.571      15.985      9.5373       14.94      12.643      1.5105      4.5192      12.549       5.351      5.2091      9.6182       10.34      10.435      7.1974       11.27      9.7306      14.362      10.422      14.693      8.7843      12.621       5.964      12.521      12.433
      21.209      13.465       6.326      12.603]"
17,transformed_0.25,RandomSampler,0.0014452455141766892,"[     18.522      13.491      12.709      16.679      5.7566      13.683      15.193      10.423      16.163      15.363       14.12      14.817      7.1681      14.643      3.8858      11.465       13.99      18.525      12.522      7.8413      9.8318      11.982      4.4067      14.021      9.3842      11.302
      5.8312      6.5502       12.13      11.071]"
17,transformed_0.25,RandomSampler,0.03162757561798777,"[    0.41238          14      4.0957      11.043      14.033      7.8143      16.524      6.2806      8.0055      10.074      5.6413      6.9133      4.9349      16.595      11.059      12.115     0.10365       5.759       14.69      6.8585      12.639      7.3988      11.204      9.6559       4.615      12.233
      5.8488      11.487      12.861      10.639]"
17,transformed_0.25,RandomSampler,0.0006057876136965214,"[     12.675      10.535      5.9826      13.185      3.7292      11.838      7.0459      15.912      8.6852      16.796       8.039       15.43      11.539      12.684      9.6007      2.8959      11.729       13.95      11.125      12.397       9.866      8.8314      13.548      10.343      10.871       15.12
      9.9008      11.161       12.06      10.601]"
17,transformed_0.25,RandomSampler,0.0026295399429147664,"[     12.451      13.662       14.49      10.966      13.968      10.405      10.057      14.539      15.614      11.502      15.528      16.065      2.7802       12.83      11.885      9.4079      12.808      14.362      11.447      7.9015      13.739      8.6884      12.688       10.98      12.105      6.2897
      11.876      8.5593      11.356      15.992]"
17,transformed_0.25,RandomSampler,4.0911582806200864e-05,"[     15.788       8.122      6.5582       11.78      13.188      9.8674      17.605       15.88      14.588      7.8066      13.454      13.423      13.962      13.231      13.438      9.4046      13.047      9.7352      12.183      10.859      14.913      9.1811      9.0987      10.913      13.371      11.309
      18.303      9.7795      6.1951      10.712]"
17,transformed_0.25,RandomSampler,0.00022676390681574418,"[    0.40391       10.18      8.9935      8.0341      11.256      3.9103      1.8629      3.8655      17.619      12.583      6.8977      17.122      12.203      5.0212      12.212      18.305      10.837      12.751      6.1975      12.818      14.043      13.741      4.9947      16.352      7.1257      18.365
      3.1765      14.454      15.336      11.543]"
17,transformed_0.25,RandomSampler,0.0009158055452695355,"[     5.5087      15.644      10.469      9.9052      6.2247      9.9035      8.8476      2.6445      17.894      16.241      10.543      13.247      7.2835       8.887        9.39      16.816      13.107      10.568      10.375      11.058       2.168      13.675      2.2279      7.7392      14.763      14.145
      6.0817      6.5689      13.858      5.2959]"
17,transformed_0.25,RandomSampler,0.00888865610776831,"[     9.8539       4.952      10.667      12.453      3.3629      15.635      16.791      8.7106      15.139      11.619      3.7369      17.465      4.8354      11.601      11.404      9.6762      3.9285      12.122      12.273      9.7365      5.1857      4.6566      8.2456      4.1915       6.006      11.244
      7.4251      7.5015      15.352      16.548]"
17,transformed_0.25,RandomSampler,0.004323599366476336,"[     13.401      9.5271      9.4082      5.1214      4.7154     0.16544       16.09      7.3531      3.3668      8.9086      5.4857       12.44      10.268      10.717      10.499      14.783     0.29338      10.106      11.277      15.666      15.706      12.242      5.8108      10.589      12.799       14.87
      12.512      5.8099      10.135       5.355]"
17,transformed_0.25,RandomSampler,0.004112279174421331,"[     7.4775      15.669      9.9202      9.8348      10.724      9.9224      8.7792      10.294      13.226      14.621      16.507      4.2741      15.987      12.117      7.5149      15.587      9.3777      11.613      15.102      13.712      11.056      14.339      12.442      3.7186      10.755       15.66
      10.792      11.367      7.4315      13.383]"
17,transformed_0.25,RandomSampler,0.001207775906269233,"[     11.712      2.9588      15.273      10.455      13.485      9.6937      10.859      8.1795      8.8461      10.366      15.767      16.088      12.951      8.6107      9.4386      8.5412      19.503      16.292      11.919      11.404      14.045      11.742      8.3962      10.268      10.753      6.1191
      10.129      11.118      13.829      12.453]"
17,transformed_0.25,RandomSampler,0.01200704555206127,"[     11.349       7.167      6.9434      10.858       14.84      16.646      7.4863      11.615      17.291      9.7585       3.518      2.2013      12.512      12.788      13.169      10.655      3.9271      9.3333      4.9583      13.124      4.8414      13.544      15.874      7.2746      8.5539      12.443
       13.95      9.2264      11.478       14.77]"
17,transformed_0.25,RandomSampler,0.00045877189542220244,"[     3.5723      9.1704      2.8362      14.218      10.465      9.1039      12.892      13.293      8.6878       3.105      15.963      12.532      5.1323      12.808      10.137      7.9976      14.692      7.6338      13.376      8.2385      7.0851      9.1228      5.5174      13.933      5.1543      7.8963
      15.952      15.518      14.676      11.843]"
17,transformed_0.25,RandomSampler,0.0005130448602578337,"[     9.8801      11.275      15.591      2.0709       12.64      9.1172      16.395      15.633      12.635     0.14802      10.358      10.994       5.813      15.815      10.807      13.975      13.865      13.922      12.595      13.956      9.2037      17.216       12.21      5.8764      13.266      8.9301
      14.979        11.2       16.04      0.8902]"
17,transformed_0.25,RandomSampler,0.0002658321845149605,"[     10.863       12.51      13.832      10.367      12.106      8.2461      14.826       14.52      9.0664      13.504      15.406      8.1273      12.824      11.602      11.833      13.711      13.387      9.5274      11.529      1.3652      13.069      4.8697      17.164      9.5497      10.179      13.779
     0.87731      9.2714      16.199      15.932]"
17,transformed_0.25,RandomSampler,0.00039846695273581157,"[     6.7866       15.02      9.8183      14.522      19.767      13.907      15.478      16.221      9.8725      13.971      11.364      10.244      11.944      13.211      14.759      10.179      13.426      15.479      16.472       10.41      11.644      8.3801      8.6891      10.035      7.8087      11.632
      17.452      10.599      8.4036       18.84]"
17,transformed_0.25,RandomSampler,0.0020432164741258072,"[     16.836      9.3156      14.464      10.983      12.931      9.7694      9.4128      8.9355      9.1389       7.472      12.817      12.044      7.4337      12.223      8.2794      5.3826      7.2137       10.66      6.4088      5.9719      10.594      6.4744      13.725      9.6844      10.484      15.245
      18.713      3.9206       11.59      18.438]"
17,transformed_0.25,RandomSampler,0.0036880251922575356,"[     7.0323      12.377      9.7293      9.9361      10.687      3.4791      4.0613      11.511      10.659      16.722      12.136      17.301      7.2575      3.8441      13.654      6.5085      13.417      3.6429      8.6583      2.0682      6.0606      15.218      7.6584      13.168      17.623      16.393
      3.6895      14.458      1.4298      10.166]"
17,transformed_0.25,RandomSampler,0.0002946631202612201,"[     11.611      8.3567      13.205      16.176      12.759      11.525      7.2033      13.823      11.396      11.769      14.864      18.305      9.8591      8.1833      6.6913      5.5376     0.93428       14.53      15.648      14.988    0.097302      6.5926      9.5357      11.647      12.765      6.2425
       12.28     0.41381      7.2149      10.575]"
17,transformed_0.25,RandomSampler,0.0020662181714779827,"[      17.68      13.365      7.3708      9.5216      8.5021       5.221      7.1442      10.248      12.448      15.002      13.703      11.934       13.84      7.2095       13.44     0.83895       9.125      16.994      9.4019      14.683       12.59      7.9226      10.059      5.4314      8.3908      1.9115
      7.4989      11.652      7.0815      3.9301]"
17,transformed_0.25,RandomSampler,0.007833763075700885,"[     10.298      13.581      17.636      6.7484      12.086      9.3237      4.6124      8.2956      14.118      12.045      14.994      12.957      20.503      10.377      14.797      16.134      12.277      10.111      13.084      8.7137      15.457      11.698       7.282      8.5954      14.771      0.0143
       14.85      14.227       3.323      15.751]"
17,transformed_0.25,RandomSampler,0.03328761259675472,"[     0.4519      8.9533      17.456      13.909       15.79     0.74754      11.137      13.955      12.309      5.4815      16.765      7.0001      11.877      11.162      8.5777      11.082      14.938      11.065      12.183      11.831      16.732      12.141      10.888       12.86      10.456      12.364
      11.226      13.788      14.853      13.197]"
17,transformed_0.25,RandomSampler,0.005918661530836197,"[     11.219      9.3112      12.908      3.8656      11.315      12.058      5.1112      12.745      10.776      14.099      9.9261      14.937      3.6877      15.423      6.2919      12.837      7.1569      7.3235      12.771      8.3257      6.8655      12.001      16.987      14.998      7.8389      9.4866
      7.8013      2.1807      14.466      8.0708]"
17,transformed_0.25,RandomSampler,0.0019590320684716557,"[      7.347      11.395      9.3023      7.2175      9.5999      14.938      14.918       11.66      9.4178      9.5124      9.8906      9.6612      14.452      8.6063      12.489      2.9513      9.1064      5.9299       5.939       11.29      10.131      10.559      5.2937     0.45459      12.962      14.718
      9.2288      10.339      10.603      8.7882]"
17,transformed_0.25,RandomSampler,0.0028700200633990443,"[     18.109      17.123      13.272      15.809      14.857      10.304      13.938      13.455      8.3595      6.1893      16.183      16.802      6.7211      15.815      2.9128      8.1914      10.507      11.342      14.007      11.559      11.326      13.594      6.8013      9.5961      7.9967      2.7514
      10.571      12.213      14.664       5.869]"
17,transformed_0.25,RandomSampler,0.0018517535053114037,"[     8.9915      5.0851      9.5691       13.68      14.819      15.517      15.506      14.536      10.188      9.8243      14.781      14.742      13.877      5.6894      8.5319       14.75      8.2807      9.6602      14.607      10.181      12.219      12.046      14.581       7.488      15.702      10.039
      11.343      9.9592      5.7444      15.944]"
17,transformed_0.25,RandomSampler,1.4076710105320962e-05,"[     14.176      8.9451      14.428       13.65      13.286      8.6251      8.3372      10.943       14.71      7.4687      13.223      9.0165      18.919      5.8678      13.262      10.615      14.001      4.1801      13.373      15.199      11.914      13.694      17.919       10.45       15.15      16.835
       9.269      11.391       11.37      13.861]"
17,transformed_0.25,RandomSampler,0.0028004234379852932,"[     10.605      12.401      8.2879      11.159      3.6934      11.472      10.644      19.994      8.2655      10.316      10.515      17.041      18.376      14.816      12.899      12.092      12.977      6.5853      10.795      7.2943      4.7038      12.578      4.0726      3.9647      13.249      14.524
      13.533      4.7579      12.804      10.658]"
17,transformed_0.25,RandomSampler,0.0011459317889865278,"[     3.0027      6.4669      15.683      4.0585      10.252      5.5565      15.075      7.6654      4.0594      13.383      8.7267      14.483      12.551      2.9272      4.0513      2.7853      8.0917       11.76      3.9063      12.249      13.826      14.606      11.522      11.389      10.012      12.038
      9.8161      15.898      5.4283      8.2726]"
17,transformed_0.25,RandomSampler,0.0021970773130495797,"[     7.6164       14.73      13.178      5.6631       15.59      8.8084      5.1542       7.867      11.057      12.579      12.069      13.535      14.052      18.546      10.445      11.563      4.6018       17.57      8.2023      11.559      2.8162      13.262      10.737      6.2509       8.283      12.147
      8.7364      13.695      17.775      12.539]"
17,transformed_0.25,RandomSampler,0.0016627205204007892,"[      12.11      13.275      9.3978      11.024      11.226       9.812      8.5402      9.5824      5.4791      15.826      13.896      10.041      12.906      10.509       9.711      10.311      15.401      5.9602      5.0428      8.2415      7.2195       6.142      7.4931      11.069      10.975      5.4614
      6.9361      9.5803      9.2543      9.3977]"
17,transformed_0.25,RandomSampler,0.0008836648710082942,"[     2.0816      12.337      9.8892      6.8228      17.487      10.595      9.4415      6.5281      14.114      11.715      11.735      11.124      9.8809      8.3816      6.8945      9.5359      17.127      8.9041      12.156      11.934      11.472      13.624      11.178      10.447      6.8387      16.259
      10.488      7.9781      12.667      14.869]"
18,transformed_0.30000000000000004,ClassOrderSampler,0.014072069295837542,"[     5.8789      8.5266      6.6777      5.8796      8.1686      10.455      8.1258      9.9317      5.5335      9.3718      5.4701      13.446      9.9269      6.9808      6.9547      7.5576      9.4641      8.3535      6.1265      8.4084      7.1918      10.009      11.958      9.9959      13.397       7.988
      8.8313       9.173      9.6278      8.0292]"
18,transformed_0.30000000000000004,ClassOrderSampler,0.006212864794021076,"[     7.3785      7.1811      10.849      7.1384      7.5298      6.3055      8.7922      8.7719      9.8687      8.7335      6.4935      9.1114      9.5917       10.16      9.4675       12.04      12.995      9.4976       9.161      11.186      7.2708      12.236      10.529      14.455      11.227      11.374
      10.316      10.253      10.213      12.805]"
18,transformed_0.30000000000000004,ClassOrderSampler,0.002172725227896856,"[     11.863      11.361      9.0261      8.3056      12.717      9.7657      10.993      5.5332      10.327      11.795      11.757      11.236      11.818      11.385      11.229      12.798      11.732      10.264      9.7271      13.473       12.53      9.8302      12.003      10.084      13.327      10.299
      13.141       12.22      10.063      12.258]"
18,transformed_0.30000000000000004,ClassOrderSampler,0.0006638413677593659,"[     9.7609      7.5018      9.6462      11.306      11.384      10.285      7.7643      9.0042      10.288      10.024      7.6539      8.0151      8.2838      10.108      8.9504      8.6168      9.2769      9.0334       9.513       8.747      10.031      10.584      9.9844       6.759      14.107       8.829
      7.7732      13.335      13.805      9.1194]"
18,transformed_0.30000000000000004,ClassOrderSampler,0.004851571104256847,"[     11.127      10.399      7.8255      7.6397      11.083      8.1455      10.954      6.7178      8.0694      8.5968      8.6076      13.549      7.7717      10.238      11.716      10.183      8.2071      10.522      8.7158      7.4794      8.5123      7.0953      12.252      9.2281      9.7984      7.8782
       11.74      9.4427      7.6608      9.0928]"
18,transformed_0.30000000000000004,ClassOrderSampler,0.0024210467947495453,"[     7.0587      10.945      13.868      14.055      12.268       16.01      13.057      13.772      13.782      12.711      15.053      12.577      16.108      11.491      15.083      16.392      11.964      14.865       11.48      11.566      14.946      12.666      15.551      10.829       15.12        14.9
      12.854      13.702      12.603       13.13]"
18,transformed_0.30000000000000004,ClassOrderSampler,1.2416320517012189e-05,"[     12.509      14.206      17.121      13.172      10.237      14.044      14.865      13.233      13.974      11.982      17.697      11.134      12.764      10.013      12.144        11.8      11.961      12.472       13.89      12.748      12.028      12.641      14.209      14.843      11.143      14.157
      12.006      13.308      10.385      14.162]"
18,transformed_0.30000000000000004,ClassOrderSampler,5.460792065197993e-05,"[     14.862      14.117      12.553      13.311      13.693      14.868      13.773      10.766      14.111       13.24      11.102      12.775      15.781      13.342      10.721       12.87       13.94      16.375       16.15      13.308       12.68      16.193      14.486      14.007      16.069      13.509
       12.58      12.403      14.564      11.772]"
18,transformed_0.30000000000000004,ClassOrderSampler,0.0005340738968511911,"[     12.607      13.233      14.545       11.59       14.91      11.516      12.512      11.899      11.396      10.623      13.269      15.367      15.724      18.133      13.284      16.489      15.541      18.022      13.749      15.352      15.468      21.149       17.39      16.548      19.313      18.231
      19.093       19.25      14.993      17.892]"
18,transformed_0.30000000000000004,ClassOrderSampler,0.0034959486655771433,"[     17.517      16.244      17.861      14.182      15.299      18.542      14.911      15.248       18.63      14.989       19.52      13.151      13.988      15.716      13.026      14.593      16.549      15.885      15.842      15.288      16.839      15.023      16.351          13      18.171      10.714
      9.7676      11.944      12.838      12.106]"
18,transformed_0.30000000000000004,ClassOrderSampler,0.0004897408149429279,"[     11.809      10.873      11.107      11.124      10.621      15.479      10.378      12.031      11.874      13.392      10.012      14.285      13.215      11.215      11.561      10.062      10.799      9.4949      11.155      9.8051      11.591      11.385      11.876      11.968      10.384      11.584
      10.429      9.4214      11.343      13.145]"
18,transformed_0.30000000000000004,ClassOrderSampler,0.0161847162067999,"[     12.621      11.126      11.931      11.466      9.6576       12.92      9.9611      9.5238      12.651      9.7887      11.622      13.809      12.439      15.382      10.316      11.645      12.814      11.446       10.59      11.375      12.405      10.098      11.525      11.247      7.9054      11.785
      7.6096      7.9334      5.5146       11.35]"
18,transformed_0.30000000000000004,ClassOrderSampler,0.039710538344962874,"[     8.7384      12.678      13.462      8.5737      10.508       9.089      9.3252      10.127      7.5091      7.8806      10.296      11.252      10.431      10.879      9.5259       7.442      9.0082      12.287      9.7782       10.92      6.6772      10.726      7.0053      5.9125      10.985       10.64
       11.66       9.513      11.715      11.482]"
18,transformed_0.30000000000000004,ClassOrderSampler,0.00019698598702680903,"[     10.671      10.054      9.5477      10.052      8.1991      10.788      12.516      11.319      11.567      9.9926      11.338      9.8855      9.4292      11.806      11.321      12.411      8.2581      15.139      9.1529      9.4037      10.526      10.328      9.7054      11.523      11.718      12.854
      11.409      12.133      12.643      13.931]"
18,transformed_0.30000000000000004,ClassOrderSampler,0.0004377819973137353,"[     12.306      10.487      11.824      12.076      11.198      7.3404      13.925      9.9246      10.655      10.487      11.038      10.902      13.445      10.525       9.972      6.9988      13.611      12.894      11.137      14.017      9.8846      11.725      11.805      9.4775      8.1848       8.715
      10.168      13.346      12.438      11.289]"
18,transformed_0.30000000000000004,ClassOrderSampler,0.0010774952727101476,"[     8.2004       10.68      10.765      9.5284      7.7848      10.017      9.3439      9.1072      8.6149      4.8013      10.397      8.8945      12.035      10.963      8.5442      6.8204      8.7056      13.203      7.1912      14.275      11.954      9.1737      10.856      12.677      8.7021      7.7976
      8.2782      14.358      9.9545      14.495]"
18,transformed_0.30000000000000004,ClassOrderSampler,0.0004350513075006593,"[     11.611      14.753      9.8386      6.7357      6.1533      9.9344      8.3746      5.4622      13.598      7.7325      4.8328      8.8927      7.9556      7.9216      8.2976      8.3194      9.6202       6.991      7.8613       5.331      7.8409      5.2701      6.7709      4.1825      6.3867       12.49
       5.133      5.8857      7.3013      4.5978]"
18,transformed_0.30000000000000004,ClassOrderSampler,5.753534367899503e-06,"[     4.3439      1.3376      5.6417       6.459      6.1436      9.7915      9.5904      7.4867      5.3336      6.4607      1.9562      6.6323      6.5295       9.153      7.7528      9.0957       7.603      8.8452      6.1954      9.7849      7.1016      3.6187      6.0551       10.52      4.8238      7.7133
      8.1742      3.5335      8.9088       5.219]"
18,transformed_0.30000000000000004,ClassOrderSampler,0.003113630697638492,"[     9.4925      3.2985      4.9149      3.0958      10.545      3.1245      8.1651      10.027      12.498      9.7882      13.827      9.4861      9.3728      12.103      11.353      11.709      10.027      9.9697      10.275      9.3911      10.181      14.477      12.295      12.637      11.951      8.3592
      10.651      10.518      10.309      10.699]"
18,transformed_0.30000000000000004,ClassOrderSampler,0.0009980166341707754,"[     11.217      9.5051      13.898      12.103      9.2945      14.532      10.427      11.603      11.848      9.8163      8.3762      7.9937      11.955      11.548      10.706      8.9151       10.67      11.702      12.264      10.527      10.098      11.498      8.7082       12.25      9.8713      7.2456
      11.407      14.005      13.315      14.805]"
18,transformed_0.30000000000000004,ClassOrderSampler,0.0061185615184205615,"[     17.753        18.4      16.553      14.618      15.213       13.73      14.738      15.529      16.844      16.426      14.684      15.807      14.546      17.699      14.897      14.524      15.929      13.761      15.286      17.352      15.041      15.912      16.489      15.001      15.008      17.691
      13.378      15.104      14.197      13.149]"
18,transformed_0.30000000000000004,ClassOrderSampler,0.00433498562384295,"[     16.233      14.461      15.021      17.504      16.901      14.594      14.445       16.64      15.899      14.947      14.544      16.475      16.156      16.443      14.285      16.559      12.577      16.575      13.011      13.247      12.633      16.942      13.102      15.143      13.177      15.534
      19.087      16.918      12.893       14.99]"
18,transformed_0.30000000000000004,ClassOrderSampler,1.159101138789041e-05,"[     14.513      14.006       13.35      14.224      15.704      14.995      15.192      13.937       13.75      14.347       13.65      14.304      16.503      14.556      14.739      14.426      13.411      13.944      18.211      13.429      16.843      13.141      13.877      16.355      13.921      17.175
      17.517      15.207      15.216        12.7]"
18,transformed_0.30000000000000004,ClassOrderSampler,0.07536890282928374,"[     15.264      14.436      13.447      16.008      15.301      12.821       17.01      15.255      15.513      14.412      14.792      14.549      16.023      13.165      16.076      16.605      12.668      13.502      14.767      17.884      13.561      15.496      15.627      15.207      10.949       14.73
       16.43      13.788      19.855      17.288]"
18,transformed_0.30000000000000004,ClassOrderSampler,0.05993373083516217,"[     16.306      18.181      17.745      14.699      14.789      15.981      15.041      13.237      14.626      15.549      14.797      15.825       15.83      17.285        14.3      12.809      16.078      15.225      13.369      16.704       17.58      12.776      11.549      15.888      14.487      15.601
      18.704      16.442      12.697      15.715]"
18,transformed_0.30000000000000004,ClassOrderSampler,0.03443626436100529,"[     15.068      14.691      15.291      14.321      12.709      17.419      14.317      19.665      20.341      18.795      16.539       15.91      17.778      17.362      16.531      18.291      17.174      18.161      18.641      18.094      17.689      15.546      18.724      16.501      15.388       16.63
        18.2       16.62      18.407       16.43]"
18,transformed_0.30000000000000004,ClassOrderSampler,0.002020450386619973,"[     16.387      17.373      17.993      19.058      14.028        17.5      16.715       17.38      18.012      15.519      16.546      16.349        16.8      19.578      16.485       13.79       18.85      19.327      11.815      8.3043      13.376      7.9427       8.736      8.7426      10.078      9.7663
      9.6553       6.315      12.228      10.639]"
18,transformed_0.30000000000000004,ClassOrderSampler,0.003038627852842767,"[     11.612      10.572      9.5058      7.4288      8.1268      4.3753      12.178      10.458       10.04      6.5581       11.95      9.6782      8.9751      10.381      6.2134      13.134      8.1545      6.2033      14.034      9.5723      7.7364      13.087      11.304      9.0675       7.223      9.1916
      6.5445      8.0342      12.341      12.705]"
18,transformed_0.30000000000000004,ClassOrderSampler,0.0009775695586730407,"[     6.5073      8.6628      10.055      8.4973      10.461      11.165      10.809      9.9406      11.879      14.226      10.462      13.483      11.635      15.661      12.564      14.138      14.278      12.948      14.366      14.793      12.179       13.17      11.349      13.166      12.359      10.656
      11.086       14.67      13.119      11.005]"
18,transformed_0.30000000000000004,ClassOrderSampler,0.0014001925878727734,"[     11.442      13.187       12.66      14.279      14.047       13.58      16.035      12.819      14.661      12.733      11.162      12.266      12.273      11.235      11.229       11.47      15.017      12.357      13.373      14.809      13.236      13.586      13.901      13.668      13.082      12.868
      14.298      11.137      13.183      12.546]"
18,transformed_0.30000000000000004,ClassOrderSampler,0.05550016730976658,"[     12.152      12.819      16.558      13.794      6.8248      5.5506       6.311      5.4097      8.1805      4.8163      7.6707      6.2259      5.3174      5.7398      8.1692      10.184      7.4202      6.4565      4.5159      6.0166      7.7105      8.0049      6.1479      4.9707      6.2993      7.2954
      7.3063      9.3246      5.8479      5.6297]"
18,transformed_0.30000000000000004,ClassOrderSampler,0.02580235803528648,"[     5.5858      9.9588      6.8534      7.2345      8.2582      6.9601      7.0834      5.1754      5.9278      5.5533      6.7643      5.1092      4.9904      6.7127      7.0504      7.2921      5.6831      7.3127      15.403      14.096      15.347      11.844      14.666      14.501      15.618      16.218
      16.498       16.43      17.512      15.056]"
18,transformed_0.30000000000000004,ClassOrderSampler,0.00011081802341602934,"[     15.124      14.306      18.051      16.945      17.538      17.257      15.616        18.8      15.881      16.194      16.231      18.141       13.39      17.318      15.576      13.013      16.087      16.446      16.498      13.851      16.215      14.817      14.822      15.252      16.783      17.335
      14.283      17.998       18.72      15.656]"
18,transformed_0.30000000000000004,ClassOrderSampler,0.0012507080301942435,"[     17.342      15.839      15.967      14.868      15.484      15.271      17.519      15.099       16.45      16.559       14.96      15.852      16.113      13.609      14.737       14.99      13.516      13.428      16.345      12.088      14.086      13.055      13.783      14.566      11.669      13.579
      15.893       12.96      14.434      14.823]"
18,transformed_0.30000000000000004,ClassOrderSampler,0.0025865663784459866,"[     13.466      13.882      16.387       14.69      9.6004      11.509      11.473      16.502      14.917      13.027      12.591      16.567      16.013      14.737      14.592      11.477      13.342      14.435      11.671       14.27      11.987      13.899      16.167      18.853      18.186      18.819
      17.596      12.591      16.763      15.674]"
18,transformed_0.30000000000000004,ClassOrderSampler,1.745312968549233e-05,"[     16.976      15.188      17.335      14.097      15.773      18.555      15.777      15.671      17.435      17.999      15.279      14.962      13.932       14.73      17.105      16.781      15.547      15.558      16.454      16.833      17.931      17.473      17.952      16.257      15.612      15.912
      16.217      18.042      16.005      16.895]"
18,transformed_0.30000000000000004,ClassOrderSampler,0.007087081656364503,"[     15.688      15.643      15.344      13.417      15.612      14.893      17.807        15.2       17.96      16.083      14.997      12.911      19.049      12.802      10.836      13.799      7.7126      10.174      10.783      6.1217      7.7113      11.508      7.0522      11.232      8.1661      11.947
      8.3048      8.6134      9.2978      9.2513]"
18,transformed_0.30000000000000004,ClassOrderSampler,0.0027473725633469343,"[     9.2014      10.248      8.3144       8.197       7.709      9.4068      9.5436      9.8411      7.9539      10.061      12.041       10.41      11.515      11.645      6.9555      8.2365      9.0492      8.2326      9.5875      10.787      9.7753      8.5232      7.8142      6.5508      11.636      9.5361
      11.451      10.306      10.877      4.2275]"
18,transformed_0.30000000000000004,ClassOrderSampler,0.032517732801844466,"[     3.4077     0.66275      0.7994    0.040602       2.176     0.23812     0.72309     0.75035      1.5703      1.5201      4.6206    0.093141      3.2727     0.35741      0.3998      5.9474    0.058729     0.57733    0.092307      4.2928     0.46807      0.4386      2.3338      2.5226    0.082844      1.1654
      3.4576      1.2816      1.8557     0.68878]"
18,transformed_0.30000000000000004,ClassOrderSampler,0.004392365633414208,"[    0.22696    0.070609    0.095552      1.9486      2.1353      1.8079      3.0974     0.39146     0.65801      2.4108      1.5242    0.046406     0.62158    0.047576      3.0472     0.57888     0.20907      4.1751     0.72101      2.3082      2.4295     0.37278      0.0954      2.8721      4.4759      9.5576
      9.8466      12.344      8.1727      9.7432]"
18,transformed_0.30000000000000004,ClassOrderSampler,8.081590699103275e-05,"[     11.179      12.228      14.841      10.557       9.688      9.8281      9.1294      10.811      14.178      14.702      7.6527      11.233      13.598      9.0777      10.175      16.191      12.274      11.662      11.918      10.053      11.212      13.354       12.21      10.379      11.999      11.542
      11.922      8.9612      12.813      14.402]"
18,transformed_0.30000000000000004,ClassOrderSampler,0.0025512580843349837,"[     5.2263      6.5824      8.4583      12.069      11.397      15.161      9.3516      11.856      8.3922      11.087      10.104      11.724      9.4555      9.8893      11.403      13.077      11.195      10.592       9.559       8.457      6.1373      8.7985      4.3024      10.223      10.356      8.8095
      6.8631       10.13       8.865      8.3924]"
18,transformed_0.30000000000000004,ClassOrderSampler,0.0005083028219738604,"[     7.9094      9.2472      5.9208      6.8812       11.22      7.7331      8.6067      8.3915      8.3052        8.07      8.3598       7.742      7.8586      10.248      6.6975      10.362      9.0909      6.9307      7.1538      10.897      9.8827      9.3654      9.9924      8.2188      8.7659      9.2008
      8.5332       12.39      10.245      12.408]"
18,transformed_0.30000000000000004,ClassOrderSampler,1.4843181893927409e-05,"[     9.7362      8.2268      9.6485      10.347      8.8553      7.7651      9.3595      9.8933      13.829      15.784      13.755      9.4101      11.726      13.873      9.8672      17.216      8.1243      11.077      15.155      7.1538       12.53      8.5851      12.794      9.0986      9.9359      12.678
      10.787      13.919      7.1961      9.7619]"
18,transformed_0.30000000000000004,ClassOrderSampler,0.0016345558528377089,"[     13.051      14.773      12.806      10.218       11.66      10.672      12.545      11.847      13.279      10.177      13.654      9.5485      8.1157      13.603      10.052      10.287      11.989      8.4893      16.668      8.6608      11.009      8.8634      12.542      14.673      9.7559      11.602
      13.966      14.117      14.197      12.607]"
18,transformed_0.30000000000000004,ClassOrderSampler,2.1510609827393826e-05,"[     15.435      12.645      13.384       13.07      14.163      12.419      12.996      13.518      14.247        14.6      13.643      14.288      16.499      14.565      13.198      14.417      13.821      14.284      12.512      13.086       13.67      13.458       16.01      14.802       14.15       13.99
      15.788      12.544      13.752      15.409]"
18,transformed_0.30000000000000004,ClassOrderSampler,0.00013528800249291005,"[     13.496       12.89       13.58      12.697        14.1      15.226      13.344      14.811      12.609      13.696      11.007      12.904      13.808      13.233      7.7353       14.09      7.3392      8.5423      9.7666      12.972      11.669      13.485      10.726      6.9589      13.831      9.8112
      7.8744      6.8311      10.791      2.0812]"
18,transformed_0.30000000000000004,ClassOrderSampler,0.00019060771717552995,"[     13.434      7.1678      7.2931      10.486      13.938      7.8064      8.0557       6.142      5.5281      8.9186      11.279      9.5375      8.9845      6.5456      7.1581      14.923      10.126      11.509      7.9355      11.887      8.4361      12.054      8.9994      8.6709      15.376      11.067
      9.4795      10.343      11.054      8.3965]"
18,transformed_0.30000000000000004,ClassOrderSampler,0.001491642693572658,"[     11.631      6.2299      10.698      12.998       5.367      4.5678      5.1911      7.7483      12.523      12.317      13.605      12.617       13.18       15.23      13.982      13.799      14.794       14.91      15.823      13.849      14.083       14.69      12.762      15.339      15.375      16.193
      13.131      16.312      14.662      13.647]"
18,transformed_0.30000000000000004,ClassOrderSampler,0.004927948251613229,"[     17.291      13.389      16.465      15.567      14.238      13.354      14.261      14.274       13.49      14.771       16.28      14.956      15.677      13.886      13.682      15.652      15.952      16.633      14.331      15.006      14.661      14.122      14.413      14.684      15.522       12.72
      14.903      14.282      13.186      11.469]"
18,transformed_0.30000000000000004,ClassOrderSampler,7.005438281821844e-06,"[     9.3955      9.6869      11.074      10.854      10.245      12.064      11.114       11.95      11.484      11.532      11.072      11.783      10.897      11.666      11.784      10.697       12.36      11.002      12.501      12.186      12.286      13.595      10.517      9.7896      10.327      12.106
      10.401      8.9624      11.479        11.4]"
18,transformed_0.30000000000000004,ClassOrderSampler,0.019616007354210596,"[     10.127      12.241      13.379      13.122      10.161      11.922      10.719      13.807      11.109      9.9067      11.702      9.7667       8.393      8.1117      12.981      7.8455      10.756      8.6182      7.6017      8.5876      10.755      7.1927      9.8621       8.483      9.7173      8.5946
      7.4341      8.0292      8.6762      7.7219]"
18,transformed_0.30000000000000004,ClassOrderSampler,0.0010158590042975263,"[     8.9943      9.2013      8.1764      11.408      10.236      8.9294      8.0174      7.4798      8.5894      8.3098      8.7474      8.1273      7.9697      9.1874      7.9851       9.591      9.1349      7.4679      9.3382      10.399      9.0847      7.2657      8.4773        11.7      7.2554       8.043
      12.114      8.0587      8.1669      8.7985]"
18,transformed_0.30000000000000004,ClassOrderSampler,0.0029332180350843695,"[     7.7388      10.543      8.7749      8.2492      7.3708      10.284      9.1314      6.9825      7.3124      2.9641      9.9404      7.8046      5.5348      8.4044      9.1398      5.8291      7.6314       6.163      6.8454      7.9287      5.7495      5.5495      3.6322      7.5097      4.8508      8.2074
      9.1954       11.15      9.3304      4.1811]"
18,transformed_0.30000000000000004,ClassOrderSampler,0.009779992998762995,"[      7.948      8.0684      5.2644      9.1783      6.6101      6.8898      6.9887      5.6309      9.7115      7.8543      4.5558      3.3933      4.3017      5.3094      4.6052      8.0945      8.5588      7.3837      7.9114       5.625      6.7232      10.431     0.80525     0.77713      1.3961      3.9326
      2.1039     0.89892     0.73743    0.067563]"
18,transformed_0.30000000000000004,ClassOrderSampler,0.0001063810959926609,"[    0.80549      2.2407      1.5545      2.4056      1.3025      4.0859      1.0225      4.8629      1.6541     0.90026      1.2903     0.42541      3.2134      5.1964     0.67132     0.12372     0.75173      2.1715      4.6348      1.8449      2.9972      3.2906     0.27769       2.522      1.0173      2.0719
      2.8199       1.529      3.5823      1.5514]"
18,transformed_0.30000000000000004,ClassOrderSampler,0.0018569919445193506,"[     2.8945     0.88677     0.18465      2.4202     0.67418     0.86187     0.63496     0.37568       1.582      2.7757     0.47632      1.0025      3.7498      3.9146     0.42215      5.2762      2.9244      13.571      12.597      10.514      11.993      10.228      15.015      14.092      12.386      11.594
       9.709      12.744      12.218      14.989]"
18,transformed_0.30000000000000004,ClassOrderSampler,0.0017351044174315612,"[     11.032      11.545      13.558      12.123      13.307      13.516      15.149        13.7      12.969      9.1224      12.624      14.857       12.12       12.64      10.552       12.66      13.444      11.704      10.556      12.457      11.489      11.675      12.734      11.354      11.485      14.352
      13.114      8.4488      11.424      13.882]"
18,transformed_0.30000000000000004,ClassOrderSampler,0.04465772900763028,"[     12.297       11.95      15.668      15.305      12.356      14.412      13.661      17.075      14.098      13.674      12.692      13.947      16.639      14.346      15.266      12.558      15.088      15.295      15.056       14.97      17.077      14.333      13.741      16.227      13.705      15.339
      16.943      12.945      14.474      15.076]"
18,transformed_0.30000000000000004,ClassOrderSampler,0.000494321041249215,"[      14.55      15.671      13.337      13.582      15.536      14.034      13.981      16.844      13.539      14.721      15.524      17.496      15.782      13.671      14.018      14.407      11.938      14.343      15.367      14.911       14.19      13.013      13.356       14.49      13.271       19.31
      15.459      12.648      13.744      15.482]"
18,transformed_0.30000000000000004,ClassOrderSampler,0.010829163340527297,"[     14.191      12.035      13.726      10.633      9.4942      12.442      14.482      12.427      11.778      10.332      15.178      13.625      11.865      8.8106      10.266      11.472      13.069      13.166      10.068       14.68      11.978      11.788      15.642      13.464       12.82      9.4283
       14.42      11.271      10.532      14.127]"
18,transformed_0.30000000000000004,ClassOrderSampler,0.00064787244983479,"[     13.228      11.591      11.771      15.945      12.977      13.062      15.061      9.9189      14.828      14.591      12.247       12.99      9.2367      11.637      13.075      9.1079      11.912      11.808      13.113      14.621      11.417      14.872      14.586      13.621      12.885      13.011
      13.126       15.25      12.562      11.094]"
18,transformed_0.30000000000000004,ClassOrderSampler,0.00011900523523100972,"[     13.637      15.202       15.33      13.264      14.594      13.909      14.061      11.246      15.891      12.581       13.01      12.713      12.594      13.246      12.855      13.067      14.388      12.132      14.372      13.859      14.991      14.539      12.729      12.087       14.77      15.473
       12.35      14.606      12.566      11.475]"
18,transformed_0.30000000000000004,ClassOrderSampler,0.007016086885942893,"[     14.905      13.482      15.035      15.093      12.935      10.413       15.58       14.85       13.82      17.162      15.072      15.461      16.143      15.983      15.857      13.467       15.17      12.712      14.884       13.44      15.856      14.285      17.762      14.283      14.666      16.725
      16.286      18.295       14.15      15.178]"
18,transformed_0.30000000000000004,ClassOrderSampler,0.0022465138615508557,"[     14.347      16.544      16.088      14.359      13.656      17.135      15.425      14.823      14.843      13.905      14.734      15.334      15.479      15.831       14.61      14.629       16.45      14.244      14.787      16.668      14.799      1.8149      8.1575      6.0725      5.8421      1.4356
      4.6013      4.2068      3.9476      7.6701]"
18,transformed_0.30000000000000004,ClassOrderSampler,9.341062918375249e-05,"[     5.8692      1.9423      7.0148      4.2693      2.6979      8.9625      6.1428       6.032      8.2539      2.7231       4.306      5.0919      2.1971      5.3742       5.401      8.7596      6.3323      3.9015      9.3811      3.9092      5.6845      9.2871      9.9683      3.9006      3.2019      7.2142
      7.1838       5.104      4.0866      6.0887]"
18,transformed_0.30000000000000004,ClassOrderSampler,0.006087405591905468,"[     4.8312      7.0611      3.9381      7.1239      4.1039      2.7184      7.2426      8.5941      13.266      11.029      10.823      7.1528      12.524      7.2992      14.005      11.465      6.6781      8.6632      10.496      6.0166      10.394      5.3177      6.0658      9.5104      9.9624      9.3317
      10.355      13.249      6.9873      13.195]"
18,transformed_0.30000000000000004,ClassOrderSampler,0.010725077400123344,"[     10.077      10.016        9.07      9.4512       15.25      7.4673      8.6554      10.917      10.439      11.755      12.514      7.5718      14.194      14.522       9.313      13.694      13.158       11.87       10.73      9.9461      18.751      14.668       14.95      14.468      13.313      10.998
      14.843      13.266       12.77       13.59]"
18,transformed_0.30000000000000004,ClassOrderSampler,0.006789722314781735,"[     14.137      13.277      12.197      11.553      13.349      11.691       15.01      14.239      14.494      14.099      12.927      12.533      12.489      13.244      14.112       12.26      15.616      14.181      15.251      12.596      11.322      12.504      15.872      10.567      13.339      14.069
      11.615      13.672      16.594      15.613]"
18,transformed_0.30000000000000004,ClassOrderSampler,0.045208177964015904,"[     12.488      14.853      15.054      11.793      9.1437      11.301      11.009      10.459      8.7222      11.042      8.0123      9.7519      10.899      8.5332      8.1526      8.1657       8.997      8.6223      9.7938      9.6069      10.415      10.332      9.3744      12.055      10.164      8.1243
      9.8303      9.0658      10.476      10.057]"
18,transformed_0.30000000000000004,ClassOrderSampler,8.600354136291651e-05,"[     10.421      8.4807      12.283       9.329      10.248      9.0838       10.36      11.276      9.9545      11.326      11.259      11.429      9.6584      10.129      10.757      10.671      10.767       11.24      9.5272      9.6126      9.9998      10.444      9.3166      9.8773      10.316      9.6503
      8.7628      10.271      10.956      9.6384]"
18,transformed_0.30000000000000004,ClassOrderSampler,0.017224310270850873,"[     10.168      18.022       17.77      13.484      15.039      13.395      13.627      12.859      15.618      12.984      14.018      14.284      15.712      15.383      14.607      12.493      15.314      13.229      15.864      12.725      13.921      15.165      18.784      16.437      14.943      12.963
        14.4      16.474      14.006      13.539]"
18,transformed_0.30000000000000004,ClassOrderSampler,0.004714331688497785,"[     14.125       13.75      16.388      16.847      12.886      18.962      14.116      12.746      16.899      16.129      17.905      15.946      13.392      15.524       13.87      15.245      13.854      16.516      14.969      13.744       16.99      11.727      14.444      16.645      14.898      13.771
      14.878      15.964      12.076      14.248]"
18,transformed_0.30000000000000004,ClassOrderSampler,6.300313458705987e-06,"[     15.717      14.204      11.446      17.732      17.739      13.307      14.746      13.855      14.248      15.805       16.47      13.165      14.791      16.942      16.672      14.503      15.959      13.355       15.67      14.786      14.565      15.286      16.093      13.571      14.979      16.637
       15.64      13.793      14.776      13.186]"
18,transformed_0.30000000000000004,ClassOrderSampler,0.0017499257740947972,"[     20.741      15.523      13.496      8.3978      14.567       17.63      16.005      14.378      14.494      11.561        14.7      8.7582       6.414      7.7891      5.0522      4.7956       7.101      6.1299      4.8559       7.752        5.64      8.3937      5.5595      5.3561      8.4017      5.9963
      7.5707      7.5759      5.6113      5.4259]"
18,transformed_0.30000000000000004,ClassOrderSampler,0.0026295399429147664,"[       7.86      8.3925      5.1119      5.2423      7.7122      8.2025      9.3184      6.1125      6.2147      7.4796      7.4345      9.6547      4.7669      12.279      6.8524       7.565      5.9706      7.4471        6.72      6.5611      6.3609      7.8185      10.049      6.4983      7.7499      7.7875
      8.4887      7.4233      7.6922      8.5972]"
18,transformed_0.30000000000000004,ClassOrderSampler,2.2406413642725827e-05,"[     7.2682      9.5503      14.136      13.468      12.357      12.004      9.7387      13.656       13.31      12.062      13.894      11.911      13.408       13.48       13.21      10.011      13.319      12.753      13.829      15.676      11.803      14.108      14.507      11.536      13.307      13.638
      14.936      10.399      13.945      14.998]"
18,transformed_0.30000000000000004,ClassOrderSampler,0.04393304857302085,"[     12.283      9.5979      13.302      11.807      12.371      13.465       11.33      15.047      13.956      10.073      14.152      11.495      14.152      16.595      12.324      14.115       13.47      13.282      17.986      13.513      10.135      9.5359      6.5387      4.8602      6.7067      6.5407
      3.3685      6.5498     0.49307      5.9883]"
18,transformed_0.30000000000000004,ClassOrderSampler,0.053764278618483013,"[     7.0242       5.561      6.8933      3.3021      5.2529      5.7023       6.024      5.6841      6.8968      5.4939        4.11      7.2585      4.0955      5.0992      6.6318      7.3337      4.8163      8.1852      5.3811      5.0924      7.8393      3.9313      7.8583      7.6076      4.7821      3.0514
      6.7493       5.343      4.7448      6.0615]"
18,transformed_0.30000000000000004,ClassOrderSampler,0.0010158590042975263,"[     5.9467      8.4149       7.322      6.8263      6.3335       5.553      4.0953      7.7146       5.944      5.9897      4.3919      6.0325      6.0062      4.3111      7.9537      6.7014      14.465      14.508      15.575      18.885      14.472      14.972       16.48      14.186      14.763      16.512
      17.031      14.659      14.551      17.563]"
18,transformed_0.30000000000000004,ClassOrderSampler,0.0010870341712920018,"[     13.331      18.041      15.932      16.055      12.776      14.166       13.95      14.613      16.852      14.524       14.12      14.371       14.58      15.912      13.717      13.784      16.306      14.975      14.383      15.233      15.876      15.043      14.188      17.192      14.288      13.882
      15.396       13.65      18.824      15.803]"
18,transformed_0.30000000000000004,ClassOrderSampler,6.842524309979098e-06,"[     13.651      16.185      16.009       16.14      14.454      15.593       17.66      10.794      10.604      12.334      10.582      10.122      9.1181      10.292      7.5079       13.12       11.52      11.596      10.779      9.1124      9.9175       8.931      10.462      10.873      10.045      10.874
      10.327      10.085      9.5084      12.956]"
18,transformed_0.30000000000000004,ClassOrderSampler,0.004123153658305769,"[     8.8572      9.3436      10.613      9.5331      9.7736      12.167      11.733      13.635      10.421      12.678      10.426      8.1286      10.475      11.028      10.607      9.5503      11.029      11.366      9.1979      11.326      10.231      9.5452      12.915      7.6525      12.739      13.303
      10.637      9.9211      12.807      14.518]"
18,transformed_0.30000000000000004,ClassOrderSampler,1.8462121981319136e-05,"[      12.06      12.415       10.36      10.897      11.154      10.446      12.659      10.649      11.236      13.114      12.813       10.43      12.382       12.66      11.476      13.314       13.29      10.073      11.714      11.176      9.4458      9.6348      11.177      12.866      13.809      12.093
      11.059      14.044      12.435      13.512]"
18,transformed_0.30000000000000004,ClassOrderSampler,0.006670613700489874,"[     14.119      13.417      11.494      11.032      11.949      11.818      13.338      10.912      10.675      12.248      9.7516      13.517      12.869      15.406      11.363      10.676       11.97      11.951      9.9604      12.468      12.793       12.85       10.22      6.9937      10.692      8.2733
      9.3071      10.146      10.085      6.3095]"
18,transformed_0.30000000000000004,ClassOrderSampler,0.013111110400755011,"[     9.0915      8.4303      8.0597      7.0684      9.4442      9.3943      8.1844      9.7018      8.6407      10.571      8.8959      6.6662      8.1255      9.7097      7.2294      9.7213      8.6391      7.4852      6.1215       10.02      10.214      7.3265      8.8455      7.6303      7.5094      9.1096
      9.9195      7.5293      7.7604      8.1479]"
18,transformed_0.30000000000000004,ClassOrderSampler,0.002154630085156635,"[     11.623      9.3461      8.2325      10.349      7.5273      5.2639      8.9826      8.9816      10.356      10.664      9.0792      7.0318      8.4855      9.0264      10.337      8.3494      7.9787       6.725      7.4623      12.321      10.977      11.401      10.773      10.658      12.761      10.631
      10.057      12.511      12.398      12.012]"
18,transformed_0.30000000000000004,ClassOrderSampler,0.001491642693572658,"[      8.508      11.853      9.5071      10.055       12.01       11.78      10.868      11.078      10.471      11.041      10.307      10.752      9.3594      12.108      9.4067      10.696      11.959       11.56      10.054      10.608      12.009      10.034       10.76       11.67      10.771       10.93
      11.433      12.098      12.418      9.1382]"
18,transformed_0.30000000000000004,ClassOrderSampler,0.06931077179769804,"[       10.1      12.033      12.555       10.83       11.98      10.594      11.004      11.039      9.6258      12.665      9.7092      9.5201      7.5884      11.337      9.6257      10.721      12.427      10.333      8.5372      9.3347      10.982       7.512       10.76       12.58      13.464      13.242
      11.037      12.361      8.5468      9.8162]"
18,transformed_0.30000000000000004,ClassOrderSampler,0.017908938265871758,"[     11.673       9.305      7.1758      8.8051      12.499      10.513      12.357      9.0882      9.5584      9.9237      9.0759      12.075      8.9715      10.097      10.375      10.924      7.8498      12.446      14.193      11.891      10.601      10.948      13.186      6.7642      10.977      11.099
      8.4629      9.3807      6.1992       8.566]"
18,transformed_0.30000000000000004,ClassOrderSampler,0.033714310172253535,"[     8.7708      9.1915      10.268      12.793      7.9981      11.359      8.6727      8.1408      9.3349      9.1945       7.295      9.4779      10.871       10.77       16.07      7.0595      14.898      10.386       8.549      8.3902       10.59      8.0354      12.896      10.268      13.435      10.898
      8.7474      10.526      9.2008      10.959]"
18,transformed_0.30000000000000004,ClassOrderSampler,0.005354086404717456,"[     10.862      10.238      8.6653      9.8508      10.182      11.405      11.663       6.416      10.328      15.243      7.3377      12.959      13.489      9.2336      10.331      8.6837      14.593      8.0294      10.376      12.133       9.762      13.207      10.116      11.974      12.652      12.899
      11.824      12.497      13.029      11.188]"
18,transformed_0.30000000000000004,ClassOrderSampler,0.0005162279816331628,"[     10.952       11.65      9.7306      12.008      11.105      11.704      13.195      9.8683      10.839      13.742      12.318      10.751      12.187      10.331      12.195       12.97       12.85      12.439      12.964      13.336       14.36       12.91      9.1145      15.425      12.442       14.76
      12.578      12.008       13.35      13.358]"
18,transformed_0.30000000000000004,ClassOrderSampler,0.0009130872767985399,"[     15.862      14.343       10.86      12.513      12.191      10.843      13.713      9.3427      12.665      11.172      11.007       14.29      10.187      12.981      10.183      11.631      13.142      13.593      13.453      15.778      13.208      13.651      12.846      12.368      14.002      14.971
      13.222      13.277      12.839      12.647]"
18,transformed_0.30000000000000004,ClassOrderSampler,0.026838654918723462,"[     13.917      9.7108      13.532      12.507      11.092      14.572      12.392      15.655      13.972      14.451      13.997      13.682      14.285      12.238      15.445      11.432      14.479      12.714      13.323      13.914      13.507      14.876      14.026      12.494      13.647      13.752
      13.458      15.316      12.344       13.54]"
18,transformed_0.30000000000000004,ClassOrderSampler,0.0007982025289043452,"[       13.5      12.728      13.868      13.792      2.4215      4.7954      6.1902      2.8543      6.6797      3.1116      7.9197        3.36      3.3615      5.7674      2.6749      5.3086      3.9685      2.9954      5.4323      2.6051       4.241      3.8938      5.1269      3.7621      4.2342      3.5315
      2.7777      9.7591      4.8412      5.0819]"
18,transformed_0.30000000000000004,ClassOrderSampler,0.06984423402670274,"[     4.0186       4.579      6.1949      5.5506      4.8153      6.6903      4.3205      3.8436      1.7324      4.9645      4.7844      5.4765      2.8484        4.71         2.6      4.1533      3.5937      2.6972      3.2576      2.9121      5.5979      4.2174      3.4074      8.0911       7.282      7.9832
      4.4262      18.321      18.306      17.666]"
18,transformed_0.30000000000000004,ClassOrderSampler,0.002089469062704087,"[     17.622       17.76      18.042      19.821      18.826      17.126      15.387       17.54      15.558      18.043       16.02      13.768      16.326      17.268      17.939      17.049      21.759      16.186      17.586      18.796      16.378      17.427      19.273      15.088      16.454      19.488
      15.752      21.025      16.255      19.419]"
18,transformed_0.30000000000000004,ClassOrderSampler,0.003747500767521822,"[     16.751      17.264      14.946      19.491       18.23      19.038      18.295      17.926      18.035      16.751      18.867      17.136      18.637      7.3279      7.3898      6.6838       6.256      7.0592      5.5922      5.5916      7.0676      6.4608      8.0416      4.8108      6.6348      6.2306
      5.3229      8.4616      4.6934      7.9131]"
18,transformed_0.30000000000000004,ClassOrderSampler,0.005964254124388753,"[     7.1488      5.6258      7.1898      7.3496      7.1555       6.943      3.8377       5.447      6.1647       11.58       6.084        4.86      4.6069      6.1557      3.9174       5.605      6.2273      5.2818      6.6146      5.4909      5.5179      5.9977      6.3713      4.0037      5.3908      4.8382
      5.3368       7.876      7.3022      6.0191]"
18,transformed_0.30000000000000004,ClassOrderSampler,0.000783943319886556,"[     7.0715      6.3163      6.1067      5.4538      5.1478      5.6961      5.3812      7.5567      5.0165      4.5323      1.9982      3.8818      5.2937      4.2346      4.3315      10.405      9.1142      6.2972        3.46      5.1913      4.4773      3.9655      4.4134       7.437      6.5317      5.2027
      4.9671      7.3848      2.7451      4.8722]"
18,transformed_0.30000000000000004,ClassOrderSampler,0.0005291506399020979,"[     6.1694      6.0821      3.9393      2.8171      3.4007      4.7662      5.9317       3.365      4.3647      2.9504      5.3239      3.7969      4.3197      4.4979      3.8838      5.5909      3.5734      7.7938       3.035      3.2374       4.578      6.2841      4.5908      8.8568      3.2993      7.4191
      6.3371      3.1648      8.8061      0.4531]"
18,transformed_0.30000000000000004,ClassOrderSampler,8.780150468448529e-05,"[     7.2869      5.0376      5.2758      8.0792      4.3775      5.1944      6.9193      6.4081      4.8795      4.6617      6.5888      6.3361      4.4876      5.6657       8.077      6.6387      8.1794      8.4369      6.4338      7.7781      3.1752      10.267      7.4093      8.4042      8.2458      5.2856
     0.69397      6.7552      5.3339      3.1212]"
18,transformed_0.30000000000000004,ClassOrderSampler,0.0012148317925211383,"[      7.323      5.3291      5.2284      6.7823      4.7739      6.0141      2.9563      4.5282      2.7551      5.2225      7.5502      7.8374      10.772      6.7744       10.51      11.028      4.4939      2.2101      2.8334      9.5373      7.8522      7.5236      7.5243      5.3013      3.8391      7.3306
      10.284      5.4841       7.674      4.5116]"
18,transformed_0.30000000000000004,ClassOrderSampler,0.031967468747000904,"[     6.6517      9.3145      9.7761      10.426       9.387      11.125      6.1445      7.2961      9.2711      6.0737      6.2852      6.3247      8.5037      11.132      13.304      7.1017      9.7972      9.4742      7.1362      9.4213      6.6879      10.029      4.4436       8.902      2.1796      5.9569
      12.762      11.396      10.587      12.284]"
18,transformed_0.30000000000000004,ClassOrderSampler,7.40005881048671e-06,"[     13.165      12.873      12.746      11.582      12.688      12.877      13.406      10.707      12.515      8.8796      9.6796      13.132      11.927      9.8817      10.876      8.2014      9.3238      8.5442      11.026      6.9448      10.253      16.297       13.08      10.276      12.365      10.418
      9.2256      10.053      11.092      9.0448]"
18,transformed_0.30000000000000004,ClassOrderSampler,0.014439889180316995,"[     10.241      10.532       12.84      9.4891      12.863      9.7091      11.681      10.689      10.316      10.887      11.155       8.597      8.3105      17.982      16.213      16.776      16.672      17.897      17.717      15.579      17.568      16.952      15.404      15.282      15.045      15.852
      18.299      14.389      17.736      14.571]"
18,transformed_0.30000000000000004,ClassOrderSampler,9.373172884722764e-05,"[      16.46      13.609      12.437      17.532      13.398       14.14      14.127      15.825      14.085      16.348       16.58      14.166      17.579      14.772      16.862      14.691      14.371      17.523      14.129      15.345      15.778      14.293      13.079      15.614      14.616       18.09
      15.631      17.105      14.398       16.36]"
18,transformed_0.30000000000000004,ClassOrderSampler,0.0019535380402575177,"[      15.83      16.051      16.312      12.585      16.483      13.946      14.094      13.236      12.297      12.797      15.862      15.339      10.535      15.286      11.662      15.124      16.172      13.933       13.88      11.556      14.386      15.422      13.636      15.112      16.303      11.671
      17.161      14.049      13.217      15.877]"
18,transformed_0.30000000000000004,ClassOrderSampler,8.366007404883856e-05,"[     12.233      11.007      15.783      15.139       15.18      15.062      15.417      15.012      15.497      12.338      13.026       14.83       11.34      15.007      15.014      14.994       13.02      13.898      15.062      14.714      12.819      15.438       13.35      14.002      14.761      12.571
      15.634      11.973       13.66      12.534]"
18,transformed_0.30000000000000004,ClassOrderSampler,0.0024010562532462204,"[     12.475      11.063      13.922      12.367      14.191       13.12      8.6591      11.893       11.62       13.64      13.105      12.709      10.869       12.73      10.946      11.554      12.874      11.934      15.113      13.258      11.997      12.507      12.201       11.17      14.788      11.948
      10.739      12.228      15.467      13.437]"
18,transformed_0.30000000000000004,ClassOrderSampler,0.00167697029466988,"[     11.427       13.55       9.481      11.774      12.642      10.029      11.627      12.532      10.368      13.109      13.122      14.683      14.511      12.975      13.699       13.97      5.4286      4.3285      2.9371      4.5747      2.4016      4.7421      5.6535      5.4398      1.7615      2.8626
      4.8863      2.9275      5.3217      5.8404]"
18,transformed_0.30000000000000004,ClassOrderSampler,5.460792065197993e-05,"[     4.9345      3.4112      2.2455      5.0033      11.812       5.268      5.7221      3.7973      6.1511     0.73318      6.0461       2.813      3.5285      3.2107      6.8117      2.8739      2.2374      5.0231      4.8289       5.031      5.6664      3.9894      4.6902      4.6486        4.56      4.8704
      3.1091      4.8405      4.3214      6.7689]"
18,transformed_0.30000000000000004,ClassOrderSampler,4.522902730768316e-05,"[      6.367      3.6971      7.3157      8.6895      6.4485      4.3017      6.9604      4.4294      5.0089      6.4074      4.2173      7.4328      10.359      10.672      9.4907      9.5125      10.716      9.0705      9.0796      8.9431      10.457      10.262      10.127       9.586      10.801      10.495
      8.1863      7.8947      9.3975      9.7648]"
18,transformed_0.30000000000000004,ClassOrderSampler,2.421596725260515e-05,"[     7.9101      8.5967      10.318      10.782      9.5357      10.614      9.1587      7.3313      9.1202      10.157      9.6575      8.5237      8.4567      8.9932      9.6748      8.8865       8.831      10.733       11.48      8.7863      8.4822      11.554      8.1111      9.1462        8.33      10.856
      11.378      9.1688      13.062      10.747]"
18,transformed_0.30000000000000004,ClassOrderSampler,0.0002451720729455886,"[     13.947      8.5216      11.194      14.639      12.238       11.19      13.522      11.904       12.34      12.294      12.624      13.497      12.384      10.607       13.39      11.627      15.559      9.5315      10.846      13.264      13.097      11.789      11.715      11.969      11.376      13.362
      12.716       11.77      13.141      12.216]"
18,transformed_0.30000000000000004,ClassOrderSampler,0.016109928086747577,"[     11.814      15.055      11.714       12.59      12.821      11.435      13.542      11.215       11.63      13.256      12.674       11.21      12.551      13.628      10.087      13.155       9.995      12.212      10.468        11.4      8.2463      15.855      7.6188      9.3167      11.275      11.117
      12.834      7.7637      8.2326      8.6668]"
18,transformed_0.30000000000000004,ClassOrderSampler,0.0036782044510274745,"[     11.934      8.8954      14.223      10.808      10.575      7.7055      13.179      13.514      11.024      10.476       10.84      12.099      10.844       10.86      10.501      14.054       10.06      7.2321      12.469      9.6797       12.28      12.362      12.886      10.665      10.208      7.5868
      13.661      8.7665      11.558      11.519]"
18,transformed_0.30000000000000004,ClassOrderSampler,0.00017434348243696487,"[       14.2      10.915      12.881      10.501      12.417      11.408      11.887      11.318      6.8495      10.848       10.79      10.421      13.332      9.4092      8.6175      10.805      10.849      10.963      9.4822      10.729      9.9308        8.56      9.5377      12.403      11.805       12.53
      12.696      11.278      12.282       9.076]"
18,transformed_0.30000000000000004,ClassOrderSampler,0.0001686580268815839,"[     9.9133      9.6643      8.7559      9.0386      9.5251      8.8981      9.0567      9.5079      7.1417      9.9609      11.797      8.7535      12.975      10.305      9.3712      9.6707      8.5638       8.502      9.6107      13.296      13.123      9.0024      10.827       10.09      9.7311      10.181
      10.916      8.8551      10.978      7.8514]"
18,transformed_0.30000000000000004,ClassOrderSampler,0.0012183790297126214,"[      9.962      7.9211      10.526      8.9806      7.9285      7.0956      8.1958       10.13      8.5527      6.7536      5.8409      12.482      8.1489      11.058      7.8785      7.5668      10.953      10.826      9.9472       8.576      8.5401      8.6954      7.9472      8.5572       7.229      7.7109
      7.6926      7.6733      7.9397      7.6213]"
18,transformed_0.30000000000000004,ClassOrderSampler,0.0011161228156358401,"[     7.6987      7.8892      10.222      9.4366      8.4338      8.7921      8.9675      8.9356      8.8453      7.7826      9.3172      10.177      12.327      8.4203      9.0945      9.8004      8.6168      7.7565      7.1998      7.6998      6.1143      9.0458      10.407      7.5516      7.8269      7.6192
      7.2054      7.3949      7.3456      5.6016]"
18,transformed_0.30000000000000004,ClassOrderSampler,0.0028080743033882215,"[     10.053      6.0911      10.222      11.237      9.2314      7.3677       8.872      7.4524      8.7687       8.322      10.495      6.1876      7.3539      10.168      11.211      9.0032          12      9.6577      8.1638      9.5093      11.677      8.9361      8.8753       8.935      8.6316      7.7809
      6.5814       8.548       5.546      9.4048]"
18,transformed_0.30000000000000004,ClassOrderSampler,4.265046968950747e-07,"[     6.1003      12.125      14.332      14.773      13.974      17.504      11.939      11.071      16.684      14.418      14.839      13.905      15.263       12.53      13.521      12.324      11.883      14.414      14.897      16.233      13.465      16.309      12.853      16.077      12.873      13.833
      14.262      14.172      11.339      13.664]"
18,transformed_0.30000000000000004,ClassOrderSampler,0.00020692959606884623,"[       12.7      13.865      11.745      10.305      8.1728      10.598      14.085      10.444      11.033      10.414      12.641      14.232      16.139      13.562      16.987       13.77      13.642       10.14      11.913       9.635      8.7702      11.293      10.139      10.503      9.3172      12.341
      11.799      11.551       8.542      9.7119]"
18,transformed_0.30000000000000004,ClassOrderSampler,0.00047181326497990593,"[     8.9351      11.238       11.34      11.332      10.427      10.192      9.6498       10.32      9.7429      12.768      9.4564      9.3962      11.819       12.26      10.188       8.049       9.484      12.224      10.922      13.377      10.582      9.0763      8.7412      10.009       8.848      9.4989
      7.0144      10.697      8.4884      12.383]"
18,transformed_0.30000000000000004,ClassOrderSampler,0.002154630085156635,"[     10.369      10.184      11.918      10.555      8.8751      10.934       8.537      9.8491      9.7604       11.03      10.485      10.335      8.7262      10.119      9.7838      7.8174      8.0609      8.5705      8.9527      9.1603        11.6      9.6671      9.3223      8.9287      8.4169      8.7783
      11.635      14.072      10.283      10.916]"
18,transformed_0.30000000000000004,ClassOrderSampler,0.008544692957718326,"[     11.432      9.3303      11.598      11.064      11.316      9.3258      11.416      9.3581      9.9898      7.5836      10.065      8.9857      9.1598       9.849      10.081      8.2971      11.381      8.7968       10.63        8.88      9.4205      10.266      9.4682      11.056      9.8008      11.752
      8.4606      10.234      8.2465      11.452]"
18,transformed_0.30000000000000004,ClassOrderSampler,0.00660341190906468,"[     13.301      12.553      14.026      14.252      15.603      13.034      14.358      13.414      10.988      10.484      14.894      12.754      13.292      12.292      11.143      16.128      13.507      12.661      13.837      16.392      14.651      13.422      13.079      11.163      16.105      11.683
      11.201        13.8      14.017       12.01]"
18,transformed_0.30000000000000004,ClassOrderSampler,0.0024010562532462204,"[     12.236      14.314      12.627      13.443      11.756      13.966       11.28      13.258      13.463      11.306      17.493      14.105      14.602      11.235      14.701      11.619      12.027      15.952      3.8157      5.5279      3.0188      7.3809      7.1733      3.0786       3.633      1.0649
      6.2227      5.3412       3.803      3.8916]"
18,transformed_0.30000000000000004,ClassOrderSampler,0.0026878631852702757,"[     5.0936      7.6636      3.5334        4.62      4.9901       4.459      4.7951      3.9919      6.2502      5.1013      3.6736      6.0249      4.8006      7.0887      1.7511      6.1354      4.6188      5.1346       4.264      5.2034      6.1446      7.8864      6.2778      3.3037      5.7645      4.8115
      5.5926      4.3835      5.1517      4.9524]"
18,transformed_0.30000000000000004,ClassOrderSampler,0.006292436750188362,"[     4.8664      9.7121      5.5035      5.8554      6.8736      9.2508      2.5631      7.5265      3.2853       6.732      4.3854       4.066      7.1317      7.4131      11.628       9.614      9.5572      10.403      11.716      11.396      12.418      8.8223      11.384      12.588       10.92      12.418
      11.565      12.756      12.013      10.604]"
18,transformed_0.30000000000000004,ClassOrderSampler,0.0011161228156358401,"[      14.32      10.046      10.318      9.7974      10.155      14.118      9.2365      12.792      12.704      9.6107      12.881      11.665      9.2425      10.202      9.8217      8.9241      9.7317      10.887      6.8517      12.502       7.303      10.645      13.434      10.173      13.031      12.776
      11.105      10.041      11.095      11.688]"
18,transformed_0.30000000000000004,ClassOrderSampler,0.00010387086044202138,"[      12.94       10.37      11.028      12.361      11.541      9.6066       10.07      9.6517      12.919      13.358      13.362      14.871      14.715      15.247      11.399      14.741       11.54      15.559      12.072      10.717       11.28        14.2      12.586      14.569      12.203      12.319
       11.38      14.015      13.667      13.142]"
18,transformed_0.30000000000000004,ClassOrderSampler,0.00019893806649104781,"[     12.975      12.505      13.212      14.148      12.163      11.702      12.061      12.002        14.9      12.756      12.653      12.577       13.06      14.684      12.348      14.199      16.017      12.229      14.098      14.897       11.04      14.148      16.803      16.679      11.741      14.075
      15.001      13.927      13.503      11.933]"
18,transformed_0.30000000000000004,ClassOrderSampler,0.0019645397814643524,"[      14.81      13.341      13.072      14.121      13.823      15.403      13.801      12.533       18.55      14.693      13.631      12.622      13.519      15.997      15.688      14.453      15.285      14.236      12.708      13.005       16.35      12.271      13.167      13.282      17.374      12.681
      14.513      15.908      19.033      18.897]"
18,transformed_0.30000000000000004,ClassOrderSampler,8.600354136291651e-05,"[     13.736      13.821      15.924      18.917      16.049      12.886      17.722      13.034      14.441      12.797      15.385       14.72      13.976      15.202      13.505      11.163       11.94      13.526      13.195      15.165      16.041      15.469      14.858      13.394      6.2646      5.1965
       1.532       6.174      3.8827      3.6564]"
18,transformed_0.30000000000000004,ClassOrderSampler,0.0830963176128783,"[     4.2226      4.2223      3.8605      5.8675      5.1333      5.6018      5.3251      4.7668      3.1657      5.6972      3.4193     0.37099      1.2692      3.6541      1.2898      2.6125      5.0182      5.9622     0.20398      2.3604      2.0482      3.1477      5.8616      4.1578      3.5169      5.8486
      2.2214      7.8246      2.7657      6.8353]"
18,transformed_0.30000000000000004,ClassOrderSampler,0.05280830659285274,"[     5.1265      1.2167      3.7896      8.3292      3.0343      8.8762      11.231      6.7623       10.67       12.22       10.07      14.346      16.529      14.568      15.295      12.141      12.461      15.007      9.1517      11.439      11.182      14.533      14.553      12.914      11.683      11.274
      11.837      10.377      14.917          14]"
18,transformed_0.30000000000000004,ClassOrderSampler,0.0057247364304909495,"[     13.678      11.909      10.823      14.285      12.238      12.643      11.148      10.746      11.443      10.117      12.288      11.566      13.429      13.403      10.017      13.109      11.196      14.165      11.797      6.4889      6.2797      11.177      7.4432      11.022      5.0108       11.24
      10.535      6.4312      8.2933      7.0886]"
18,transformed_0.30000000000000004,ClassOrderSampler,0.0006322625339440762,"[     10.262      5.9464      9.4611      9.7799      7.3704      4.0366      11.532       4.327      4.4618      6.7244       6.075      3.4281      10.525       6.605      10.239      7.1082      6.2112      3.3025      6.7711      4.4158      6.5322      12.171      4.7354      5.9144       9.433      11.598
      12.783      7.0128      3.2563      4.3707]"
18,transformed_0.30000000000000004,ClassOrderSampler,0.0012470736336898803,"[     8.5669      8.2945       7.206      6.7617      10.444      9.0518       9.369      8.5667       6.437      8.6264      4.9294      7.4528       8.606       8.964      8.7171      17.198      16.139      15.875      12.213      14.447      15.534      14.828      13.107      12.576      14.483      12.983
      13.714      13.105      14.649      14.032]"
18,transformed_0.30000000000000004,ClassOrderSampler,2.274092861090085e-05,"[     13.974      15.057      14.226      12.127      13.743      15.525      14.339      11.546      13.697      14.325      12.902      15.574      15.648      13.031      12.691      14.574      16.498      13.726      14.834      12.656      14.396      12.096      13.565      12.311      12.841      12.457
      14.473      12.407      13.953      9.4379]"
18,transformed_0.30000000000000004,ClassOrderSampler,1.3246936956299828e-05,"[     14.147      12.867      14.361      14.824      15.458      11.011      11.494      11.073      12.176      12.706      14.927      15.178      16.313      18.995      15.405      13.329      14.162      15.234      16.859       16.42      16.401      15.826      16.317      17.569      15.003      13.369
      18.415      19.675      15.021      18.804]"
18,transformed_0.30000000000000004,ClassOrderSampler,0.0011492876293481029,"[     16.454      13.143       17.22      13.028      16.448      16.875      15.739      13.077      18.095      14.569      14.215      14.137      14.663      15.338      15.285      16.627      17.744      16.124      14.728      16.707      14.525      18.522      15.437      14.824       10.39      17.334
      12.846      13.424      13.518      17.602]"
18,transformed_0.30000000000000004,ClassOrderSampler,0.0008916002837383451,"[       14.6      16.058      18.257      16.712      12.242      16.085      15.143      12.869      15.004      13.633      15.876      13.929      14.365      12.856      11.276      16.824      12.802      11.837      12.348      15.356      12.435      12.141      13.644      12.272       12.48      11.776
      12.021      12.487      12.488      12.059]"
18,transformed_0.30000000000000004,ClassOrderSampler,0.00034894654687012876,"[     13.768      13.393      11.762      13.856      13.171      11.643      12.525      13.751      13.013      14.088        14.8      15.305      13.386      14.787      11.682      13.988      13.603      12.406      12.027      12.923      12.931      14.505       13.05      13.287       14.91      11.713
      13.551      13.251      13.087      13.088]"
18,transformed_0.30000000000000004,ClassOrderSampler,0.0024614877722193918,"[     13.689       14.31      12.388      13.638      13.382      11.133      8.6584      9.1789      12.756      12.766      11.322      10.151       9.198      11.759       10.34      10.628      16.169      8.6863      11.453      9.1772      11.865      12.975      12.707      11.646      11.651      10.503
      12.148      12.599      9.5621      8.8597]"
18,transformed_0.30000000000000004,ClassOrderSampler,0.001033997014069149,"[     12.089      8.7563      11.099      11.261      11.246      12.692      11.897      13.456      10.945      10.133      11.927      12.453      12.527       11.48      11.276      9.0833       9.287      13.378      11.117      10.266      10.821      10.369      11.415      10.789      10.354      12.352
      9.6197      12.391      11.816      14.733]"
18,transformed_0.30000000000000004,ClassOrderSampler,0.0009950725950774815,"[     11.808      10.594      12.445      14.177      13.073      12.892      9.8139      13.237      16.345      11.287      12.389      16.594      12.524       13.43      12.374      11.209      12.023      11.921      12.635      9.9077       12.13      13.021      10.395      10.874      15.405      12.789
      9.5825       11.89      10.688       12.17]"
18,transformed_0.30000000000000004,ClassOrderSampler,0.0007161341584613866,"[     13.807      10.309      13.204       11.53      12.646      13.309      14.072      14.457      11.972      11.753      14.954      15.706      15.958      16.117      18.825      16.421      16.344      19.561       14.84      17.467      16.574      16.026      15.252      16.017      17.781      14.136
      15.776      15.342      16.224      15.609]"
18,transformed_0.30000000000000004,ClassOrderSampler,1.4183884846332759e-05,"[      17.57      17.795      16.968       19.01      16.047       15.82      15.706      16.162      15.721       18.51      14.961      17.181      15.186      19.283      15.721        14.9       15.48       13.57      16.957      17.832      15.262      15.716       18.78      17.406      17.175      17.282
      14.685       16.23      19.896      16.597]"
18,transformed_0.30000000000000004,ClassOrderSampler,6.421252671198917e-05,"[     15.871      16.871      7.0348      7.1429      6.9618      5.9456      7.4331      3.0049      6.6861      6.8515      6.5697      1.2655      5.7287      4.7907       6.116      6.1198      4.8054      5.6636      5.1618      4.6148      5.2747      6.6989      4.2716      8.1087      8.0991      6.8325
      5.9118      3.2786      8.3907      3.8938]"
18,transformed_0.30000000000000004,ClassOrderSampler,8.659870768717995e-05,"[     5.7931      3.9031      6.8163       4.377      7.3891      3.8095      4.4673      3.9079      8.9909      6.4155      4.9588      6.1025      6.3028      4.1854      7.2108      5.6884      4.3431      3.3381      6.5136      12.501      12.397      11.806      13.493      14.716      12.247      14.777
      12.099      13.032      13.265      12.892]"
18,transformed_0.30000000000000004,ClassOrderSampler,0.013080120411042725,"[     14.049      14.335      15.059      12.633      13.553      10.878      13.358      14.192      11.719      11.844       10.67      13.616      13.929      11.188      12.598       13.53      10.096      13.961      12.067      13.382      13.408      13.715      10.104       16.93      12.674      10.858
      13.303      11.274      13.952      14.074]"
18,transformed_0.30000000000000004,ClassOrderSampler,0.0034679410673100768,"[     10.672      12.439      13.605      10.942      13.303      10.391      13.557      11.695      16.377      15.061      14.334      10.484      11.191      11.186      9.0011      10.153      11.376      11.549      11.279      12.947      10.947      10.233      13.593      14.504      9.7735      12.945
      8.7331      12.478      10.801      11.787]"
18,transformed_0.30000000000000004,ClassOrderSampler,2.69440981895533e-05,"[     11.275      10.436      10.741      9.4878      10.689      12.181      10.966      11.134      9.7569      11.266      13.673      15.242          10      12.713      8.5022      12.532       11.38      9.5287      10.534      12.195      13.005      10.655      10.463      11.126      12.103      8.6697
      11.401      7.7421      11.675      12.461]"
18,transformed_0.30000000000000004,ClassOrderSampler,0.014990215608480966,"[     9.5851      9.0226      8.0543      10.974      15.308      8.2985      11.071      13.586      12.658      12.925      13.859       12.83      13.222      11.303      15.211      12.949       12.54       14.74      11.601      11.763      12.697      10.045      14.596       12.84      14.316      13.179
      12.624      12.132      12.162      13.092]"
18,transformed_0.30000000000000004,ClassOrderSampler,0.03905591289384577,"[     12.233      13.797      11.065       12.05      13.669      14.052      15.266      14.805      12.341      13.954      11.418      11.514      12.491      14.606      13.697      12.334      12.514      12.464      11.905      12.041       13.04      12.691      11.464      10.987      13.041      13.503
      13.315      16.239       13.44      14.096]"
18,transformed_0.30000000000000004,ClassOrderSampler,0.0019535380402575177,"[      17.22      16.172      15.612      14.456        15.6      15.702      14.384      13.097      13.302       16.36      15.579      16.316      16.542      14.427      14.538      14.646      16.255      16.541      16.621      15.173      14.956      14.798      15.442      15.559      14.237      15.377
      16.951      13.167      14.563      14.336]"
18,transformed_0.30000000000000004,ClassOrderSampler,0.0004989412368640444,"[     15.968      14.719      13.984      13.698      14.443      12.271     0.38862     0.53406     0.18523      0.6859     0.36003     0.29741     0.18559     0.37297     0.54114     0.11637     0.11671      2.3738     0.26927     0.36606    0.088034      1.2972     0.69196     0.32916      1.3123      1.5539
      1.3937      1.0702     0.62732     0.16789]"
18,transformed_0.30000000000000004,ClassOrderSampler,0.0002180541481071488,"[    0.12708     0.19404      1.4244    0.093954    0.022949      0.1415     0.23076      1.9942     0.23088     0.23213     0.37282    0.044852     0.50053       0.126      2.2724     0.10474     0.16105     0.17253     0.86689      0.6945      0.3016      18.873      19.114      18.045      17.706      16.577
      16.118      16.248      15.902      17.881]"
18,transformed_0.30000000000000004,ClassOrderSampler,0.00013528800249291005,"[     17.324      19.123      21.141      14.008      17.206      18.111      17.139      16.307      15.964      16.161      16.546      17.008      14.814      19.236      16.836      15.626      17.461      18.211      18.562      15.075      19.529      16.388      17.287      16.686      18.118      17.353
      15.147      16.661      19.101      16.569]"
18,transformed_0.30000000000000004,ClassOrderSampler,0.001981159368220227,"[     18.873      16.472      15.859      19.762      18.169      17.059      20.264      16.563      9.5543      6.5553      7.9088      10.589      8.0066      8.4379      9.2979      8.4706      9.9835      10.499      10.185      10.113      10.241      10.943      8.8703      10.178      10.085      9.3152
      10.012      8.8897      6.8139      8.8904]"
18,transformed_0.30000000000000004,ClassOrderSampler,0.007583643513572035,"[     9.5384      11.101      9.4003      9.5856      9.9346       8.682      12.134      8.8843      7.4478       9.277      9.0743      10.379      8.5089      9.7109      9.0374      10.247      7.8799      8.4614      8.7476      11.413      9.4778      9.3459      12.044      8.1692      7.2702      10.628
      9.1877      7.3726      9.3406      3.0247]"
18,transformed_0.30000000000000004,ClassOrderSampler,0.00019959228540967512,"[     3.9814       7.047       4.972      1.8276      7.8176      2.6206      1.9838      6.9938      6.5327      7.9134      3.3889      1.7215      2.9296      8.6153       7.468      2.8492     0.74557      7.4398      7.7465      1.0453      9.6297      3.8509      4.1795      3.0331      4.8159      4.7336
      3.8834      5.3539      4.2635      6.0352]"
19,transformed_0.30000000000000004,ClusterSampler,0.012209293278206456,"[     6.7972      16.457      17.008       16.73      10.037      11.107      12.348      12.593      13.082      10.888      16.258      12.169      16.835      1.3894      17.092      9.1792      12.093      12.145      12.552      17.717      17.163      14.361      9.4925      16.433      16.819      16.576
      13.195      14.432      17.412      13.204]"
19,transformed_0.30000000000000004,ClusterSampler,0.002172725227896856,"[      1.102      16.424      5.9257      3.6035      14.343      12.876      5.5578      10.587      13.762      11.256      6.6501      11.616      13.542      12.762      6.0031      15.967      11.252      16.686      14.323      13.445       12.76      14.713      10.586      12.276      17.131       10.59
      12.614      12.093      15.977      9.1757]"
19,transformed_0.30000000000000004,ClusterSampler,0.00035228318757056715,"[     2.0982      11.738      14.826      7.6652      8.6218      12.351      8.9013      9.4369      10.169      12.947      17.018      8.3112      7.4207      12.084      10.607       12.95      7.5868      12.295      5.5017      5.5008      3.9052       11.02      15.773       8.999      8.9932      12.448
      14.287      13.488      14.268      8.8247]"
19,transformed_0.30000000000000004,ClusterSampler,0.0007183030083793911,"[     14.374       18.41      15.651      13.763       13.38      13.201      8.9606      9.3251      12.691      12.583      8.0237      10.244      4.8246      9.1402      9.7257      11.475        14.8       13.83      9.6347      11.366      10.679      8.1524      10.077      12.161      14.636      14.784
      15.621      14.078      13.696      15.834]"
19,transformed_0.30000000000000004,ClusterSampler,0.0031645713970649024,"[     9.9864       4.077      12.118      14.188      2.8605      15.272      5.7528      18.806        12.4      5.7802      7.6605       14.48       8.175      10.434      14.788      16.718      10.093      15.413      14.752      15.203      11.935      5.5943      11.633      10.109      12.812      10.191
      3.0472      11.744      16.759      11.985]"
19,transformed_0.30000000000000004,ClusterSampler,0.0022465138615508557,"[     10.077      10.798      18.369      14.163      14.052      8.1856      11.137      15.526       7.056      14.072      14.039      7.3614      11.443      10.907      15.804      18.293      6.2713      12.179      15.115      13.778      14.293     0.25571      11.869      15.442      14.811      9.3894
      5.8452      12.416      9.7383      4.6338]"
19,transformed_0.30000000000000004,ClusterSampler,0.0012254922563303744,"[     18.252      11.892      10.819      3.4209      12.214      13.465      12.336      11.354      10.177      9.0958      10.087      14.432      14.188     0.02943      11.689      15.591      14.469       12.24      16.463      13.871      9.6021      11.405      13.152      3.4519      17.309      2.3557
      13.173      11.809      4.3716      14.686]"
19,transformed_0.30000000000000004,ClusterSampler,5.9226315825141516e-05,"[     9.9662      19.581      7.3286      5.6614      8.8338      14.307       11.78      3.6919      14.341      11.025      10.176      7.2108      14.627       12.27      15.707      6.2157      13.683      1.8729      12.641      6.4674       10.22      10.719      10.222      12.713      13.381      9.8075
      10.631      11.438      8.2931      18.356]"
19,transformed_0.30000000000000004,ClusterSampler,7.969676172870043e-06,"[     9.8862      15.503      9.5134      11.118      11.905      4.5961      11.139      13.864      10.758      11.889      0.1713      11.723       18.53      8.1818       1.235      17.568      10.421      8.4389      17.967      15.485      12.343      9.8905      3.9065      1.3047      11.095      15.625
      8.6125      15.073      17.634      12.272]"
19,transformed_0.30000000000000004,ClusterSampler,0.00014085120278235937,"[     7.4901      14.265      10.554      13.077      14.723      15.209      9.0481      14.292      9.9802      8.6041      12.447      10.293      4.3787      16.227      14.559     0.36769      12.933      10.079      14.095      6.7655      7.9016      15.684      3.6712      8.9939      8.4071      3.6867
      16.671      3.8346      11.238       17.34]"
19,transformed_0.30000000000000004,ClusterSampler,0.0036488632194474307,"[     5.4156      1.9333      14.244      6.5451      4.6519        7.06      6.5689      5.3679      10.084       10.64      3.2054      6.6966      15.526      5.2988      9.7077      14.803      9.9857      7.8434      6.8669      10.948      16.017      18.541      11.759      9.1296       8.665      13.913
      14.215      5.4588      10.731      11.192]"
19,transformed_0.30000000000000004,ClusterSampler,0.0028234482839107795,"[     13.595      6.2742      10.581      10.007      12.708      10.658      17.039       7.841      15.698      12.288      12.033      11.716      16.258      11.029      5.4584      7.2968      7.5858      11.265      11.468      8.7578      14.061      10.919      12.426      4.2605      10.046      9.8458
      10.855      10.786      12.429      16.413]"
19,transformed_0.30000000000000004,ClusterSampler,0.0021787954350034294,"[     7.7015      12.475       8.472      16.669      16.793      5.3304      11.091      11.542      11.174      11.773      10.238      8.9477      5.4672      8.7838      12.731      9.4533      6.4661       14.29      14.693      13.425      11.749      9.6217     0.50141      9.3057      10.701      2.2531
      14.935      11.739      15.713      15.008]"
19,transformed_0.30000000000000004,ClusterSampler,0.022698609872192754,"[     11.769      13.814      13.514      14.437      12.517      5.7351      13.728      16.429      0.4394      11.304      13.121      13.366      13.036      6.2022      5.8428      12.758      9.5317      12.435      5.8793      3.9853      9.9993      15.887      16.113      10.928      15.262      13.788
      10.259      17.092      7.7127      10.805]"
19,transformed_0.30000000000000004,ClusterSampler,0.0004989412368640444,"[     12.112      14.324      12.139      12.071      9.8441      12.522      9.5352      16.206       5.198       9.621      3.6907      13.607      8.8618      11.195      11.197      2.9412       18.16      13.638      12.568      5.5009      2.8801       14.35      2.8519      4.0914      17.193      10.875
      11.346      11.475      12.238      6.3631]"
19,transformed_0.30000000000000004,ClusterSampler,0.0002420102950887277,"[      14.19      14.533      15.404      10.135      3.4638      9.5853      12.505      12.166      6.3754      12.283      5.7846      12.339      13.388      10.945      2.4231      14.611      14.219       17.25      14.269       5.842      12.957      14.045      18.695      14.181      14.157      5.8072
      4.4946      12.565      15.102      11.835]"
19,transformed_0.30000000000000004,ClusterSampler,0.0023419918896532914,"[     14.147      2.5795      11.044      15.599      3.9638      16.707      13.521      14.999      9.8018      14.438      5.4342      9.2077        13.8       6.666     0.18909      8.9086      5.4794      9.1944      10.507      12.164      9.9719      13.467      8.9688      12.373      8.9025      12.299
      8.9518      14.395      19.457      8.7866]"
19,transformed_0.30000000000000004,ClusterSampler,0.001058649957475288,"[      12.44      9.1467      10.553      6.2183      11.981       11.09      14.967      8.0324      6.5901      15.653      6.5291      12.461       15.47      8.0367      8.6735      17.138      13.116      9.5628      8.8785      5.9592      6.3768      12.409      15.232      5.9198      11.138      9.2359
     0.64804      12.524      2.0503       10.46]"
19,transformed_0.30000000000000004,ClusterSampler,0.0020604482824738866,"[     11.157      16.705      13.879      12.589      11.301      10.709      13.998       13.46      7.4838      11.688      7.6296      10.235      2.1649      17.499      13.551      15.899      13.039      13.937       2.791      10.293       11.66      9.7797      14.252       12.31      9.6083      13.011
      13.798      15.183      7.1237      16.215]"
19,transformed_0.30000000000000004,ClusterSampler,0.002154630085156635,"[     14.297      7.9269      17.196      9.9443      15.347      10.068      8.8058      14.152      10.213      3.3805      10.674      15.519      12.016      13.603      5.0978      6.8182      13.933      10.788      10.009      14.092       16.31      16.703      12.266      11.201       12.28      13.919
      18.734      13.554      7.3727      16.322]"
19,transformed_0.30000000000000004,ClusterSampler,0.012743466198526862,"[     7.6372      13.316      10.957      16.092      3.4303      4.6309      2.6427       13.41      7.0423      10.076      9.3648      6.9264      13.123      17.093      9.3031      12.136      8.4383      6.5364      10.318      11.527       8.024      6.4009      14.377      17.258      11.991      9.2621
      13.302        11.2      15.261      5.5908]"
19,transformed_0.30000000000000004,ClusterSampler,0.00022973896363785308,"[     10.841      7.9828      13.688      12.432      15.475      13.427      14.109      11.786      5.5913      10.214      17.469      12.827      13.374      13.592      11.756      17.199      9.4949      15.859      9.9703      16.333      9.9887      12.752      16.787      15.627      8.8097      10.227
       11.32      13.003      15.682       17.54]"
19,transformed_0.30000000000000004,ClusterSampler,9.600721639039423e-06,"[      13.41      10.882      13.344      7.4842      7.9407      10.522      13.252      14.208      12.764      6.6438      10.723      9.1514      8.9689      8.3214      16.388      13.242     0.32005      8.6247      11.245       4.868      5.8818      11.206      12.236       5.103      13.231      5.4592
      8.6671      14.607      11.918      11.817]"
19,transformed_0.30000000000000004,ClusterSampler,0.004415517689724612,"[     12.703      9.2734      16.097      11.987      14.437      13.373      14.902      15.439      12.255      16.062      11.484      10.934      8.0185      12.414      10.989      11.893      7.3094       12.21      2.6064       12.33      11.381       7.563      7.6001      7.6288      15.803      10.439
      14.269      14.898      10.838      11.566]"
19,transformed_0.30000000000000004,ClusterSampler,0.008212786261206638,"[      14.49      14.705      5.5999      16.061      11.329      16.043      14.953      8.4233      10.996      14.085      15.995      5.3903      9.6808      14.507      15.615      10.358      15.049      12.862      13.981      8.3843       7.792      11.914      10.236      15.583      9.3286      11.126
      4.5456      14.972       8.427      12.629]"
19,transformed_0.30000000000000004,ClusterSampler,0.0012988083368420274,"[     7.1477      9.6714      11.775      12.875      15.752      16.094      10.319      13.406      9.8338      4.4734      11.255      5.4897      12.863      13.066       16.28      10.318       7.758      7.7768      10.659      10.073       0.963      10.047      12.498      9.9251      13.774      14.655
      7.4602      11.013      5.8285     0.94411]"
19,transformed_0.30000000000000004,ClusterSampler,0.005340283920641801,"[      8.949      16.581      14.168      5.5598      10.539      8.7325      10.507      11.383      14.796       18.18      2.6352      4.5114      11.782      14.272      5.4924      15.499      5.9336      13.098      8.3594      7.5319      1.0463       3.252      6.6476      14.877      14.049      9.0347
      12.618      17.315      10.814      12.064]"
19,transformed_0.30000000000000004,ClusterSampler,0.0003316443527516003,"[     11.554       10.98      5.0957      8.5312      10.666      10.789      12.303      8.6033       14.21      17.628      14.183     0.25111       13.54      13.525      18.032      16.786      12.844      15.097      15.518      5.5284       13.92      15.544      13.564       12.72      8.3018      11.275
      5.9368      8.4099      3.3111      15.417]"
19,transformed_0.30000000000000004,ClusterSampler,0.00026242040938205904,"[     12.156      12.878       14.35      6.9718      5.4566      7.9256      13.798       3.688      12.228      5.7118      4.1823      16.539      5.1463      10.031      10.075      10.626      16.789      7.3149      17.549      4.4144       11.06      16.374      14.385      11.049      9.9442      7.7209
      12.669      14.014      11.085      11.679]"
19,transformed_0.30000000000000004,ClusterSampler,0.004473847098306956,"[     11.049      16.288       9.243      15.657      7.5006      13.121      8.6713      6.3263      13.919      15.201      8.3875      11.517      14.839      10.252      14.313      13.365      12.578      13.148      16.579      11.008      8.9481      13.845      6.3818       4.509       13.98      5.6887
      11.103      11.911      16.978      13.612]"
19,transformed_0.30000000000000004,ClusterSampler,0.0006638413677593659,"[     13.144      11.006      11.697      7.2348      15.366      11.874      20.125      10.573      6.2574      11.882      13.665      10.424      10.001      7.9612      9.3842      11.146      15.642      9.4596      17.245      12.584      6.7794      8.4372      14.828      15.809      9.8893      10.319
       12.42      19.205      12.055      13.035]"
19,transformed_0.30000000000000004,ClusterSampler,0.04054269544265523,"[     12.971      12.513      9.1161      9.9142      14.026      16.813      10.625      9.4153      16.938      8.7099      3.0095      10.151      8.9296       10.05      15.869       8.223      11.097      7.7174      17.962      17.453      7.2385      9.4899      9.9502      9.0571      16.161      13.985
      11.936      8.2366      11.546      12.422]"
19,transformed_0.30000000000000004,ClusterSampler,0.02864717020487734,"[     8.3771      9.0868      10.688      16.931       4.309      13.043      17.277      10.676      11.944      13.982     0.37531      5.1243      3.2276      14.882      14.174      11.931      19.116       17.13       4.965       6.755      13.546       14.48      8.9035      14.476      11.177      12.196
      18.816      11.368      15.352      11.853]"
19,transformed_0.30000000000000004,ClusterSampler,0.0038383599668194504,"[     14.945      6.4318      18.357        10.6      14.876      6.5128       15.08       17.22      9.4959      10.055      4.0718      15.553      11.508      11.641      2.8157      9.4566      9.3277      15.059      11.778      14.963      15.117      13.022      12.251      14.183      2.4755      4.7142
       16.03      12.839      11.728      11.266]"
19,transformed_0.30000000000000004,ClusterSampler,0.006687505049201508,"[     6.4308      13.032      12.174      3.7871      8.4789      9.8478      11.468      14.198      8.5938      11.367      8.9109       8.909      11.853       6.965       13.44       16.63      13.772       12.01      9.2865      8.8874      15.007      10.149      8.4585       17.15      12.434      16.445
      7.9505      7.7798      7.2409      8.4485]"
19,transformed_0.30000000000000004,ClusterSampler,0.0006245903103741321,"[     8.5127       13.48      13.823      13.497      18.496        13.2      17.199      18.836      9.6919      10.679     0.11621       9.524      11.397      4.7392      14.337      13.699        4.44       9.583      9.2849      6.2887       11.05      13.382      7.0708      11.402      12.829      14.339
      10.832      8.8603       10.57       11.89]"
19,transformed_0.30000000000000004,ClusterSampler,0.0025723950117054195,"[    0.77181      14.539      11.886      13.839      12.181      9.6486      16.858      1.8823       4.298      13.663      11.518      15.663      12.257      11.572      16.277      12.409      13.558      9.2596      12.344      1.8531      18.803      13.121      13.287       11.72      5.6322      14.756
      9.0366      11.361      15.669      3.2404]"
19,transformed_0.30000000000000004,ClusterSampler,0.0002862713616179915,"[       17.1      16.651      12.392      2.3597      14.034      3.8835      4.9284      10.835      11.627       10.67      10.353      10.168       5.837      11.244      11.259      15.345      11.343      12.006      4.9903      15.647      5.6139      13.468      9.9434      8.9139      13.882      15.971
      5.1545      11.978       11.12        8.49]"
19,transformed_0.30000000000000004,ClusterSampler,1.0735318532789873e-05,"[     8.7352      11.029      12.602      12.664      10.348      11.753      11.368      12.381      15.076       11.94      11.913      7.8409      12.348      17.542      15.572      11.054      16.714      15.914      10.327      8.3319      9.2661      17.878      15.116      4.3502      16.618      11.399
      15.338      10.442      9.1227      11.114]"
19,transformed_0.30000000000000004,ClusterSampler,0.0008374141143958437,"[     8.5667      14.895      13.219      5.9162      10.486      12.652      10.157      10.841      9.4956      15.109       15.46      15.974       12.75      11.622      7.2458      8.1341      15.824      5.9388      14.062      9.4067       6.469      14.828      7.8759      5.5876      10.567      17.507
      3.0816      10.291      13.713      10.171]"
19,transformed_0.30000000000000004,ClusterSampler,0.002917295816215527,"[     11.535       3.292        13.1      10.449      13.273      16.739      9.5328      8.7253       6.057      15.377      18.885      12.843      16.768      2.7781      12.309      14.095       15.74      11.219      9.8257      10.546      5.8223      9.6516      11.368      11.474       7.895      13.907
      10.232      11.316       4.608      3.8001]"
19,transformed_0.30000000000000004,ClusterSampler,0.0014452455141766892,"[     15.913      14.356      11.625      14.695      17.778      12.785      13.525      11.638      9.4508      7.0837      8.6036      10.382      14.337      11.274      9.9522      8.5171      7.4198      12.479      9.0166      10.845      8.8235      6.0859      14.376      13.167      8.8875      9.5807
      6.6044      6.9014      14.791      14.763]"
19,transformed_0.30000000000000004,ClusterSampler,1.3707796326314867e-05,"[     15.833        10.7      9.9088      16.805      13.441      14.881      13.421      6.0397      15.264      16.427       16.91      16.585      3.0782      13.078      7.1996      14.842      16.522      15.295      13.588      16.583     0.76376      15.171      10.602     0.82343      13.495      15.154
      9.8137      9.9526       10.31      12.047]"
19,transformed_0.30000000000000004,ClusterSampler,0.0007075182520234947,"[     11.664       15.06      14.626      12.878      9.1084      11.411      15.627      14.198       8.599      13.477      9.5891      12.653      11.161      2.9207      15.121      9.8548      13.153      7.9487      11.932      3.8094      12.172      13.277      6.9027      14.757      12.072      13.982
      1.0264      14.147      12.649       14.48]"
19,transformed_0.30000000000000004,ClusterSampler,0.024260239953931947,"[     13.674      10.002      12.615      13.861       14.38      4.8296      12.502      5.0091      5.6766       12.22      13.854      15.836      11.808     0.54502      14.352      8.2588      13.184      5.6283      15.006      7.0162      12.926      15.087      9.3604      13.574      11.031      8.0925
      16.232      17.326      11.963      13.347]"
19,transformed_0.30000000000000004,ClusterSampler,0.00047181326497990593,"[     13.673      6.2926      16.793      11.351       12.37      8.0706      13.468      7.7684       9.686       15.89      14.399      13.238      11.567      15.271      5.6118      11.384      14.809      15.519      16.317       3.568      9.4535      17.567      11.272      14.471      15.472      13.703
      4.1835      10.409      16.538      13.667]"
19,transformed_0.30000000000000004,ClusterSampler,0.000377679072691774,"[     10.174     0.49728      12.555      13.563      8.8752      7.1187      10.754      9.0249      11.747      15.903      16.001      13.149      6.9127       10.79      9.1063      11.652       15.13       7.046      14.273      15.024      15.529      4.5279      17.309      6.7589      12.648      11.731
      6.7931      9.3935      6.8407       11.21]"
19,transformed_0.30000000000000004,ClusterSampler,0.0016252637572021715,"[     7.4905      4.4141      11.515       16.92      15.056      5.1453      14.816      8.8528      8.5631      10.855      10.345      4.3022       4.762      14.828      11.973      10.234      10.656      5.2591      9.3107      4.1491      9.6932      4.9552      18.279      8.8274      1.9274      13.069
        3.85      12.151      15.921      13.917]"
19,transformed_0.30000000000000004,ClusterSampler,0.00044886125626686683,"[     10.303      16.671      7.0878      9.8482      12.506      14.147      5.4734      13.706      22.182      15.268      11.529      6.4782      9.4522      13.586      13.756      14.311      19.373      11.299      12.275      13.727      7.5016      12.054      15.094      11.865      9.1913      11.215
      11.797      17.253      16.364       11.66]"
19,transformed_0.30000000000000004,ClusterSampler,0.0014873707345120831,"[     7.8953      12.016      9.6242      13.798      15.233      10.007      9.8706      9.5115      10.207      11.718      12.001      16.897      16.756      10.562     0.68111      11.811       15.88      2.3562      8.8785       11.02      9.8256      12.626      6.5427      14.439      12.676      14.295
      1.4368      12.788      10.887      10.569]"
19,transformed_0.30000000000000004,ClusterSampler,0.03699185436741016,"[     9.4393      14.112      13.296      7.6591      17.713      9.9828      16.015        6.03      13.679        10.4      14.647      16.906      11.693      9.4166      10.143      5.2887      9.5326      13.585      5.0747      14.169     0.57408      11.909     0.94148      13.601      12.133     0.63037
      14.547      6.1103      18.232      14.905]"
19,transformed_0.30000000000000004,ClusterSampler,0.00018020934727143404,"[     8.8581      4.8266      4.4597      12.827    0.040814      7.5845     0.13267      9.1939      12.124      10.057      6.4793      11.985      4.3786      2.1741      8.4786      6.1633      3.9554      15.062      13.345      10.774      6.0026       18.68      13.632       6.364      9.8896     0.17647
      17.192      8.3356      9.1434      9.4975]"
19,transformed_0.30000000000000004,ClusterSampler,0.038812768808969236,"[      11.22      9.0573       13.91       6.429      10.236      9.9752      11.645      12.146      10.835       9.172      10.088      16.754      8.5792      12.046      12.004      14.428      10.389      10.775      10.531      6.2549      8.7019       11.48      6.4269      7.9046      14.201      8.7251
      11.737      8.7043      12.101      12.916]"
19,transformed_0.30000000000000004,ClusterSampler,0.05053266780059816,"[     11.471      11.196      12.342      12.143      14.494      8.0805      13.241      11.545      14.365      11.628      5.4475      13.431      9.1776    0.091401      16.872      16.273       9.056      5.3753      11.468      14.299      4.4366      13.549      15.517      1.0957      14.305      5.7553
      9.8612       13.67      10.958      9.8236]"
19,transformed_0.30000000000000004,ClusterSampler,0.002762426584714846,"[     16.001      12.545      14.085      11.555       9.463      10.273      13.548      13.617      3.1464      10.523        15.4      13.933      11.391      16.741      10.035      15.479      12.858      13.648      17.371      2.2313      13.518      10.315      15.351      8.3539      10.777      14.363
        13.7      12.766      12.599      14.071]"
19,transformed_0.30000000000000004,ClusterSampler,0.0033399469519531776,"[     5.6509      11.704      12.585      11.119      8.7192      12.754      10.195      12.173      11.528      16.104      13.212      11.453      15.782      10.637      18.794      15.917      10.046      14.917      14.551      16.706      12.003      4.5125      9.3522      5.1996      10.953      13.344
      12.741     0.96291      13.025      3.0757]"
19,transformed_0.30000000000000004,ClusterSampler,0.0002946631202612201,"[     13.036      13.258      17.117      12.206      4.9846      10.916      15.875      4.5175      14.118      11.816      11.091      12.416      12.572      9.9144      15.181      9.3801      16.362      13.858      9.3734       10.87      1.9501      3.5503      15.986      7.9253      15.677      17.309
      9.6777      12.266       16.05      14.053]"
19,transformed_0.30000000000000004,ClusterSampler,0.000554197497131871,"[     11.874      13.556      3.7569      16.927      10.907      7.7845      8.1772      9.1905      15.417      3.4529      4.7083       12.31      14.444      13.761      9.8916      3.1865      11.836       13.12      12.592      9.2168      9.8299      8.8182      9.1853      9.6347      10.891      12.351
      19.698      8.0598      13.987      12.722]"
19,transformed_0.30000000000000004,ClusterSampler,8.8104381930488e-05,"[     12.458      4.0689      10.241      9.3027      10.786      11.716      11.825      18.085      6.4457      12.324      10.062       6.504      13.384      7.9777      4.7269      5.2459      9.0191      11.949       5.992       14.19      16.471      12.795      6.3502      12.204      12.632      10.503
      10.235      15.115      7.6085      7.4675]"
19,transformed_0.30000000000000004,ClusterSampler,0.007736712362525332,"[      10.46      8.3007      16.114      6.9225      8.9202      15.551      15.071      3.7329      5.1074      7.5216      13.951      8.9987      15.192      9.1939      13.915      14.174      11.795      14.326      9.3831      13.142      11.134      12.419      10.507       1.934      11.048      9.7379
      13.015      12.558      11.454      12.811]"
19,transformed_0.30000000000000004,ClusterSampler,0.0007248480922235519,"[      15.91      9.3477      11.065      13.504      10.308       11.79      10.668       16.43      15.647      15.053      8.7524      10.531      7.4684      7.2915      5.7197      12.495      16.993      11.961      1.7729      2.6839      8.3142      14.991      10.819      9.1846      13.584      14.827
      13.929       8.775      16.727      9.6339]"
19,transformed_0.30000000000000004,ClusterSampler,0.0018155091389220745,"[      12.36      12.939      13.451      7.8145       10.25      5.2291      11.482      10.571      8.5181      8.6378      13.633      12.258      12.871      11.267      12.084      17.073      6.8749      5.1178       15.43      9.3601       6.488      13.128      14.063      3.8146      16.638      11.412
      9.6082     0.87247      13.118      12.513]"
19,transformed_0.30000000000000004,ClusterSampler,0.003747500767521822,"[     11.184      14.874        15.7      4.6452      10.046      11.334      15.503       13.65       5.136      11.727      12.787      14.481      5.6832      11.382      15.332      17.168       14.92     0.27301       11.58       5.578      14.989      14.436      12.651      5.1464      14.105      9.6542
      13.316      8.9695      16.261      11.888]"
19,transformed_0.30000000000000004,ClusterSampler,0.00044467580987552147,"[     6.1676      13.683      5.0784      14.089      7.3531      16.756      11.182      14.983      7.9091      11.439      13.237       10.51       14.06      17.139      16.893      10.633      2.0966      14.483      15.077      15.256      11.658       12.56      14.685      13.594      14.318      4.6587
      14.415      3.2675      14.605      18.475]"
19,transformed_0.30000000000000004,ClusterSampler,0.012151168936008582,"[      11.81       15.95      4.8318      13.217      6.8749      15.836      3.1079      13.344      14.683       9.395      15.111      12.566       0.177      9.9297       3.245      6.6223      15.588      5.8476      7.5515      4.9338      5.0097      10.525      13.884      14.166      11.093      8.8494
      14.468      7.6802      5.9475      15.297]"
19,transformed_0.30000000000000004,ClusterSampler,0.00129504988606375,"[     5.4126      3.7148      12.435      9.7881      18.279      9.4929      9.6238      18.807      9.4339      9.9469      10.666      15.303      6.8846      11.719      11.084      9.5368       8.639      10.821      15.167      12.977      13.669      12.286      14.256      9.8023      1.2747      10.647
       14.89      7.6043      12.334      6.7854]"
19,transformed_0.30000000000000004,ClusterSampler,0.0006638413677593659,"[     8.0488      5.1927      15.468      5.3718      13.222      13.922      11.815      11.637      14.465      6.4605      6.8469      17.705      8.5077      12.473      8.8681      13.083      7.9769      13.563      16.445      6.3599      10.327      11.326      11.734      11.512      6.8154      12.875
      9.0938      7.6184      12.333      8.6881]"
19,transformed_0.30000000000000004,ClusterSampler,0.0005893168084692868,"[     15.692      11.177      14.114      7.7597      8.0028      10.343      6.3998      14.124       10.13      12.559      16.295      13.683      2.1588      1.7305      10.993      18.115      11.695      4.6633      9.1795      13.765       2.852      10.025      14.094      13.506      9.6982      4.4833
      12.423      8.5074        5.98      16.055]"
19,transformed_0.30000000000000004,ClusterSampler,0.06429050868555299,"[      13.68      12.131      17.042      10.368      11.344      9.6144       17.31      10.686      14.024      11.579      13.413      3.4245       16.37       11.13      8.5843      13.485      14.988      6.6016      13.606      11.382       14.04      6.4382      16.243      8.8542      12.364      3.4847
       11.52      9.9575      14.698      13.847]"
19,transformed_0.30000000000000004,ClusterSampler,0.053764278618483013,"[     17.581          15      14.232       17.77      4.6484      13.208      12.011      12.115      10.925      11.502      10.989      11.267      7.8868      12.236      10.613      8.3865      11.949      7.7008      12.256      16.039      13.584      16.081      7.3454      7.6744      10.764      16.613
       2.564      4.3721       11.56      11.766]"
19,transformed_0.30000000000000004,ClusterSampler,0.0005929391764616146,"[     18.825      8.9951      11.268      17.783       12.02      12.646      10.611      11.544      9.5134      16.233      9.2322      7.1436      14.031      9.3141      15.486      9.8654      12.241      1.4933      13.176      9.0888      11.324      13.184      14.821      10.919      11.487      13.357
      11.436      14.497      14.271      8.3842]"
19,transformed_0.30000000000000004,ClusterSampler,0.002234065438553894,"[     8.2931      8.8542      10.767      14.245      6.9092      12.287      10.013      2.0158      12.244      14.126      5.6371      12.877      13.748      15.497      13.491      14.499      13.667      10.596      18.277       15.89      13.969      9.5473       8.461      12.142      11.156      7.3018
      14.213      14.318       14.17      9.6743]"
19,transformed_0.30000000000000004,ClusterSampler,0.0008654043434970432,"[      15.43       14.48      12.484      5.4319      9.1211      12.997      11.652      12.183      12.489      14.785      11.132       12.81      18.335       10.99      14.509        11.4      16.703      10.139      8.9202      11.572       13.33      4.3529       7.346      14.599      8.0858      7.7782
      9.0854       17.92      16.724      11.506]"
19,transformed_0.30000000000000004,ClusterSampler,0.0026151523862842753,"[     16.279      16.197      15.165      5.6729      9.6236      13.934      7.5265       15.26      14.094      7.6616      6.5439      15.598      13.013      14.191      16.552      11.478      8.1556      5.0669      10.619      14.762      6.8466      13.076      16.093      9.8505      10.735      11.463
      18.033      18.421      9.2123      14.895]"
19,transformed_0.30000000000000004,ClusterSampler,0.00014132434164840192,"[     12.744       1.249      7.7272       9.695      18.443      12.209      14.075      18.581      2.9908      14.444      13.374      12.034      13.844       13.01      3.6755      9.8775      15.199      16.536      13.501      12.861      11.442      14.185      15.599      8.1687      6.0121       1.206
      11.973      7.6523       11.73      10.103]"
19,transformed_0.30000000000000004,ClusterSampler,0.00014467926363724966,"[     9.7176      7.5734     0.92145      17.694       5.193       14.42      7.1935      10.471      2.5707      12.448      12.394      11.799       10.49       16.18     0.43504      12.688       12.38       14.21      6.9654      8.1536     0.31746      8.7446      1.7152     0.58331      11.014      9.0852
      7.8502      6.7309      11.019      12.455]"
19,transformed_0.30000000000000004,ClusterSampler,9.96969954071111e-05,"[     11.951      12.687      9.1734      8.9461      18.113      10.643        4.77      14.338      14.538      6.7549      13.695       8.384      7.0496      16.466      7.7854      8.5821      14.247      3.8668      10.977      6.3731      5.3612      10.868      8.4875      8.2827      13.062      9.9509
      6.0248      12.904      6.1767      11.177]"
19,transformed_0.30000000000000004,ClusterSampler,6.48914022550395e-05,"[     6.7994      9.4038      8.9232      14.193      12.841      16.491      14.435      13.734      16.158      13.903      7.6563      5.2047      14.932      12.637      13.997      9.6434      11.834      11.982       11.81      10.698      1.8318      12.188      16.577       4.592      18.497      12.815
      20.244      12.563      8.5836      11.233]"
19,transformed_0.30000000000000004,ClusterSampler,1.0450292113709042e-05,"[     9.4248      12.656      15.378      10.726      15.151      11.544      2.8777      12.357      3.3828      16.691      6.3968      7.7808      12.791      8.8727      13.742      12.735      11.554      6.1379      14.128      5.2045      7.6453      8.2915      13.981      16.004      14.814      6.5309
       7.669      7.4372      7.9392      12.374]"
19,transformed_0.30000000000000004,ClusterSampler,0.00010211205636046374,"[     5.2761      16.585      14.301      8.3922      15.416      12.125      13.494     0.27921      12.448      7.8157      8.7691      5.2524      11.634       8.127      2.3072      14.794      15.383      14.728      11.511      8.0088      12.035       10.12      14.643      13.318      10.473       7.418
      18.179      15.726     0.61766      10.345]"
19,transformed_0.30000000000000004,ClusterSampler,2.6163704878284695e-05,"[     10.673      15.847      7.4469      11.998      5.2401      8.2335      14.352      15.026      9.0562      8.8129      10.244      12.798      10.565      17.391      8.3556      9.2286      9.9575      11.141      10.304      19.107      8.9628      15.772      16.447       8.924      7.1648      11.367
      11.465      11.262      11.033      9.8985]"
19,transformed_0.30000000000000004,ClusterSampler,0.06416618723049679,"[     16.132      14.336       11.88      14.672       12.38      12.559      11.576      12.043      11.825      12.389      12.736      11.429      8.6065      16.526      2.7521      3.5557      16.228      12.056      3.1178      13.301      12.756      14.459      12.321      9.3909      15.521      10.494
      12.928      11.803      1.6418       13.14]"
19,transformed_0.30000000000000004,ClusterSampler,0.00040605557389235226,"[     8.0279      15.261      6.4192      9.9954      14.238      12.321      5.8629      16.546      14.291      11.956      8.7828      8.4908      9.3049      8.9106      12.098       15.26      10.741      17.876      5.3648      16.579    0.020504      13.598      1.6203      15.256      8.1263      9.3711
      10.033      10.029      8.0796      12.614]"
19,transformed_0.30000000000000004,ClusterSampler,0.00012227158836266246,"[     5.2782      12.318      13.655      15.172      12.147      12.227      9.6519      5.1367      11.456      10.329      14.235      8.1849      18.061      10.978      11.719      9.9632      13.424      13.135       10.15      12.616      15.187      5.6635      13.847      8.0343      1.8831      2.1989
      16.249      14.071      11.847      8.9443]"
19,transformed_0.30000000000000004,ClusterSampler,0.0029412006544655566,"[     15.491      13.617      9.7026      7.1007      10.814      15.226      10.846      13.651      8.8078      11.418      13.251      9.6203      8.4093      12.174      12.825      8.7827      14.121      11.989      7.8407      18.337      11.241      8.9679      16.482      12.627      17.335      16.519
      11.477      10.223      15.551      14.388]"
19,transformed_0.30000000000000004,ClusterSampler,0.013940411900116686,"[     11.073      11.075      8.8393      8.4679      13.879      19.579       3.903       13.45      9.5129      10.674      12.225      13.192      14.415      12.794      10.841      15.737      3.4517      14.643      15.168      17.724      10.845      9.6001       13.27      11.493     0.91021      8.9201
      13.116      4.2829      9.5677       12.49]"
19,transformed_0.30000000000000004,ClusterSampler,0.01247381880923947,"[     7.5175      13.804      8.7772      12.977      13.264      5.4344      12.756      17.793      8.8184    0.018416      10.803      11.439       13.55       5.834       7.331      15.664       12.55      18.884      11.245       7.558      13.931      14.952      9.5437      9.2484      9.7838      5.4549
      12.443      15.657      11.574      10.277]"
19,transformed_0.30000000000000004,ClusterSampler,0.003707761340466935,"[     7.5861      11.416      9.8397      6.8561      6.5478      7.5601        14.7      14.715      11.691      4.2638      11.904      11.791      10.647       11.78       10.23       3.513        11.8      6.5217      12.128       5.286      11.428      3.9192      11.877      10.626      2.8186      10.455
      12.785      11.555      9.3987      15.028]"
19,transformed_0.30000000000000004,ClusterSampler,0.0024411902838198858,"[      11.74      6.5563      18.067      3.9224       8.709      11.159      4.4571      10.692      10.962      3.4129      9.5912      12.219      9.5203      14.132      12.117      9.5777     0.97277      12.577      6.3035      16.389      8.9969      17.422      6.7604     0.53154      11.696      1.8546
      10.933      10.869      15.333      9.2066]"
19,transformed_0.30000000000000004,ClusterSampler,1.6873132764419815e-05,"[     11.418       10.19      6.3197      7.3048      14.923      8.0036      8.8728       13.48      8.5966      11.797     0.14768      1.2802      8.8771      10.088       13.79       13.05      10.078      8.6009      11.289       12.02      13.615      13.104      10.621      16.573      0.2593      10.467
      10.822      12.018      12.964      10.466]"
19,transformed_0.30000000000000004,ClusterSampler,0.00039596622204724624,"[     4.8433      11.025      9.8461      13.679      14.533      6.6066      15.737      19.151      13.704      7.0556      13.772      14.875      11.619      13.931      13.115      11.386      11.565       4.456       9.681      9.4599       9.902      11.033       12.28      13.232      9.5512      14.215
      14.644       5.647       16.29      6.0719]"
19,transformed_0.30000000000000004,ClusterSampler,0.007087081656364503,"[     18.539      10.324      9.1317      7.5894      1.8329      7.5075      14.175       11.77      15.494      15.159      14.171      6.5188      18.322      10.769      13.475      12.954      17.624      13.615      9.2058      10.708       10.06      8.4543      14.276      18.253      14.828      6.4933
      16.407      10.763      17.209      11.079]"
19,transformed_0.30000000000000004,ClusterSampler,8.994374492634994e-05,"[     6.4764      14.808      10.451      15.072      10.666       11.78      4.3309      13.284      13.779      8.2855      9.1458      16.019      8.6589      7.6756      2.9326      4.9844      18.163      5.1832      16.902      12.086       11.78      10.545       9.608      13.428      10.403      9.7447
      2.9108      5.4907      16.755      3.5374]"
19,transformed_0.30000000000000004,ClusterSampler,0.05506192076102605,"[     4.4313      13.338      15.085      9.1048      16.084      11.502      8.6849      13.143      1.6564      9.1661      1.4481      13.598      11.791      9.1654      12.124      11.097      14.261      7.5768      10.659      1.8678      11.544      16.008      10.182      12.659      10.037      9.9781
      14.742       15.73      9.2742      10.173]"
19,transformed_0.30000000000000004,ClusterSampler,0.0025094622902105067,"[     13.764      2.1494      11.386      10.778      10.355      12.123      10.785       16.71      7.0233      16.538      10.071      2.7502      16.537      6.6693      13.389      14.409      6.9557        6.02       9.053      5.9821      15.995      11.223      11.966      12.375      9.1828      12.426
      9.0685      16.901      4.5459      6.5045]"
19,transformed_0.30000000000000004,ClusterSampler,8.963490381410833e-05,"[     8.8444      12.628      7.7901       6.521      12.541      7.2776      2.7383      11.994      6.3618      11.026      3.9356      14.604       9.302      13.926      8.7564      10.306      5.0594      6.6943      9.5901      8.3512      3.2579      8.3493      13.128      10.102      11.128      17.251
      10.667      15.261      5.0864      9.5857]"
19,transformed_0.30000000000000004,ClusterSampler,0.0024614877722193918,"[     13.107       12.15      15.814    0.083641      10.937      15.757      11.443      12.627      8.1001      12.182      7.8968     0.58794      2.9409      9.6374      16.734      4.1863      11.526      16.377      14.728      8.2508      12.474      6.2982      14.734      10.362      13.274      11.516
      10.487      11.567      8.3756      10.216]"
19,transformed_0.30000000000000004,ClusterSampler,0.015451007308032415,"[     5.4866      6.5272      4.9398      14.132      10.434      12.651      7.9164      9.7042      6.4045      7.3825      12.291      13.308      15.539       8.446      16.992      8.0868      13.393      7.1199       11.64      9.5319      9.2481       15.26      9.8855      14.299      8.3099      8.4471
      13.198      14.085      11.492      13.864]"
19,transformed_0.30000000000000004,ClusterSampler,0.0031475016835388284,"[     15.851      11.506      7.5431      12.535      17.077      6.6122      7.6012      8.7615      17.957      7.0717      15.965       15.87      13.227       1.161      13.935       11.15      10.223       13.95      15.168      13.012      6.9521      10.418      11.165      16.832      18.685      14.897
       16.92      11.095      6.0172      8.7938]"
19,transformed_0.30000000000000004,ClusterSampler,0.059349277830117245,"[     15.967      10.645      14.407      8.3264      4.9387      10.879      14.625      13.638      13.633      11.287      9.3566      4.7407     0.93344      2.8666      7.3332      11.054      12.085      7.9892      4.0786      3.1559      7.6752       13.96      11.286      7.7008      12.629      6.9538
      9.9191    0.029049      14.072      6.0673]"
19,transformed_0.30000000000000004,ClusterSampler,0.16295254892964722,"[     13.964      15.309      15.944     0.16678      11.906      7.0608      10.529      6.4875      11.703      10.204      7.1748      11.358      5.1356      18.679      15.944      7.7341     0.33982      5.4344      12.679      14.647      17.845      13.744      6.5631      12.136      9.6732      1.0173
      10.354      7.0663      17.852      10.593]"
19,transformed_0.30000000000000004,ClusterSampler,1.7872639614323888e-06,"[     9.2496      10.303      8.6402      9.4391      10.626      12.419      13.611      4.7998      10.029      10.809      16.494      11.448      8.3918      12.533      12.264      11.926      13.704      10.184      13.799       4.546      3.6232      2.7158      17.309      14.142      11.313      18.315
      6.6935       10.11      18.704      12.148]"
19,transformed_0.30000000000000004,ClusterSampler,0.00653679286905668,"[      6.569      11.611      10.838      13.416     0.85655      11.011       10.86      17.128      6.0441      14.453      8.1535      12.592      8.7427      12.968      13.618      12.047      14.363      9.5139      5.4828      10.576      15.034      2.7273      12.614       7.311      14.542      11.469
      19.204      11.023      11.937      10.187]"
19,transformed_0.30000000000000004,ClusterSampler,0.04873382109685027,"[      15.32       9.965      14.916      13.671      10.466      3.6606      14.583      18.913      11.276      16.619      10.463      17.177      16.481      18.481      17.975      13.848      13.778     0.24894      11.727      7.6851      13.916      10.265      17.842      2.2057      16.758      6.2969
      5.6475      4.0236      4.8059      14.038]"
19,transformed_0.30000000000000004,ClusterSampler,0.1105448944322869,"[     8.4615      6.6751      14.662      15.499      15.001      15.592      13.795      16.059      8.4518       4.463      13.614      2.7103      4.3798      11.461      7.5445      9.3478      11.934      13.227    0.021443      12.358      10.771      10.778      12.345      11.701       10.26      11.889
      9.6967      12.782       15.81      6.6354]"
19,transformed_0.30000000000000004,ClusterSampler,0.011146953520397913,"[      9.972      11.888      12.179       7.666      11.433         9.3      3.6294      9.9741      10.478      7.5265    0.097606        9.08      13.745      14.042      13.019      9.5354      8.9883      16.582      10.874      10.633      10.321      13.096      16.645      9.7522      10.145      11.433
      11.823      4.8185       0.807      5.4746]"
19,transformed_0.30000000000000004,ClusterSampler,0.0015615854063557332,"[     13.943     0.57972      13.222      13.414       7.994      14.517      5.5231      12.316      8.4632      5.4003      10.327      4.1561      11.936      10.544      1.9943      15.118      14.495      10.927      7.2413      11.009      15.596      12.828       10.79      10.055      10.546      13.291
      10.701      14.672        13.9      16.152]"
19,transformed_0.30000000000000004,ClusterSampler,0.0025302808723134613,"[     10.078      6.8425      3.8959      12.235      15.525      8.4043      13.729      10.848      7.3517      9.5598      1.6065      18.545      9.4786      14.999      13.434      3.6045      14.294      11.878      2.3832      9.2421      7.8947      12.951      5.8318      15.484      12.304      9.0476
      13.146      14.088       11.05      13.047]"
19,transformed_0.30000000000000004,ClusterSampler,0.01041812889261246,"[     12.394      9.8263      16.673      5.4323      1.4022      12.529      11.478      6.7615      10.992     0.47916      13.118      10.055      3.0633      13.048       12.27      13.544      5.3062      10.858      11.178      6.4562      4.8856      12.413      8.1468      10.212      8.6237      13.324
      14.128      9.0077      14.756      7.3602]"
19,transformed_0.30000000000000004,ClusterSampler,0.019176243454442774,"[     11.467      10.868      17.036      6.8326      7.2047      18.114      2.7005      13.886      14.876      8.1004      11.866      11.179      9.3759      6.8604      16.387      4.3716      13.411      11.233      10.581      11.613      12.905      10.563      11.036      15.752      11.834      13.938
      5.0838      4.1427      11.381      8.4059]"
19,transformed_0.30000000000000004,ClusterSampler,0.009996783862583137,"[     15.085      8.5503       13.16      3.2147      13.324      18.406      11.317      14.784      9.1936      19.181      8.4129      5.2611      15.903      15.023      8.5953      12.494      14.567       16.02      17.521      9.1122      11.801      15.029      13.942      3.4899     0.10877      14.759
      9.2885      13.677      9.6179      4.7924]"
19,transformed_0.30000000000000004,ClusterSampler,0.0021970773130495797,"[     5.5229      8.7688      12.976      8.4967      15.476       12.17      8.2632      7.7879      3.0786       9.435      4.1133      6.9428      11.661      1.9837      7.3585      14.868      8.1866      13.176      14.612      13.072      16.514      16.105      5.7832      7.9674      12.887    0.018902
      9.2362      13.851      14.518      11.719]"
19,transformed_0.30000000000000004,ClusterSampler,0.009497523462588232,"[     4.8995      14.371      8.9837      11.551      8.1674      12.558       5.706      17.978       8.655      15.968      3.8181      11.296      2.7267      10.892      13.719      6.2734      14.186      15.365      11.034       9.517      17.733      14.529      7.2353      9.1013      10.711      10.513
      13.384      8.9816      13.991       12.86]"
19,transformed_0.30000000000000004,ClusterSampler,8.453164375932037e-05,"[     18.888      13.154       9.513      10.894      12.083      4.5535      9.7247      10.301      6.8004      5.8745      14.397      11.896      5.8236      16.767      13.389      9.6338      9.6239      7.6849      12.779      13.822      10.513      9.9457      18.852      11.967      9.2748      10.165
      14.954      13.118     0.23004       10.53]"
19,transformed_0.30000000000000004,ClusterSampler,0.0036488632194474307,"[     16.494      5.8758      12.384      11.819      4.4272      12.402      7.8676      12.249      8.7359      14.482      4.2687      13.386      8.4556      11.239      12.506      4.9777      13.705      4.5461      6.1938      13.148      13.244      10.633      16.732      6.8966       12.78      15.253
      16.224      18.189      12.965       10.96]"
19,transformed_0.30000000000000004,ClusterSampler,0.008672251052741074,"[     11.402      14.535      11.717      16.701      12.662      16.279      15.096      7.2649      12.642      6.5722      9.4344      6.6657      6.0762      6.8858       13.34      9.6943      15.867       12.93      9.4826      16.636      11.491      9.1203      12.726      4.8722      11.268      3.6777
      12.823      10.237      10.829       11.11]"
19,transformed_0.30000000000000004,ClusterSampler,0.007377651277112499,"[     9.4112      8.1117      9.3837      5.5947       10.83      8.4497      13.315      14.579       11.77      10.277      12.204      17.664      3.4456      11.219      12.074      14.436      11.379      15.717      12.636      15.843      17.328      4.6648      12.429      4.3076      17.091      6.9636
      13.575      8.1548      14.453      7.4665]"
19,transformed_0.30000000000000004,ClusterSampler,2.329662377412165e-06,"[     13.027      12.731      13.296      14.614      9.4958      11.754      15.721      16.046      15.098      2.7667      9.3952       12.68      11.044      9.6747     0.86976      11.608      13.949      9.0973      4.7069      11.658      6.8452      13.798      7.1968      12.275      6.4539      7.8855
      7.6387      11.296      13.508      12.978]"
19,transformed_0.30000000000000004,ClusterSampler,6.466417438207813e-05,"[     9.1431      17.599      10.728      11.015      8.4765      13.303      16.228      7.4849      11.451      9.8568      13.922      8.8868      11.516      12.204      15.754      3.0548      8.6775      12.896      7.8281      13.082       11.87      11.499      17.435      9.3989      6.1012      11.338
      5.3302      8.2919      12.282      3.2174]"
19,transformed_0.30000000000000004,ClusterSampler,0.000742574678745414,"[     3.9158      3.1032      14.567      13.774      9.0305      10.632      13.515      10.151      18.148     0.22505      9.4336      11.894      13.277      16.155      12.908      13.212      7.1326      4.8371      16.035      10.005        15.4      15.045      3.7919      7.3425      8.1477      7.5319
      3.6189      14.445      12.745      7.9013]"
19,transformed_0.30000000000000004,ClusterSampler,0.020989390348541012,"[     7.0356     0.19471      20.687      17.429        14.3      9.7865      11.094      12.232       13.53       13.92       9.859      14.693      13.012      14.713      16.388      12.764      16.325      9.6576       15.39      7.6765      11.914      8.8341      10.428      13.838      16.758      15.658
      10.972      11.592      9.4159      13.899]"
19,transformed_0.30000000000000004,ClusterSampler,0.0060718988106392485,"[     11.115      7.3879      9.7449      12.731      8.9734      0.3279      11.076      10.175      7.6191      13.647      9.2746      11.666      8.2728      13.247      11.706       13.51      5.9619      13.712      11.919      9.4897      5.2514      6.3364      6.2802       7.564       16.61       12.03
       11.68      2.6882       8.219      16.668]"
19,transformed_0.30000000000000004,ClusterSampler,0.0019590320684716557,"[     9.8191      9.4101       9.221      11.882      10.737      5.8186       13.05      10.478      2.6181      11.899      16.006      16.232       16.41      10.948      3.3366       3.239      17.224      9.2502      15.259      15.311     0.78712      11.009      7.4506      8.5343      6.9034      7.3548
      15.141      17.665      1.3978       14.81]"
19,transformed_0.30000000000000004,ClusterSampler,0.0008324184199847006,"[     12.816      11.664      13.111      17.001      11.532      18.645      6.9686      16.674      13.611      8.8679      9.2334      9.6896      11.804      11.483       8.155      18.163      11.295      16.215      14.277       10.17      10.531      11.503      7.3385      13.186      16.678      12.712
      11.574      14.941      12.379       10.08]"
19,transformed_0.30000000000000004,ClusterSampler,8.33716386773824e-05,"[     11.268      11.286      9.7829      13.068      10.544      9.6119      15.411      10.776       2.889       10.41      7.8404      15.276      6.8052      12.262      15.433      16.266      7.5781      7.3612      9.9433      13.297      10.197      12.906      12.636      9.5494      13.346      9.9679
      10.938      5.5747     0.97377      4.9819]"
19,transformed_0.30000000000000004,ClusterSampler,0.00035005470488077255,"[     13.398      12.854      15.643      10.465      4.7865      12.981      10.348      15.428      13.083      5.2175      18.119      6.7232      13.667      12.784      14.968      12.784      12.478       13.14      12.611      1.6112       10.92      6.4331      10.123      8.6013      12.232      5.0553
      13.605      10.152      12.409      14.592]"
19,transformed_0.30000000000000004,ClusterSampler,0.005536606494063721,"[     13.496      8.1154      5.3194      13.228      8.0563      11.893      13.069      1.0066      6.9749      7.0921      7.7316      8.0545      10.277      13.547      11.842      12.667      4.4322      9.3745      12.654      9.2858      17.293      12.904      16.095      14.583      11.973      19.476
      9.6316      8.3883      8.6572      15.704]"
19,transformed_0.30000000000000004,ClusterSampler,0.0002946631202612201,"[     13.805      12.463      15.325      6.8503      10.995       8.462      13.489       5.368      14.704      13.994      14.239      8.1648      15.643      8.4249      9.2717      5.1309      9.2426      8.5667      6.2458      4.8511      12.699      16.221      14.588      8.4429      16.833      12.847
      15.001       12.56      10.423       12.11]"
19,transformed_0.30000000000000004,ClusterSampler,0.00045026557650093557,"[     10.623      15.339      15.886      14.427      10.226       5.462      10.392       14.12      13.949      11.141      12.469      11.176      9.0971      14.503      8.9321      7.9703      4.8315       16.63      13.884      15.692      6.8827      9.6049      12.352      12.017      10.294      8.7038
      7.8332      11.208      18.325      11.655]"
19,transformed_0.30000000000000004,ClusterSampler,9.93566525659659e-05,"[      1.253      10.235      9.6441      20.058      14.395      18.335      14.516      13.186      9.9632      18.487      13.924      9.0143      9.3922      7.1345      12.406      4.1604      13.876      9.9578      8.7055      13.555      6.2625      12.819       12.03      15.888      13.276      16.085
      18.378     0.56696      10.014      11.821]"
19,transformed_0.30000000000000004,ClusterSampler,0.009614330390673189,"[     15.055      17.494        12.2     0.57853       17.79      4.6302      14.829      16.271      15.164      4.4093       14.08      10.161      9.2667      18.431      6.4743      13.239      10.327      1.5847      6.9894      9.6937       12.15      3.0987      13.306      4.4985      10.788      14.259
      12.293      12.525       8.602     0.46114]"
19,transformed_0.30000000000000004,ClusterSampler,0.004702043084506207,"[      7.248      12.819      10.468      4.4022      9.4011      16.917       6.726      13.142      7.5467      15.409      20.148      15.616      6.2184      12.297      12.673      11.302      15.666      16.913      15.172       11.21      5.7963      15.223      14.096      16.495      9.8733      5.8406
      14.729      9.3069      13.205      10.242]"
19,transformed_0.30000000000000004,ClusterSampler,1.4291766330560604e-05,"[     6.5874      16.346      13.554      12.802      8.8785      10.408      10.953      10.478      16.065      14.851      9.4906      15.131      11.307      9.2976        14.2      12.556      12.053      11.961      7.9018      7.8089      12.319      17.555      14.155      13.528      14.365      4.5911
      4.6522       9.534      16.081      15.214]"
19,transformed_0.30000000000000004,ClusterSampler,0.0001389736569210143,"[       9.36      16.511      10.071      10.833      9.4618        9.37      2.1899      10.915      10.452      12.496      5.1402      6.9294      8.9327      6.5173      10.826       12.12      12.109      11.553      11.455      11.888      5.4255      13.453      17.884      6.7614      16.438      13.749
      18.051      12.433       12.79      8.9658]"
19,transformed_0.30000000000000004,ClusterSampler,1.926168197894698e-06,"[     6.5272      8.1634      8.7604      7.2963      9.5453       8.715       13.72      5.7571      12.779      8.4554      10.511      12.028      10.842      14.745       13.72      18.953      12.688      12.929      11.207      5.0971      12.089      12.235      10.635      13.146       14.06      12.279
      17.034      11.668      13.287      9.8101]"
19,transformed_0.30000000000000004,ClusterSampler,0.0012875582825973054,"[     14.039      15.048      3.4582      8.7444      5.6321       12.82      12.729      9.6857      9.3204      12.743      14.371      14.277      14.133      11.943      10.447       7.751      15.707      9.3544      14.137      18.511      9.6476      12.301      11.261      6.6856      13.939      8.4311
       6.967      11.691       10.31      11.991]"
19,transformed_0.30000000000000004,ClusterSampler,0.05842370527306713,"[      7.246      14.301      17.386      14.873      15.973      12.583      5.1691      11.795      7.1698      2.5575      14.264      14.526      4.2123      2.7598      5.9202      11.409      12.159      12.519      10.201      11.936      7.5761      12.706      10.644      14.569      11.512      3.3329
       2.748      14.946      19.486      13.372]"
19,transformed_0.30000000000000004,ClusterSampler,0.015523062483739712,"[     13.684      9.4368      16.336      10.749      9.7162     0.88506      12.495      15.807      16.867      11.333      5.7645       12.08       8.747      12.034      13.161      12.428      9.4535        7.12      14.051       14.52      15.839      10.911      9.1953      9.5937      8.8807       6.495
      8.0614      17.257      13.513      11.021]"
19,transformed_0.30000000000000004,ClusterSampler,0.0007032450506505982,"[     11.245      5.9894      16.198      12.615      14.473      13.524      15.793      14.641      9.7084      15.953       8.869      8.7322      9.9634      4.6183      14.066      13.796      9.3697      16.107      15.312       11.41      5.5539      18.059      12.518      7.4647      12.815       17.18
      10.879      6.1211       12.46      9.4844]"
19,transformed_0.30000000000000004,ClusterSampler,0.0005893168084692868,"[     12.376      8.0244      18.895      16.474      12.814      15.146      3.9255      11.264      11.735      7.9344      3.5344      11.588      5.8369      16.341       5.956      16.802      11.162      10.899      5.8255      17.624      13.723       12.17      10.877      8.0248      14.498      13.526
      8.0566      12.395      10.448      7.3551]"
19,transformed_0.30000000000000004,ClusterSampler,0.019439041754594478,"[     4.2389      15.448      8.1575      12.745       8.157      6.6237      8.7181      9.7537      12.145       8.727      11.679      10.731      16.612      18.569      5.2353      7.9051      16.262      5.0001      15.434      3.2129      5.3845      9.2828       4.891       9.983      10.426      9.1239
       11.82      7.7929      14.248      9.6581]"
19,transformed_0.30000000000000004,ClusterSampler,0.010881578391368605,"[     10.841      10.819      12.199      11.977      11.945       7.421      12.222       7.653      10.595      13.965      5.1712      6.2853      8.5814       8.968      8.0319      16.328      11.738      11.367      13.481      14.823      11.702      5.6745      14.817      9.9608      1.9293      2.4486
      12.492      4.2001      12.496       3.259]"
19,transformed_0.30000000000000004,ClusterSampler,0.014541680944285082,"[     13.033      15.087      7.4626      7.3308      10.327      2.2355      5.3395      4.5943      9.4492      6.3698      4.5932      9.7155      8.6254      14.281      11.982      2.3429      13.575      6.5903      13.188      11.547       11.22      8.8464      12.192      17.314      12.875      14.682
      7.7179      8.7505      16.422       8.067]"
19,transformed_0.30000000000000004,ClusterSampler,0.09715039917832109,"[     1.2031      8.2415      11.972      12.678      12.321      10.735      15.115      9.1823      6.8214      6.3508      19.691      11.119      16.629      12.183      8.0017      15.431      10.441       11.76       15.34      9.3052      15.948      13.248      8.4778      13.887      15.784      16.328
      11.175      6.8565      8.3578      1.4931]"
19,transformed_0.30000000000000004,ClusterSampler,0.014644112755436483,"[      10.86      6.8246      15.652      15.344      8.5763      4.1943      12.265      6.1716      8.1373      11.797      7.1183      13.466      9.5267      10.415      11.662      12.149      7.9229      12.252      10.493      8.2833      9.3926      13.663      6.0326      15.711      16.487      12.103
      13.362      14.002      5.6729       14.58]"
19,transformed_0.30000000000000004,ClusterSampler,0.0021011739940087915,"[     13.543      11.259      14.675      7.7313      8.5848      11.237      7.3493       8.313      5.7202      9.1726      15.754      18.617      11.348      11.321      13.593     0.78358      9.0335      1.8068      11.371      10.511      10.688      3.5301      13.826      2.8308       11.45      8.4489
      10.238       5.782      2.7708      8.6361]"
19,transformed_0.30000000000000004,ClusterSampler,0.00660341190906468,"[     14.163      5.3996      8.1547      11.223      8.6202      16.612      11.132       4.978      3.7381      13.399      12.839      7.7776      14.336      11.566      17.726      10.135      11.456      14.255      18.681      12.929      8.4424      4.7013      8.6735      14.751      8.1452      12.984
      13.895      8.9164      16.225      9.2804]"
19,transformed_0.30000000000000004,ClusterSampler,0.004702043084506207,"[     7.4677      13.425      14.119      7.0214      7.3212      11.509      13.394      14.894      5.8971      12.377      15.261      9.8712        11.1     0.33355      13.973      11.599      14.969      1.3319      17.788     0.10459      17.266      12.276       5.179      15.974      12.528      12.491
      9.9644      9.2824       8.437      8.5241]"
19,transformed_0.30000000000000004,ClusterSampler,0.00021592632477882216,"[      5.394      13.413      0.8364      16.292      7.1171      11.991      9.7006      14.581      7.5974      19.406      15.014      5.6963      12.229      11.211       9.755      13.836      13.056      8.0669      9.5273      10.868      14.388      9.4636       10.18      10.733      11.857      13.011
       8.569      15.547      13.103      2.7311]"
19,transformed_0.30000000000000004,ClusterSampler,0.0004432889340335517,"[     12.064      11.694      14.109      8.1162      14.319        13.8      10.646       12.73      9.7027      17.237      20.122      11.981      1.1898       12.45      17.127      8.7633      9.9226      12.691      10.342      17.423      12.504       14.42        15.3      17.264       15.65      13.104
      14.535      6.9629       17.26      11.389]"
19,transformed_0.30000000000000004,ClusterSampler,0.1217678609144748,"[     10.614      17.004      8.0768      16.812      12.418      15.253      16.429      9.1195      4.6323      17.838      4.8783      9.9988      12.456      11.257      18.238      12.592       9.324      5.5253      1.4463       5.737      10.932      9.6659      7.9311      12.297      5.5806      11.915
      7.1254      6.9023      14.552      10.634]"
19,transformed_0.30000000000000004,ClusterSampler,0.0002173432367761242,"[     8.5761      7.4067       8.254      6.2073      6.3446       8.486      9.5385      13.975    0.024292      10.073      11.177      12.586      1.9202      17.236      7.7604      6.5609      16.499      4.3775      8.9537      6.2264      3.6589      13.636      4.1514      8.8541      13.195       13.64
      5.9185      8.9665      8.3379      11.621]"
19,transformed_0.30000000000000004,ClusterSampler,0.0027927920445715315,"[     5.1576      3.4781      8.6519      12.876      3.2552      9.8023      8.2028      10.831       10.05      12.854      12.351      21.377      15.592      15.448      13.272      9.1488      11.323      17.067      12.593      12.853      13.117      18.697      16.633      11.725      8.5575      9.1175
      18.319      10.557      8.9575      7.9846]"
19,transformed_0.30000000000000004,ClusterSampler,0.00825360568238804,"[     9.2851      8.6044      12.046      9.8122      17.596      9.8721       10.53      10.389        9.04      7.1353       11.39      12.991      10.147      4.9565        16.7      9.6665      9.9968      8.0086      2.9951      17.052       11.45       13.33      6.6721        14.7      8.6084      13.076
      12.564      13.271      15.358      13.705]"
19,transformed_0.30000000000000004,ClusterSampler,0.025858881008097953,"[     14.776      14.622      13.257      12.914      13.726      8.1185      10.911      15.282      13.661      5.7602      15.985      18.368      9.4696      4.2834      2.9509      8.3746      11.538      15.635      14.266      14.955      8.3829      16.557      16.605      6.4797      14.237      4.2489
      9.1956      11.873      4.6089      11.894]"
19,transformed_0.30000000000000004,ClusterSampler,0.0003741177759553788,"[     6.8824       8.656      13.618      10.789      9.7426       10.17      11.994      7.2527      14.062      10.255      14.774       15.55      5.5296      12.668      12.697      13.592       10.27      8.5052      10.117      9.2336       11.37       15.76      4.8923      13.397      16.085      10.963
      19.554      1.4658      12.913      10.041]"
19,transformed_0.30000000000000004,ClusterSampler,0.00536794591204977,"[     13.494      4.8282      14.084      8.2174      18.085      10.341      12.779      12.014      5.3165          12      14.917      15.158      11.388        15.1      13.085      14.991      14.759      17.726      15.936      10.166      16.551      14.044      20.164      12.879      12.597      9.2167
      6.9563      10.405      15.118      14.257]"
19,transformed_0.30000000000000004,ClusterSampler,0.00064787244983479,"[     16.659      7.3364      14.929      7.5793      2.6007      14.549      12.786        12.9      7.8559      10.526      7.5584      16.424      1.2272      3.4085      15.775      12.939      13.119       13.28      12.772      7.4949      16.179      14.118        1.24      11.839      11.452      16.337
      11.969      8.1174      5.1471      13.437]"
19,transformed_0.30000000000000004,ClusterSampler,0.0013101493386923145,"[     6.1807      13.798      9.9886      16.985      10.903      14.946      8.9791      9.7559      15.383      10.663      13.534      6.4147      5.1339      9.0665      4.4715       16.07      10.258      4.8417      8.9175      11.481      7.9657      7.5819      11.922      11.593      16.828      16.657
      10.522      6.7279      13.902      14.194]"
19,transformed_0.30000000000000004,ClusterSampler,0.006893353325971062,"[     13.851      16.217      13.738      7.5258      8.2816      5.6529      12.407      10.952      9.3578       11.49      8.5203     0.74386      17.573      12.667     0.66408      11.006      11.458      15.826      6.6231      11.143      9.9694      12.362      13.307      17.332       8.892      12.911
      18.843      16.779       9.772      10.452]"
19,transformed_0.30000000000000004,ClusterSampler,0.00158405990777549,"[     4.5665      12.708      11.047      10.095      18.176      15.573      11.216      10.337      13.513      13.283      11.154      12.673      17.185      12.319      8.9003       10.75      12.955      10.267      12.223      8.4396      13.909      13.712      14.157      12.273      8.6177      13.431
      12.354      8.5809      3.5294      12.392]"
19,transformed_0.30000000000000004,ClusterSampler,0.00825360568238804,"[     12.358      8.5605      4.1151       11.77      13.555      6.5079       12.52      9.2171      10.022      9.0065      13.374      9.0109      7.5654      7.0075      7.4891      8.1335      8.7629      13.135      12.643      4.7287      17.218      8.3523      11.425       11.22      13.156      12.139
      11.774      5.9174      9.4264      8.9811]"
19,transformed_0.30000000000000004,ClusterSampler,0.0024614877722193918,"[     9.6215      14.016      13.226      16.963      14.808      10.674       14.55      13.796      15.317      13.749      7.8817      11.844      13.126      10.469      14.978      17.048      11.448      5.6503      10.002      5.0287      15.503      8.4197      12.584      9.0641      13.213      15.433
      15.463      13.714      8.3446      12.955]"
19,transformed_0.30000000000000004,ClusterSampler,0.005493995580241356,"[     14.835      15.951      13.379      10.495      8.6457      10.742      14.325    0.052044      13.437      9.8171      13.737      11.305       14.41      10.733      10.822      9.7473      7.6739      8.5897      11.052      19.867      8.3824      17.615      16.385      2.0887      3.6925      14.317
      13.587      4.6501      9.9937      7.7136]"
19,transformed_0.30000000000000004,ClusterSampler,0.0011628064232624626,"[     2.6628      14.595       9.261      3.0692      16.771      10.309      8.9453      8.8386      6.8812      9.9882      12.749      8.7162     0.16577      5.5173      6.0633      8.5744      12.594      12.413      10.519      6.8624      12.861      8.4308      6.4679      13.885      12.815       10.35
        14.1      7.6908      17.532      8.8178]"
19,transformed_0.30000000000000004,ClusterSampler,0.0011902923394734547,"[     13.192      18.421       15.69      10.977      11.066      2.7511      10.346      18.491      8.7084      12.799      2.2549       11.09      14.059      8.4147      12.092      18.693      9.7464      17.387      10.166      1.3566      11.988      15.519      14.597      12.406      16.063      16.659
      9.0676      5.9363      8.3609      10.865]"
20,transformed_0.30000000000000004,RandomSampler,0.013049152105973103,"[   0.068157      6.8224      16.856      12.926      5.3409      10.778      12.887      16.457      13.247      10.088      10.483      17.542      15.233      12.012      9.7652      12.117      17.889      8.1132      1.9075      12.682      11.805      12.695      6.8855      1.7193      11.865      6.7911
       7.804      8.7394      10.179      10.934]"
20,transformed_0.30000000000000004,RandomSampler,0.001441097045688308,"[     8.5702      13.887      8.7443      14.856      9.0292      14.748      12.703      13.951      11.938       11.13      14.222      11.879      13.777      14.169      14.358      7.0304       11.63      4.2491      8.1279      8.1109      8.9749      10.799    0.024423      13.025       16.62      5.2628
      2.3964      2.6624      12.377      9.7843]"
20,transformed_0.30000000000000004,RandomSampler,0.06643980647011856,"[     16.086      12.168      14.176      15.987      15.119      10.403      10.923      15.729      5.2965      9.4677       10.05      15.952      14.963      9.8085      13.104      3.6211      18.702      11.935       7.553      16.817      10.282      12.527      15.156      8.9001       11.15      7.6939
      9.0502      11.239      8.2503      4.6177]"
20,transformed_0.30000000000000004,RandomSampler,0.004788739169676856,"[     15.037      16.529      11.137      11.001      17.807       8.592      15.807      7.8488      11.018      11.056      8.6918      10.691      12.409      11.693      11.319      13.889      14.132      15.211      8.3439      12.842      17.305      4.8251      10.222      14.007      11.056      9.0277
      13.022      13.963      8.8308      9.7544]"
20,transformed_0.30000000000000004,RandomSampler,0.0002826147194562631,"[     10.492      19.193      9.8818      12.374      9.4603      12.952      11.341      12.756      11.742      8.9012      10.861      11.134      10.296      9.4065      10.587      15.173      11.273      10.931      12.006      11.707      13.199      10.281      12.373      11.751      7.0553      16.054
      17.543      15.773      15.271      10.534]"
20,transformed_0.30000000000000004,RandomSampler,0.007545799301677134,"[     11.318      10.585      14.714      7.4626      11.212      12.146        5.16       11.81      14.888      17.075      9.1168      10.032      10.882      9.4808      13.384       12.82      11.317      9.0279      7.8395      11.247       8.755      14.354      11.698      10.881       12.18      7.2775
      14.235       15.06      7.5646      8.6543]"
20,transformed_0.30000000000000004,RandomSampler,9.025375510312666e-05,"[     12.145      11.864      14.653      11.554      12.231      12.468      6.7789      17.094      2.0639      13.623      17.495      12.836      11.612      7.5069      18.574      13.618      11.054      14.569      12.161      10.848      4.5569      11.875      12.827      11.616       11.49      14.018
      9.3957          16      16.892      13.445]"
20,transformed_0.30000000000000004,RandomSampler,0.002777571063577679,"[     10.148      8.8993      11.083      11.254      13.894      10.107      8.9106      14.955      12.769      12.165      10.413      9.7427      11.713      18.783      13.882      5.9194       12.86      14.655      11.502        7.52      10.606     0.98989      11.433      14.049      7.4323      4.9502
      13.964      13.815      15.209      12.928]"
20,transformed_0.30000000000000004,RandomSampler,0.00031514885365852555,"[     6.5504      16.485      4.4984      10.587       10.46       14.09      9.4898      11.538      4.3965      13.781      10.644      12.512      6.7674     0.89472      11.082      11.133      11.448      10.417      13.178      13.597      10.787      10.124      17.652       14.42      12.037      12.212
      9.8673      9.5714       11.04      14.575]"
20,transformed_0.30000000000000004,RandomSampler,0.11252006922499902,"[      12.09      5.6777      16.261      11.601      8.9606      10.256      9.9899      12.525      1.1806     0.81241      6.3984      2.4277      12.475      9.6724      14.465      9.6883      11.196      6.6369      12.656      10.743      12.657      11.087      13.184        15.5      15.337      11.299
      7.1906      13.331      14.614      12.734]"
20,transformed_0.30000000000000004,RandomSampler,0.0010680340605272573,"[     7.0396      14.225       10.99      9.3687      6.3102      9.6998      14.586      4.3101      6.9119      5.2104      14.161      7.7498      13.932      16.673       12.59      7.8248      11.395      12.014      9.4599      15.934      5.4744      10.704      15.936      12.707      16.445      15.311
      15.762      16.931      4.6221      12.305]"
20,transformed_0.30000000000000004,RandomSampler,0.019002727828963784,"[     3.6624      10.579      12.695      11.636      12.258       14.73      10.105      1.9848      9.9472      9.3107      9.3344       12.39      12.788      14.174      9.5507      5.2022      14.837      16.301      10.614      12.993      11.694      10.247      3.2223      12.307      7.5081      10.335
       15.61      8.9393      6.5983      15.826]"
20,transformed_0.30000000000000004,RandomSampler,0.02643139748476553,"[     14.612      2.7225      13.966      10.421      17.304      8.0594      9.3428      12.545      12.924      14.329        11.3      11.124      13.567      14.823       16.51       10.22      11.824       12.04      15.444      11.906      9.4618      12.587      12.113      13.582      6.0141       13.28
      5.5305      11.815      17.369      12.961]"
20,transformed_0.30000000000000004,RandomSampler,0.00010387086044202138,"[     9.1788      15.246      14.807      13.203      16.156      11.045      13.394      7.8042      10.315      10.274      13.522      7.7001      12.233      4.4037      14.804      14.323      16.598      8.2642      11.684      1.0362      12.138      15.322       9.149      14.494      5.0637       2.744
      12.304      11.216     0.40038      12.825]"
20,transformed_0.30000000000000004,RandomSampler,0.0027473725633469343,"[     8.6697      17.028      10.903       10.43      14.287      11.609      13.645      15.078      3.5403      17.201      1.0582      15.091       9.228      15.528      6.1422      11.521      10.312      5.2861      11.382      16.655      8.9501      11.611      10.416      6.8446      10.279      9.2012
      11.944      10.935      8.2785      6.5782]"
20,transformed_0.30000000000000004,RandomSampler,0.00020965924886794728,"[     13.055      8.0561       15.96      9.1135      17.928      14.777      6.6593      13.065      11.158      8.7125       6.106        10.4      13.931      13.039      9.0171      11.229      13.721      13.723      14.217      13.534      18.041      4.2027      14.623      16.268      14.709      16.475
      11.852      15.548      6.3046      13.744]"
20,transformed_0.30000000000000004,RandomSampler,0.002831156871426145,"[     1.2345      11.824       7.088      10.976      15.687      13.882     0.60722      5.2629      7.6165      8.6957      9.7969      3.3009      2.7058      5.1984      12.621       3.985      14.693      6.0902       12.29      16.624      15.439      9.0352      9.6636      5.0657      6.9324       11.53
      6.4023      11.128      19.201      14.005]"
20,transformed_0.30000000000000004,RandomSampler,0.00025489338784666707,"[     10.457      14.297      5.6271      5.7274      11.529      15.474      13.163      8.3137      10.541        7.98      11.066      13.045      14.322      8.0887      18.265      10.772      13.208      6.5848      8.3906      10.698      15.879      14.595      15.747      15.093       9.504      9.3839
      11.192      13.948      12.598      13.574]"
20,transformed_0.30000000000000004,RandomSampler,0.008071245984432667,"[      3.544     0.65043      7.2693       4.907      10.703      14.556      14.512      10.582      9.3548      10.396      4.4373       11.25      11.563      15.115      8.0945      17.353      15.834      5.8726      17.884      3.2899      5.0647       8.283      8.7081      8.5892      16.449      15.478
      13.466      13.173      14.438      6.6626]"
20,transformed_0.30000000000000004,RandomSampler,0.0014164226410804432,"[      10.42      10.364      11.162      8.6178     0.43458      8.7904      10.174      14.406      14.611      11.911       17.84      12.116      12.603      13.301      12.086      2.5366      14.625      12.553      14.629      11.159      14.047      15.847      11.806      11.978      8.5743      16.081
      11.319      4.8793      10.261      9.5356]"
20,transformed_0.30000000000000004,RandomSampler,0.09662282153999552,"[      12.92      10.972      15.853      13.583      14.472       5.916      10.942      16.287      9.3797      16.963      14.197      11.208       9.889      15.969      17.337      9.6592      9.8771      13.772      12.198      10.976      15.323      5.3513      17.089      4.0769      14.797      11.958
      13.595      5.0945      12.726      5.9845]"
20,transformed_0.30000000000000004,RandomSampler,0.00035228318757056715,"[     5.1453      13.863      13.155      9.2097      8.5176      8.9103      11.573     0.12153      16.826       15.21      18.065      16.756      2.5484      13.724      8.7602      3.2366      11.934      10.112      9.1254      12.849      5.9131      8.7795      12.062       12.63      11.896      12.493
      11.708      11.113      11.143      8.8803]"
20,transformed_0.30000000000000004,RandomSampler,0.00019698598702680903,"[      14.96      6.6209      15.266      9.5675      5.3016      13.517      8.1029      12.659      15.751       11.99      13.595      13.169      12.979       11.22      18.679      11.936      0.7303      11.523      7.1836      3.0944      5.3886       12.85      13.057      8.6429       11.88      11.043
      14.363      5.7377      11.934      13.897]"
20,transformed_0.30000000000000004,RandomSampler,0.0012838299828482733,"[     19.407      8.2298       18.47      12.826      7.6499   0.0045935      5.4183      12.476       11.89      8.9693      16.293      11.151      17.989      13.684       15.63      13.772       3.374      8.6579      11.145      12.449      8.2235      11.255      13.075      8.0478      10.221      6.2386
      16.788      7.6465      5.0366      11.654]"
20,transformed_0.30000000000000004,RandomSampler,3.1075381007210824e-05,"[     6.7546     0.38679      9.6617      11.441      7.0436      15.055      6.1799      9.1473      9.9422      10.651      7.3094      13.545      13.133      17.905      11.927      6.3181      11.396      10.692      12.927      14.676      16.712      11.024      8.7399      14.533      1.5321      17.661
      14.479      12.307      12.173      14.873]"
20,transformed_0.30000000000000004,RandomSampler,0.0003705879162254716,"[     10.167      13.558      14.078      5.9233      14.983      17.526      13.819      7.8617      9.8018      20.279      9.9916      6.0988      5.5434      15.383      11.885      11.253        20.4      12.814      12.901      10.826      11.596      12.495      12.408      11.908      10.715      15.609
      14.495      9.0483      7.0403      12.705]"
20,transformed_0.30000000000000004,RandomSampler,0.0017009653756838486,"[     14.497      9.6502      14.688      11.273      13.008      10.128      16.066      17.893      1.6681      10.705      14.782      3.4064      13.217      12.934      10.507      12.254      15.105       10.06       8.405      14.341      13.086      8.1606      9.7412      4.5787      8.9761      11.678
      12.064      8.6639      15.653      12.138]"
20,transformed_0.30000000000000004,RandomSampler,0.0017950938326782922,"[     2.7975      8.7129      8.4076      12.652      14.206      11.486      11.484      7.0114      12.708      14.115      11.422       17.27      17.429      5.0095      3.4079      4.4463      13.197      12.769      12.457       14.68       15.83      16.002      13.074      5.9479       8.917      7.0256
      10.754      11.876      13.863      17.411]"
20,transformed_0.30000000000000004,RandomSampler,0.022597723735506236,"[     5.2725      9.7209      8.3826      12.132      13.635       10.43      14.692      11.386      14.789      11.614      4.6253       12.26      9.6963      7.9546      12.804      13.647      12.184      8.3101       11.53      10.861      13.269      12.817      9.0916      5.4222      13.255      5.5379
      14.613      16.984      8.8963      13.426]"
20,transformed_0.30000000000000004,RandomSampler,0.003198949734887752,"[     12.922      6.1381      7.4654      7.8765      10.596      11.182      13.991      14.643      13.024      10.414      13.681      10.938      10.786      12.801      9.5796      16.599      6.6072      16.013       13.81      11.672      13.108      15.938      14.313      9.8895      8.0801      12.509
      8.8237      15.379      7.2786       19.19]"
20,transformed_0.30000000000000004,RandomSampler,0.024206588262853834,"[     10.732      10.647       8.541      10.439      6.6931      6.4016      11.881      16.478      8.5783      10.659      13.857      11.924       7.128      14.788      12.592      7.2681       10.68      13.027      14.994      14.717      1.8051      12.354      10.655        9.49      12.064      14.641
      5.9227      9.4596       10.75      12.933]"
20,transformed_0.30000000000000004,RandomSampler,0.00010072537203659449,"[      14.68      9.4141      10.255      17.701      7.8859      6.4211      13.289      13.462      11.443      3.5102     0.74072       12.23      16.312        12.5      8.9789    0.095322      16.526       15.41       15.38      15.659      15.115      11.649      7.0303      14.737       15.76      14.369
      6.4325      11.767      10.501       4.199]"
20,transformed_0.30000000000000004,RandomSampler,0.00047181326497990593,"[     11.654      8.4843      13.492      5.7194      11.598      6.7769      13.438          13      5.5052      10.886      8.8145      13.731      9.5228      9.6473      15.249      7.1652      4.8654       6.751      11.641     0.23815      14.036      16.735      2.5968      6.4125      8.6884      12.366
      12.015      15.377      2.7123      7.7351]"
20,transformed_0.30000000000000004,RandomSampler,0.0019371322153160456,"[     10.001    0.021945      13.056      5.8279      11.955      7.3787       4.224      5.8908      11.972      13.334      12.398      16.452      8.6351      15.926      9.1012      10.441      6.3152      10.292      18.595      13.392      13.196      11.729      14.135      14.584      7.0521      4.6993
       9.439      9.8704      5.2276      15.534]"
20,transformed_0.30000000000000004,RandomSampler,0.0038793787355131397,"[     16.126      9.2916      13.337      11.203      14.089      13.946      11.882      8.0013      13.181      15.369      17.016      12.496      14.141      7.6636      7.8355      17.117      13.457      7.7518        12.7      12.386      6.5253      11.771      8.5755      14.005      8.2607      12.463
      14.453      9.3183      8.8144      13.513]"
20,transformed_0.30000000000000004,RandomSampler,0.014541680944285082,"[     17.394      6.8648      17.515        5.33      11.047      9.2782      16.604      17.296      13.506      13.709      16.201      11.874      13.944      16.508      14.197      10.274      9.7821      12.565      7.7887      12.223      8.9766      9.2347      13.763      11.032      4.6898      14.668
      13.903      10.376      9.1999       11.46]"
20,transformed_0.30000000000000004,RandomSampler,8.308369911379874e-05,"[     6.6776      13.171      12.707      6.6722      12.903      11.471      6.5639      9.4419      9.8082      13.026       8.274      17.742      11.308      1.5071      16.451      7.7342      11.675     0.41434      11.374      5.6693      15.796      16.739      14.155      9.2058      5.6087      5.0546
      12.801      11.004       9.899      10.626]"
20,transformed_0.30000000000000004,RandomSampler,0.00884501166319077,"[     17.584      7.4597      10.703      13.374      10.739      5.3766      15.144      14.031      11.207      17.199      14.585      7.2892      10.435       11.57      6.0327      10.271      12.477      17.745      10.191      12.701      6.4308       14.01      10.456      15.341      12.326       5.118
      14.168      3.1322      8.8545      13.253]"
20,transformed_0.30000000000000004,RandomSampler,0.0024956664666346186,"[       9.53      10.984      11.145       12.62       9.029      8.2632      14.628      11.976      15.259      16.665       10.33      10.749      3.6512      17.895      7.7362      15.738      17.246      12.777      10.026       5.238      18.119      16.034      12.962      14.475      6.2691      15.991
      9.9327      11.099      4.6954      15.039]"
20,transformed_0.30000000000000004,RandomSampler,0.0015002266158460455,"[     9.2988      3.1423      11.234      15.807      5.1391      9.7456      12.411      7.9827      1.0826      11.456      6.6582      8.4796      10.718      11.866      12.909      18.279      14.719       9.378      15.212       17.04       8.999      12.363      5.5443      5.0167      14.837      3.3353
      16.294       17.51      1.2108      10.713]"
20,transformed_0.30000000000000004,RandomSampler,0.04632664670404852,"[     7.5655       19.04      14.845      12.209      13.494      9.4393      4.5872      10.557      11.319      11.042      14.208      4.8438      11.636      8.3027      17.472       12.48      8.7286      6.3334       13.16      15.317      12.706       4.201      15.288      14.789      11.551      18.694
      8.2542      11.017      7.7645      13.062]"
20,transformed_0.30000000000000004,RandomSampler,6.22159579747251e-05,"[     18.677       12.83      5.8625      13.797      11.892      6.6431      2.5866      14.415      15.346      21.221      7.8988      9.1837      15.501      14.586      12.006      12.418      10.619      17.526       16.99      13.672      13.031       12.69      12.962      15.234      11.505      13.025
      9.3844      9.8235       19.23      9.2754]"
20,transformed_0.30000000000000004,RandomSampler,0.006841360035555258,"[     15.488      17.118      16.023       10.05      3.8172      11.293      14.246      10.726      9.7233      10.226      13.097      16.708      17.951      13.975      11.193      5.4388      17.669      12.059        9.31      6.6391      11.614       14.71      6.7903      8.3977      13.156      11.221
      10.969      9.3622      12.899      14.304]"
20,transformed_0.30000000000000004,RandomSampler,0.0010039327807193704,"[     15.454      10.327      4.9411       11.58      17.591      5.2546      9.6241       8.482      13.549     0.31505      14.285      7.2102      13.703      9.6274      13.885      9.7512      6.1639      8.6866      7.5988      11.971      11.078      6.1398      13.955     0.18762      17.143      11.153
      13.832      5.2663      12.405      8.9327]"
20,transformed_0.30000000000000004,RandomSampler,0.0003670892370357528,"[      12.48      9.0188      13.431      13.388      10.112      11.977      10.988      12.757      12.708      10.058      16.709      14.045      11.726      14.082      14.496      6.5787      19.851      13.877      3.3145      7.9397      12.604      12.059       13.01      15.195      10.941      16.996
      8.4973      3.4787      10.576      8.2828]"
20,transformed_0.30000000000000004,RandomSampler,0.0014287105752616828,"[     5.8819      12.605      9.9673      6.4539      10.928      11.778      14.738      7.9507      10.831      13.927      10.279      8.2328      15.811      12.143      14.149      9.9094      12.762        15.7      12.714      17.953      10.834      15.327      13.177      8.6478      5.7579      13.107
      14.462       11.56      3.9867       10.74]"
20,transformed_0.30000000000000004,RandomSampler,0.00021522193074924174,"[     16.118      14.485      13.624      6.1179       2.562      2.4501      17.525      12.014      12.851      11.447      11.715      14.028      9.7941      10.319      6.2161      13.804      11.483      16.146      12.331      15.858      16.166      3.7976      10.981      6.9392      8.7818      4.7763
      9.9348      11.632      11.698      9.7347]"
20,transformed_0.30000000000000004,RandomSampler,0.046232728318449545,"[     3.3245      10.466      14.438      1.1907      8.7434      10.429      5.1919       16.68      13.621      8.6745      10.964      7.8455      12.305      11.258       10.79      13.456     0.26101      13.666      16.546      11.168      12.343      7.3994      15.682      9.0442      8.1655      9.7149
      6.5027      11.052      13.741      5.6583]"
20,transformed_0.30000000000000004,RandomSampler,0.010045561187023213,"[     11.901      13.985      12.322      17.148      9.9246      13.924      9.5892      13.723       9.442      7.0546      14.626      15.048      9.9379      10.277      6.1344     0.27037      15.504      11.152      15.254      12.105      10.432      16.057      12.683       13.32      3.7451      16.594
      14.922      10.916       12.67      9.7971]"
20,transformed_0.30000000000000004,RandomSampler,0.001997908460192718,"[     13.533      13.486      9.6618      13.598      10.889      4.3521      15.788      14.505      8.5519      15.857      12.958      13.494      1.0143      12.348      12.884      15.587      3.9522       9.471      15.245      12.079      16.534      8.2251      4.6264       15.99      16.453      16.089
      19.022       10.17      15.041      17.984]"
20,transformed_0.30000000000000004,RandomSampler,3.7076074895940257e-06,"[     14.305      7.8464      16.197      14.898      12.465      18.052       16.54       17.65      17.187      9.6701      12.341      11.702      11.477      14.962      8.2865     0.71744      12.494      12.877      11.037      12.972      12.665      8.4969      13.354      13.642      11.934      9.5393
      12.967      11.841      15.663      11.968]"
20,transformed_0.30000000000000004,RandomSampler,0.0021426511727859407,"[     4.1065      7.6089      10.178      8.4686      14.905       11.19      11.097       11.82      14.888      13.022    0.066504      9.4848       5.993      18.859      13.722      8.2885      15.281      1.3901      15.537      10.995      12.738      17.349      10.055      15.929      9.6485      18.222
      4.0346       13.85      17.652      12.467]"
20,transformed_0.30000000000000004,RandomSampler,0.0029572425202579536,"[     2.9375      7.3709      7.5821      14.743     0.21911       16.66      13.532      14.274      12.148      17.271      8.8901      12.473      11.128      6.9658      13.729      9.5258      3.5587      8.7166      17.522      8.6694      2.7505      9.6322      16.418      15.304      8.5377      10.247
      14.462      11.826      12.527      9.0044]"
20,transformed_0.30000000000000004,RandomSampler,0.00575420250830631,"[     9.9977      8.9949      5.8453      5.6318      12.217      11.304      11.942      16.072      9.3548      11.809      9.2827      9.5367      8.7393      10.647      3.0605      9.1786      9.8684         9.7      16.339        9.63      11.464      10.603      15.768      5.0407      11.329      15.024
      10.175      7.8617      12.463      17.217]"
20,transformed_0.30000000000000004,RandomSampler,0.0018465380221453624,"[     12.983      16.096      13.793      4.7855      8.4316      11.522      6.5876      7.3474      9.4662      10.983      14.258      9.6841      10.089      3.3801      9.1796      10.929      12.964      9.1044      12.871      8.1911      15.212      12.761      19.285      8.3673      13.665      12.961
       10.31      9.1239      3.8287      3.9334]"
20,transformed_0.30000000000000004,RandomSampler,0.0034772665403146573,"[     5.7552      12.798      12.869      11.988      15.298      17.803      10.775      14.605      5.8282      17.454       10.75      12.466       10.31      6.1823       7.632      11.486      6.5689      9.8319      8.5402      10.472      10.109      4.2279      9.3619       16.62      9.6983      13.682
      18.879      13.283      10.997        14.7]"
20,transformed_0.30000000000000004,RandomSampler,0.008151863931390838,"[     11.222      1.3653      13.384      14.257      9.9766      9.0977      9.0304      10.426      12.367      5.6947      12.676      14.672      6.1509      4.8356       13.26      8.8397      14.112      14.703      15.115      10.193      12.701      10.911      15.029      10.059      12.188      10.794
      12.273      12.125      10.276      4.7428]"
20,transformed_0.30000000000000004,RandomSampler,0.0010218732239585565,"[     1.5453        12.5      14.438      11.598      13.476      3.8059      13.318      9.0217      10.705      9.0932      16.415      13.488      4.5994       9.866      11.241        10.8      7.8524      14.838      12.995     0.87092      14.908      0.3098      12.394      13.546      15.834      9.1536
      5.7452       14.01      5.7106      12.754]"
20,transformed_0.30000000000000004,RandomSampler,3.0402882032357974e-05,"[     10.016      13.792      16.283      10.633      6.5092      14.015      12.817      10.384      13.395      1.1083      6.8163      11.395       4.548      11.042      12.294      13.906      10.963       8.394      15.114      10.315      13.399      10.819      11.538       11.39      14.325      11.621
      11.725      14.862      15.024      11.147]"
20,transformed_0.30000000000000004,RandomSampler,7.8334280139381e-05,"[     11.451      6.1649      7.3896      7.0668     0.24839        14.2      15.453      6.3371      5.8407      14.543      15.256      8.5683        12.7      10.187      6.4544      14.922      13.807      21.025      12.568      13.881      11.674      13.525      12.334      13.866      9.2135      15.337
      6.6802      8.8161      11.223      10.662]"
20,transformed_0.30000000000000004,RandomSampler,0.0028622148287316663,"[     12.556      5.0855      14.182       13.63      5.8855      14.357       12.59      14.991      3.0982      5.3313      11.683      9.7258       2.703      17.316      14.778      6.1724       16.74      15.268      15.158      12.005      7.4942      13.336      16.251      9.8168      10.548      9.8232
      12.079      6.7656      10.984      12.386]"
20,transformed_0.30000000000000004,RandomSampler,0.02737037964177757,"[     5.4482      9.3556      4.0985      13.666      11.405      7.6713      3.6469      3.3885      14.565      6.3629       11.63      13.058      17.356      15.488      11.915      5.4572       4.527      10.425      12.055      14.851      13.945      12.223       5.595       6.816      16.184      15.022
      15.801      8.5064      11.746      12.346]"
20,transformed_0.30000000000000004,RandomSampler,0.00012351808397256946,"[     4.9346      13.279      11.777      11.403      10.675       11.68      4.4599      11.467      14.925       14.44      9.2616       10.91      16.054      15.691      5.5558      16.021      3.0905      12.481      4.7008      8.4727      21.189      11.817      12.067       16.41      8.2375      10.249
      13.029      13.992      6.8625      9.0544]"
20,transformed_0.30000000000000004,RandomSampler,0.000820044200305351,"[     12.706      14.082      8.3581      3.1784      11.717      10.828      8.9038      7.0179      15.256     0.65251       12.05      14.355      6.8531      6.6944      7.0045      18.947      6.4611      9.7642       11.62      11.639      9.8405      10.782      5.0696      11.788      12.791      2.5754
      12.567      11.313      12.476      4.3798]"
20,transformed_0.30000000000000004,RandomSampler,0.0028080743033882215,"[      12.56      13.696       15.14      15.146      9.2087      12.881      13.924       10.24      11.885      9.3134      4.9138      2.0505      11.941      7.2786      12.071      10.957      14.821      10.274      6.6051      12.053      11.983      12.013       16.98      9.3788      3.4448      15.059
      13.726      14.036      17.082      14.734]"
20,transformed_0.30000000000000004,RandomSampler,0.04071064781218447,"[     8.6041      15.592       8.068      9.2942      15.526      8.7086      11.212      15.522      6.0302       14.94      9.1892      14.349       4.836       0.249      8.9326      9.5404      15.924      13.433      12.926       13.47      15.897      14.226      1.3012      13.018      7.3458      4.8544
      10.213      10.779      14.653      8.5128]"
20,transformed_0.30000000000000004,RandomSampler,0.0001599229333068006,"[     13.273      4.8601     0.33855      12.973      10.028      15.422      10.828       2.893      16.768      12.857      13.112      12.169      10.493      13.941       13.76      2.6432       6.764      12.286      20.385      10.626       18.46      12.866      16.934      4.0629      4.6524      11.929
      4.9624        8.31      15.684      9.1491]"
20,transformed_0.30000000000000004,RandomSampler,0.009132346640668974,"[     14.619      12.105      10.543      3.3929      11.759      13.307      5.0579       9.226      6.7435      8.4355     0.19793      13.135      9.7979      10.729      12.455      14.656      13.333        15.2      16.475      12.434      9.9939      2.1767      5.7512      9.2751      13.402      12.828
      9.4871      2.6565      9.7002      12.286]"
20,transformed_0.30000000000000004,RandomSampler,0.04357415802304275,"[     9.3695      14.844     0.25586      8.8265      11.788      18.067      14.112      6.7676      9.9265      4.0314      12.573      12.554      9.8883      9.6061      14.066       13.95       12.81      9.7177       9.468      10.557      11.697      2.8136      9.9432      8.0444      15.788       14.11
       17.26      11.865      7.7526      17.206]"
20,transformed_0.30000000000000004,RandomSampler,0.01799098614534548,"[     13.654      15.324      17.583      3.0255      1.4577      9.3249      10.375      5.3454      13.164      13.669      3.8442      10.335      12.773      10.045      6.9127      7.0594      8.9217      9.8803      11.622      6.2445      15.457      1.6655      8.3113       15.49      11.615      14.292
      8.7894       1.058      8.9122      8.7476]"
20,transformed_0.30000000000000004,RandomSampler,0.0033041648620950716,"[     10.102      5.9335      5.2417      6.4225      6.1728      12.291      18.144      5.1201      15.388      15.508      6.8632      9.1976      15.008      8.4665      9.0929      17.228      15.432      6.0386      9.4708      9.8802      4.8952      5.5299       14.41      13.685      11.861      8.8653
      12.953      18.502      16.233      14.901]"
20,transformed_0.30000000000000004,RandomSampler,0.002303361381378523,"[     11.432      13.537      9.9016       11.72      14.059      15.598      11.157      5.7421      16.032      12.698      12.526      13.371      14.042      3.0828      17.035      8.5071      14.292      10.758      9.7713      7.4677      15.411      16.231      10.534      10.155      19.662      12.843
      11.205      13.305      10.187      8.5725]"
20,transformed_0.30000000000000004,RandomSampler,0.00012103695159716234,"[     16.327      16.734      11.377     0.26175      8.5647      10.996      12.511      6.0432       4.262      13.671      3.4175      9.5195      9.2031      4.7576      12.722      10.834      13.637      12.549       5.442      16.437      11.937        8.56      8.4049      13.819      7.5794      14.288
      11.139      12.789      13.946      7.8287]"
20,transformed_0.30000000000000004,RandomSampler,0.0012254922563303744,"[     15.385     0.48555      14.414      14.566      5.5508       14.35      15.031      11.412      11.506       12.97      12.936      8.4957      13.403      6.3512      11.769       3.434      9.4956      14.627      15.833      12.291      14.304      8.6663      15.218      15.982      13.516      9.2602
      16.107      11.727      10.764      12.921]"
20,transformed_0.30000000000000004,RandomSampler,0.0011161228156358401,"[     18.616       10.56      2.2603      9.3849      8.9934      7.5039      12.227      12.778      7.6284      11.469      15.146      5.6972       13.13      15.219      2.3791      7.3073      12.281      13.036      5.4935      16.092      10.824      9.4418      14.706       1.574      10.363      4.7653
      13.527      10.254      8.4491      9.5127]"
20,transformed_0.30000000000000004,RandomSampler,0.004665323378034858,"[     7.9204      14.291      13.222      7.9747      8.8749      5.8428       1.162      13.482      8.0044      9.3965      14.757      10.028      15.652      13.406      11.536      8.6452      11.173      7.9417      7.2712      18.405      4.3719      12.062      15.785      18.622      15.805      3.3098
      10.046      8.0071      11.164      8.9574]"
20,transformed_0.30000000000000004,RandomSampler,0.0029412006544655566,"[     8.7528      7.6701      16.203      9.5008      5.9874      5.2602      15.919      6.7558      11.697      6.5505      11.887      11.384      10.201       14.32      10.194      13.201      11.103      11.034      10.653      8.8449      11.996       16.69      15.141       8.433      3.3402       3.065
      10.448      9.7708      7.5681      12.906]"
20,transformed_0.30000000000000004,RandomSampler,0.00033376229198506095,"[      17.02      10.129      6.0447      7.4614      13.139      5.6205      12.534      9.2675      3.4121      14.067      12.512       11.54      10.279      12.392      10.074       7.723      7.0368      16.373      15.783      11.074      11.457       15.51        10.8      13.142      12.484      3.8062
      7.0504       14.18      9.8389      13.313]"
20,transformed_0.30000000000000004,RandomSampler,0.0064380361333071226,"[     1.3185      12.888      9.6165      10.184      17.612      12.434      9.1982      7.1568      8.1749      15.146       9.003      14.251      4.3326       11.03      11.809      15.354      13.674       9.357      13.179      13.848      14.618      8.1433      12.693      3.0377      8.9735      16.524
      9.9283      13.101      17.693      16.024]"
20,transformed_0.30000000000000004,RandomSampler,0.0030800949700533595,"[      11.11      7.3105      9.9397      9.8415      13.648      8.3781      15.666      8.2896      17.689      11.421      14.173      6.4128       7.491      9.7032      8.6574      11.424      7.0774      12.643      11.469       10.27      12.519      8.6833      12.965    0.096346       7.742      9.1598
      14.475      10.603      8.4805      12.034]"
20,transformed_0.30000000000000004,RandomSampler,0.0002808018756466014,"[     13.151      11.086      8.5726      1.2737      10.858      16.006      12.255       11.11      9.8403      11.704      5.6865      3.9778      11.247      8.0979      9.5001       11.26       9.625      13.879      10.879      6.8464      8.4025      13.809      12.102      12.355      10.789      12.691
      13.764      10.562      9.8888      4.7503]"
20,transformed_0.30000000000000004,RandomSampler,0.00023966367659447287,"[     9.3492      15.787      9.2607      14.029      12.639      12.157      8.3535      10.497       16.69      8.6283      9.6855       6.877      13.806      16.052      13.401      10.847      18.288      13.985      6.1819      9.8877      4.8294      5.3902      6.0186      1.0404      9.0314      13.431
      8.3232      15.362      8.5135      16.138]"
20,transformed_0.30000000000000004,RandomSampler,0.004604694825490125,"[     6.8651      13.038      14.836      11.533      17.542      11.665      12.442      14.572      3.1497      8.7028      13.961      19.192      16.393      8.1307      11.674      11.674       8.545      10.811      8.8098      9.2286      2.5343      4.9852       2.316      13.064      16.157      12.766
      11.234     0.24836      15.306      9.7384]"
20,transformed_0.30000000000000004,RandomSampler,8.222623478937044e-05,"[     8.4069      18.105      10.351      12.629      8.7734      15.859      8.5176      10.628      1.9701      9.2154      9.2478        10.5      11.089      10.545       13.42       2.149      16.413      13.258      11.849      15.587      10.214      10.183      8.3239      14.064      15.796      10.396
      7.6075      13.589      8.7525      14.022]"
20,transformed_0.30000000000000004,RandomSampler,0.0005929391764616146,"[     12.632      2.9101      12.061      7.1848      1.1556      14.867      14.412      16.942      13.541      1.8767      7.4123      8.6575      13.961      3.5767      12.608      7.5957      10.132      11.037      11.683      6.2516      15.272      13.715      13.327      16.309      4.9135       2.838
      8.4737      12.734      3.7835      9.5099]"
20,transformed_0.30000000000000004,RandomSampler,0.00039846695273581157,"[     10.645      13.822      7.5918      10.503      14.039       16.46      11.779      10.083      9.7312      1.0347      7.1595      9.0512      9.3352      7.5545      6.9179      6.2133       11.68      2.4948      11.018      13.043      14.221      8.0436      10.345       10.16      13.953      9.8353
      8.3987      11.226      15.641      5.3013]"
20,transformed_0.30000000000000004,RandomSampler,0.009497523462588232,"[     13.022      6.7914      12.322      15.771      6.8652      10.862      10.118       6.893       16.97      6.8919      16.886      10.569      17.878      16.371      12.844       17.09      13.152      18.506      9.0625      7.1151      6.4442      13.333        17.4      3.7263      8.1033      10.211
      11.635      4.9409      12.248      3.4689]"
20,transformed_0.30000000000000004,RandomSampler,0.0005857128353407227,"[     10.406      8.3768      7.6321      9.8872      7.3065      13.357      10.054     0.15292      5.1715       12.43      5.5292      8.2245      12.386      13.782       12.42      13.895      4.1012      12.965      7.4759      4.0994      3.8508      5.1933       13.66      10.689      15.953       7.345
      18.458      11.355       15.79      15.092]"
20,transformed_0.30000000000000004,RandomSampler,0.00027015551200505245,"[     18.686      14.005      2.8692      17.611      14.243      8.9446      14.946      10.047      10.685      9.7483      14.473      14.355      14.035      10.752      13.171      14.463      11.133      13.447      15.812      8.6944      15.736      12.303      7.5846      9.9961       7.804      13.255
       7.721      13.989      12.839      11.646]"
20,transformed_0.30000000000000004,RandomSampler,0.00027015551200505245,"[     11.218       9.482      18.642     0.28506      10.973      12.261       13.63      4.4738       16.76      5.7494      18.559      8.9759      10.568      13.969      5.6071      13.408      11.106      9.7464      12.611       11.54      16.513      9.0344      12.817      14.239      16.088      15.139
      11.882      8.2613      11.237      10.066]"
20,transformed_0.30000000000000004,RandomSampler,0.0049536329617001894,"[     8.9428      14.691      10.089      9.8866      17.079      12.867      7.9296      13.009      11.838      13.558      9.2407      15.542       12.54       13.71      15.199      13.633       11.14       12.22      10.966      12.357      7.1561      13.108      16.468      15.306      13.477        6.92
      12.994      7.3019      16.341      5.6868]"
20,transformed_0.30000000000000004,RandomSampler,0.006928223181025602,"[      5.794      7.3898      13.452      11.983      14.737      7.1726      13.968      2.9327      14.307      10.543      12.525      3.9037      9.1784      16.764      18.834     0.47531      11.925      4.1955      5.4783      5.5898      13.796       3.274      9.4484      15.034       14.52      17.563
      16.059      4.9149       14.55      10.936]"
20,transformed_0.30000000000000004,RandomSampler,0.0011161228156358401,"[     12.279       14.17      17.281      12.628      12.114    0.072412      9.9321      6.9603       16.08      7.2742      13.056      1.0024      9.5721         2.8       15.29       12.56      5.6921      15.585      9.3456      6.5559      11.581       4.341      6.5851      11.215      5.6357      11.091
      8.1251      14.369        16.6      15.016]"
20,transformed_0.30000000000000004,RandomSampler,0.0001251986530991493,"[     18.215      10.444      10.743      12.518      7.2471      15.622      12.932      13.641      10.355      8.7414      12.325      14.362       5.999      13.811      11.349      12.091      15.018      12.894      10.894      7.6725      13.715      10.893      7.7479      9.6447      7.6384       8.679
      13.066      12.475       13.61       15.25]"
20,transformed_0.30000000000000004,RandomSampler,0.0011292799537698938,"[     17.069    0.037975      9.9909        11.4       12.69      10.298      7.6116      12.773      15.338      12.096      5.1379      14.037      13.501      12.459      12.057      7.6675      5.7242      12.928      9.8446      12.307      9.6371      3.5772      7.5914      9.8777      17.126      10.733
      14.136      7.7992      10.542      12.884]"
20,transformed_0.30000000000000004,RandomSampler,7.698669588902323e-05,"[     6.5063       9.632       8.617       10.79       10.66      6.9206      16.264      14.615      11.699      13.377      11.278      9.4895      10.023      17.458      11.612      8.9247      9.8016      17.325      13.262      5.3988       15.94      9.5374      13.903      11.312      10.183      12.389
      16.174      4.2885      7.1216      14.859]"
20,transformed_0.30000000000000004,RandomSampler,0.00012905915283262242,"[     2.8391      4.1393      12.867      9.9843      16.949       16.33      10.953      8.7904      9.7238      13.095      11.644      16.022      6.6513       12.86      11.568      12.487      13.944      12.517       14.87       10.44       4.818       11.92      13.115      1.5299      4.0375      13.733
      4.1283      10.056      10.706      12.244]"
20,transformed_0.30000000000000004,RandomSampler,0.0003062110834130027,"[     11.308       7.015      13.955      12.181      12.372      17.851       14.18      9.6557      11.838      8.1799      13.063      10.471      12.581      8.6251      11.388      10.277      12.799      14.609       14.61      3.0714       10.92      13.181      1.0086      9.8214      16.627      13.431
        13.2      3.4831      10.637      3.1186]"
20,transformed_0.30000000000000004,RandomSampler,0.010855361942253495,"[     5.8388      10.579        11.5      16.706      13.749      8.6415      10.807      11.588      13.873      17.799      15.917      10.545      13.077      7.1708      14.811      15.254      7.0309     0.58036      14.855      8.8415      8.9981      17.545      14.386       10.24      6.1192      12.172
      9.2684      9.3962      12.999      8.6644]"
20,transformed_0.30000000000000004,RandomSampler,0.0004022445295451455,"[      9.901      15.708       13.91       9.152      10.143      9.6501      13.419      10.769      9.3153      3.0366       15.59      5.1924      6.4454      17.984      8.4364      5.0868       10.86      12.953      11.529      10.312      10.588      3.5175      7.5172      13.536      8.6377      7.6665
      12.162      13.942      10.077      10.555]"
20,transformed_0.30000000000000004,RandomSampler,0.00029560958509630274,"[     13.444      12.703      0.6737      12.347      5.8453      9.5002      12.368      5.2374      17.993      6.3695      8.9061      3.8001      11.226      17.223      10.418      11.325      9.0983      15.406      10.484       6.056      14.072      5.3739       10.03      13.363      14.276      10.046
      9.1753      7.2859      16.428      9.5413]"
20,transformed_0.30000000000000004,RandomSampler,0.0008784132115171325,"[     14.693      4.0785      13.742      11.677      4.1127      10.937      8.9714      11.725      6.4318      11.788       4.368      11.793      10.841      3.3459      4.6809      10.604      10.341       8.954       16.05      9.3542      17.622      14.756       13.57       14.27      9.9537      7.4445
       11.74      14.698      8.7864      6.2517]"
20,transformed_0.30000000000000004,RandomSampler,0.013744982740729743,"[     10.239      12.124      12.843      7.1885      10.864      16.708      2.3855      11.878      13.278        4.65       10.32      12.592      13.224      16.021      13.753       16.94      5.3505      13.435      3.6595      7.5784      10.836      7.6974      12.841      15.041      7.6759      10.924
      18.736      10.701      14.662      9.5018]"
20,transformed_0.30000000000000004,RandomSampler,0.00020156861348408632,"[     13.236      9.5065     0.13355      7.0501        11.5      18.139       14.94      6.6037      7.3344      9.1751      15.423      17.538      15.152      12.461      4.7782      1.9097      4.7957      4.2487      7.8979      10.561      9.1834      12.902      4.9663      13.302      16.169      12.261
      14.249      7.5449      15.136       6.356]"
20,transformed_0.30000000000000004,RandomSampler,0.007833763075700885,"[     6.3884      1.4126      13.141      3.6708      18.936      13.693      16.033      11.024       4.939      16.448       5.229      15.522      13.391      12.187     0.80124      8.1509      10.126      15.662      11.706       12.59      8.7035      13.794      8.2934      10.568      15.771      18.531
      9.7476      13.902      6.8596      14.499]"
20,transformed_0.30000000000000004,RandomSampler,0.0001264732337951403,"[     12.367      12.868      17.276      15.702      9.6442      5.2906      15.023      3.3833      3.2635      10.667      16.829      13.334      7.7068      9.4587      11.738       10.69      6.1481      11.053      8.1316      8.3937      16.223      12.547      11.318      8.5709      14.334      14.699
      2.9938      12.293      13.247      17.578]"
20,transformed_0.30000000000000004,RandomSampler,0.00016643345107191068,"[     6.9609      13.871      12.501      3.9243      16.861      13.251      13.918      10.894      7.4743      10.649      13.663      12.946      10.424      13.997      15.287      7.9362      15.139      12.616      15.557      10.431       1.516      15.646      3.5058      13.138      8.5636      11.459
      18.141      19.595      9.3417       15.17]"
20,transformed_0.30000000000000004,RandomSampler,0.014338734044632968,"[      6.064      9.8806      11.204      11.979      6.8257      8.7806      7.9817      13.036       8.043      10.815       11.07      12.965       10.47      10.936      17.947      12.322      15.617      13.899      4.2181      11.377      10.615      6.7638      5.6138      5.1133      12.005      16.659
      12.255      12.871      13.563      12.451]"
20,transformed_0.30000000000000004,RandomSampler,0.0011799159600289725,"[     15.486      9.7927      1.8179      12.995      14.161      4.8436      8.9913      10.139      6.7398      6.3315      13.179      10.358      13.272      6.4263      15.377      11.265      1.5006      6.4525      11.321      2.1588      13.913      14.651      5.7529      16.439      14.645      11.152
      15.534      16.779     0.34909        12.4]"
20,transformed_0.30000000000000004,RandomSampler,0.010647587851235808,"[     5.4311       7.743      13.326      14.389      11.393      21.657      10.905      10.402      13.242      10.655      8.2166      11.862      10.898      1.8032      9.0075      7.7312      9.6475      14.779      7.5521      12.548      17.381      9.2527      11.079      13.069      17.589        10.1
      4.9386      13.817      5.5705      6.9335]"
20,transformed_0.30000000000000004,RandomSampler,0.0008942622548574181,"[     10.604      19.429      9.4806      8.1632      15.706      6.2615      12.189      7.4077      6.4391      9.7032      18.152      8.5964      13.839      3.4575     0.32003       4.502      11.259       8.215      12.406      9.5769      13.163      14.842      11.947       14.53      14.849      13.535
      6.1923      7.0362      16.581      16.716]"
20,transformed_0.30000000000000004,RandomSampler,0.0034959486655771433,"[     12.919      13.348      16.563      14.229      8.6135      7.8735      14.392     0.62188      3.2922      1.5543     0.77245      13.582      7.2633      3.4148      3.6962      13.053      16.698      16.465       9.355      13.715      13.314      11.932      19.635       13.57      13.256      8.7255
      4.2856      9.7898      9.3978       13.32]"
20,transformed_0.30000000000000004,RandomSampler,0.00027454530353293106,"[     16.716     0.30137      13.695        12.8      13.965       14.05      12.419      19.007      10.679      12.746      10.318       12.32      13.187       9.747      6.9062      15.039      13.839      10.749       10.51      14.264      11.025      5.6299      14.469      6.1159      7.6328      13.155
      16.384      9.4421      14.531       9.818]"
20,transformed_0.30000000000000004,RandomSampler,0.020989390348541012,"[     11.595      12.393       7.174      10.813      10.026      9.1647      10.067      3.5057      15.744      14.067      9.1916      12.539      15.142      11.635      15.836      5.4287      5.1066      9.8435      5.9119      7.8977      13.847      9.9498      13.062      12.158      10.737      9.1401
      11.453      15.168      12.095      12.558]"
20,transformed_0.30000000000000004,RandomSampler,0.0022155003205710623,"[     8.6523      8.7497      7.2199      7.8986      10.617      6.8074      13.113      8.0618      15.287      7.7224      12.544      9.3193      12.575      4.7835       11.33      10.868    0.049547      7.9326       4.055      5.0135       8.154      16.732      9.4317     0.97581      13.172      14.703
      16.112      10.837      11.871      6.6382]"
20,transformed_0.30000000000000004,RandomSampler,0.02580235803528648,"[     13.899      15.369      7.9128      9.8311      12.098      14.759      13.094      13.847      13.349      13.791      15.301      13.953      9.1079      10.397      10.703      12.629      8.8209      15.229      17.523      11.707      9.3801      14.044      11.535      12.431      13.987      16.921
       13.76      12.791      16.874      16.917]"
20,transformed_0.30000000000000004,RandomSampler,0.0005911251063995293,"[     9.1072      1.8332      10.057      8.9332      12.797      5.4539      8.0326      5.3417      7.3398      4.7959      17.178      12.507      12.707      7.5243      8.4402      11.555      4.9477      12.065      5.3254      9.6455      4.1045      10.557      8.0044      8.5453      15.128      15.534
      16.671      3.0496      11.932      9.9838]"
20,transformed_0.30000000000000004,RandomSampler,0.00024279668881536327,"[     12.411      10.158      9.7296      13.443      9.2431      9.9303      15.065      14.213      8.7648       12.66      10.445      7.7545      14.029      10.103      12.775       10.75      9.1153      13.097      4.9963         8.3      13.346      12.539      13.958      15.786      2.5457       10.32
      9.5948      12.807      12.304      13.299]"
20,transformed_0.30000000000000004,RandomSampler,0.00024279668881536327,"[     14.341      8.5128      11.428      11.413      17.361       15.85      12.668      13.782      0.2248       12.85       7.853      11.165      9.9238      8.5781      11.101      17.591      12.554      7.0252      11.172      9.8042        12.7      11.997      7.5707      8.3893      2.5094      15.403
      11.986      9.2532      11.713       11.93]"
20,transformed_0.30000000000000004,RandomSampler,0.01803223248053977,"[     11.071      15.198      14.274      5.1811      10.903      9.5875      14.013      10.785      16.147      17.232      12.132      10.649       11.76      15.137      19.292      12.106     0.18837      14.762      15.874      14.006      14.845      0.5811       9.313      3.4358      11.475      10.385
      12.984      12.933       11.58      14.017]"
20,transformed_0.30000000000000004,RandomSampler,0.013552005953229106,"[     7.2206      15.678      14.353      14.858      5.7726      9.5397      17.855       3.181      3.5571      13.087      14.832      10.799      18.086      5.0453      11.634      9.4093      6.9679      17.151     0.27526      10.961      9.7698      9.2611      14.887       11.19      13.002      11.189
      11.493      15.099      10.151      16.137]"
20,transformed_0.30000000000000004,RandomSampler,0.00031818201374783585,"[     10.007       14.39      9.6719      9.8934      11.176      17.421       5.018      4.3951      12.666      11.059      12.678      14.542      4.0098      15.849      8.3331      13.455      9.2338        8.35      11.428      6.9311       9.194      8.2199      14.028     0.23762       9.129      2.7719
      7.3101      15.913      11.833      12.012]"
20,transformed_0.30000000000000004,RandomSampler,0.018281084369596516,"[     14.257      8.5115      18.362      7.0354      8.7649      13.082      10.301      6.1235      7.7878      12.665      15.563      11.948      9.8907      13.156      8.4512      15.876      2.3928      11.185      8.1727      9.9233      11.812      11.511      5.6892      9.5158      11.789      17.718
      15.861      13.077      4.4246      12.373]"
20,transformed_0.30000000000000004,RandomSampler,0.002717461042384967,"[     13.578      15.527      5.7463      1.1331      11.336      12.567      12.375      11.848      3.7559       4.553      13.512      15.401      4.3367       4.428      8.9914      10.398      13.829      9.5003      8.2383      9.5989      7.2495      12.141      12.989      7.1816       8.619      11.384
      5.0521      13.951      7.4119      14.923]"
20,transformed_0.30000000000000004,RandomSampler,0.007931947194280269,"[     11.242      12.661       14.18      14.162      5.3839      15.608      8.6557      8.4309      2.1993      11.694      13.713      15.928      7.3605      10.615       12.84      12.453      9.3598      10.255      11.743      9.3149      2.4293      16.688      2.8904      14.805      18.189      10.746
      3.3395       1.609      7.3288      11.063]"
20,transformed_0.30000000000000004,RandomSampler,0.0017900167957494706,"[     12.442      13.261      12.896      13.807      6.1767      2.9043      18.901      10.694       10.12      9.7291      16.394      12.819       8.199      14.217      3.2211      13.246      16.142      9.4878      13.914      10.596      4.2725      16.437      1.1101      13.411      9.3932      8.1907
      6.5512      11.993      14.121      13.632]"
20,transformed_0.30000000000000004,RandomSampler,0.0010774952727101476,"[     14.699       11.65       7.953      12.873      3.8396      13.479      17.735        14.8      13.992      6.8938      16.322      14.511      18.755      6.4629      12.975      12.248      14.971      12.713        13.1      9.4631      10.958      5.6632      13.022      11.111      7.1352      10.001
      4.0472      18.018      11.606      3.9444]"
20,transformed_0.30000000000000004,RandomSampler,0.0015795439184888673,"[     10.277      7.5372      8.8052      4.0206      10.474      8.3532      14.564      9.0565      13.109      6.3619      9.7529     0.16469      14.067      15.606      16.108      14.107      16.473      16.382       4.156      15.112      10.966      11.936      15.129      13.753      10.119      2.9035
      9.9066      15.159      10.561      10.715]"
20,transformed_0.30000000000000004,RandomSampler,0.028093717393780922,"[     14.095      11.101      7.1313      9.6842      10.043      13.981      11.432       15.43      10.129      9.2154        8.87      9.4177      16.244      11.074      15.727      9.2925      15.945      7.1746      10.017      12.483      12.723      9.8165      6.1215      14.539      7.7232      15.338
      14.719      10.289      15.141      16.936]"
20,transformed_0.30000000000000004,RandomSampler,4.5716369589780324e-05,"[     13.538       6.471      8.3587      12.047      5.9182      8.1496      10.269      14.537       5.812      14.314      7.8644      11.192      14.399      7.8738      12.588      17.104       10.53      11.182      11.268      1.3917      12.605      10.421      9.0515      17.361      17.368      4.7827
      3.6858      14.035       10.18      14.054]"
20,transformed_0.30000000000000004,RandomSampler,0.0036880251922575356,"[      12.24      10.689      9.7895      13.504      5.2931      13.581      1.3256      13.546      9.5224      7.7312      8.4625      1.8134      11.679      13.139      10.458      7.7433      13.302      4.8038      7.1286      13.331      2.2086      12.555      9.7113      14.688      13.819      16.019
      14.661      10.253      12.394      15.998]"
20,transformed_0.30000000000000004,RandomSampler,0.00023427038855450706,"[     16.517      12.812       17.81      10.846      12.526      16.293      13.962      6.9212      10.927      17.377      13.109      12.113      10.303      7.1274      2.3923      7.2109      12.808      11.808      6.3267      7.5336      10.777      10.219      14.034      10.413      8.0484      14.673
      10.322      11.516     0.59243      5.1459]"
20,transformed_0.30000000000000004,RandomSampler,0.0028778452691037813,"[     16.405      13.494      8.8803        11.4      5.0037      6.7093      14.758      1.7689      14.043      13.991      10.894      3.4479      4.6569      7.7293      8.8067      12.627      13.435      5.9631      12.709      13.455      4.9471      15.705      4.2596      14.345      5.1253      3.2482
      9.9221      2.7722      1.0313      4.9952]"
20,transformed_0.30000000000000004,RandomSampler,0.0005373806965948807,"[     11.608       11.31      12.836      4.2755      14.093     0.67791       3.757      12.697      9.7522      5.5243      6.9149      13.926      13.714      12.946      13.464      15.059      16.667      10.589      18.371      12.207      7.7574      14.405       15.48      14.605      5.9894      19.375
      4.9001      2.7836       13.76      11.706]"
20,transformed_0.30000000000000004,RandomSampler,0.00045026557650093557,"[      10.13      14.941      12.385      12.092      11.859      8.5102       16.56      8.0816      11.986      14.301      14.159      8.7542      15.274      14.757      11.458      14.809      13.151       9.665      15.524        16.2      12.546       7.071      11.672      5.2344      12.196      10.263
      14.416      12.078      8.9153      13.065]"
20,transformed_0.30000000000000004,RandomSampler,6.450897817603324e-06,"[     11.974      4.6146      17.255       6.588       8.706      14.266      8.9414      12.224      7.1812      7.7246      12.585       11.09       18.08     0.14868      11.335      9.7073       19.74      15.188      12.989      6.0603      9.8207      18.146      13.855      1.3015      19.291      13.908
       10.97      18.095      11.915      12.922]"
20,transformed_0.30000000000000004,RandomSampler,0.007991383393138943,"[     14.866      11.825      9.7074      14.157      17.511      6.5242      12.372      14.161      11.702      16.751      14.226      11.451      14.061      13.906      14.121      6.4043      11.264      2.8343      5.5432      9.0097      9.0448      6.5467      8.6667       16.35      5.6465      6.9255
      11.253      13.414      15.283      10.942]"
20,transformed_0.30000000000000004,RandomSampler,0.02557691660375242,"[     13.995      16.246      14.534      7.4442      11.067      13.427       15.12      3.6284      8.1341      7.8491      14.303      8.9907      17.544      13.993       10.96      9.5749       15.42      10.321      8.0574      9.7126      9.5898      9.3712      15.501      11.001       6.262      15.889
      8.9213      8.6025      12.709      12.656]"
20,transformed_0.30000000000000004,RandomSampler,0.004255816944105248,"[     14.388      8.4203      12.285      10.221      12.803      11.467      12.242      14.309      18.011      4.3206      9.3784      14.642      14.538      14.479      6.6356      13.176      11.087      7.9936      14.721      0.8037      10.643      14.197      9.3647      13.793      15.906      9.7572
      11.417      7.7987      14.711      4.4947]"
20,transformed_0.30000000000000004,RandomSampler,0.016832550230014,"[     1.7755      13.114      7.2178      15.385     0.96421      11.113      16.922      14.317      12.606      11.916      5.0105      9.0727      12.703      7.0249       13.44      4.0995      9.9316      7.6745      10.809       14.89      9.2655      17.902       5.939      15.789      8.6959      10.438
      13.767      12.924      10.728      11.211]"
20,transformed_0.30000000000000004,RandomSampler,0.00039348086929736725,"[     12.989      9.6221      12.734      9.6634      14.684       10.73      11.478       4.614      13.823      9.3052      10.058      7.4022       8.839      12.143      6.7304      11.402      14.544      13.343      9.5322      10.295       14.83      6.1806      4.7971      10.561      17.281      13.441
      19.208      1.2986      15.722      1.2513]"
20,transformed_0.30000000000000004,RandomSampler,0.0023290574353778625,"[     13.947      8.1103      15.909      12.908       14.61      15.805      16.043        10.6      9.5201       10.85     0.44831      6.8162      4.3508      9.6987      6.0498      12.353      14.201      13.297      4.2763      15.142      6.1034      11.873      7.1129      8.1808      15.237       10.62
      11.224      8.6016        9.49      17.519]"
20,transformed_0.30000000000000004,RandomSampler,0.00989992178588748,"[     11.838       10.98      13.187      14.082      14.508       11.52      18.586      14.493      16.332      4.1893      7.4833      12.352      10.045      10.883      15.053      15.095       12.98      9.5765      14.137      13.545      9.3595      17.834      10.967      6.5438      11.594      12.121
      9.0986      7.2643      1.9976      14.252]"
20,transformed_0.30000000000000004,RandomSampler,0.0011492876293481029,"[     11.636      7.4225      17.463     0.93081      5.3827      17.157       8.199      7.9973      20.075      13.728      11.242      9.6351      11.973      10.126      11.729      5.9646      8.3831      15.499      13.033      9.4232      14.819      12.874       12.14      9.9798      12.889      6.0765
      9.9224      15.952      5.6326      14.086]"
20,transformed_0.30000000000000004,RandomSampler,0.01506030934554319,"[     4.7763      11.248      12.807      3.3457      1.2859      11.553      10.982      11.497      11.526      16.144      7.7948      6.0391      8.1672      13.114      4.6047      9.4742      7.8792      8.4653      9.6509      16.731      13.817      15.279      13.744      2.9827      3.9308      6.6807
      13.178      18.046       8.302      17.281]"
20,transformed_0.30000000000000004,RandomSampler,0.002348496149939225,"[     8.8482      15.122      3.8439      12.041      12.903      13.339      12.439      10.038      13.686      12.995      17.139      11.953      11.337      14.541      6.8563      11.806      10.704      16.799      9.1513      12.486      17.669      11.737      1.1101      12.271      11.317      13.787
      10.527      15.799      1.9425      16.771]"
20,transformed_0.30000000000000004,RandomSampler,0.003910409722233594,"[     1.6586      7.2921      15.228      11.887      14.087      11.478      18.471       17.49      17.775      12.705      1.7531      13.655      4.3873      16.614       13.65      16.001      9.5673      10.523      15.558      12.211      4.6499      13.658      20.382      13.222      13.476      12.905
      15.127      11.772      6.5357      13.262]"
20,transformed_0.30000000000000004,RandomSampler,0.0022842667845922844,"[     13.877      6.7863       11.98      9.8896      6.8084      7.3518      1.8192       7.944      11.616      9.0595      9.8118      12.618      13.216      11.794      15.123      15.827      6.6159      15.483      7.1411      2.9232      13.486      14.253      3.7571      10.114      9.3461      12.447
      11.372      3.4318       14.06      12.546]"
20,transformed_0.30000000000000004,RandomSampler,0.010881578391368605,"[     9.2972      13.939      15.051      10.505      12.438      14.746       10.16      8.7473      9.7882      11.291      5.8347        12.5      12.297      7.3665       9.599      7.0848      8.7804      11.568      13.513      10.764      13.288      16.201      11.077      4.1592      14.337      17.639
      12.332      15.254      13.866      12.456]"
20,transformed_0.30000000000000004,RandomSampler,0.001280106482229838,"[     12.876      19.935      11.801      3.9398      13.553      5.1174      9.7964      14.036      16.509      9.1126      15.137      9.4854      15.236      9.6454      10.804      16.481      10.645      11.893      11.691      8.6623      12.671      7.4025      12.331      17.782      13.432      10.601
      13.157      10.933      13.778      11.012]"
20,transformed_0.30000000000000004,RandomSampler,0.001280106482229838,"[     10.531      16.891       12.37      16.114       7.646      8.8075      12.591     0.92557      18.414      19.623      11.055      5.5786      18.105      11.814      10.626      4.0811      4.4949      3.6834     0.75986      8.5895      11.604      8.8337      11.376      13.434      12.453      11.497
      14.376     0.19256      11.991      4.3768]"
20,transformed_0.30000000000000004,RandomSampler,0.006620145761405645,"[      11.62      9.3234      10.239      5.7656      3.6809    0.021592      8.1094      7.3538      9.7912      5.1683      15.323      16.979      6.7625      11.973      15.484      14.933      11.425      9.7127      12.784      12.489      12.875      10.279      11.782      8.9199      14.068      14.023
      6.9297      13.586       5.677      12.505]"
20,transformed_0.30000000000000004,RandomSampler,0.007991383393138943,"[     9.6377      10.351      13.603     0.10558      3.8321      6.3196      17.097      10.237      15.269      13.057      10.482      13.322      3.6363      4.3994      8.9224      5.7561      14.139      1.2436      13.621      12.946      12.632      9.4809      7.4873      8.1228       16.62       14.54
        10.6      15.883      10.601      4.9487]"
20,transformed_0.30000000000000004,RandomSampler,0.001593134183757044,"[      14.35      9.4824      11.591      9.6502      14.518      11.982      1.5759      8.1627      11.594      9.5796       11.26      0.5788      9.8295      9.1295      14.197      11.498      10.996      15.448      12.578      9.1408      12.895      15.296        12.3      8.7592      18.996      12.307
      11.124      7.1392      12.718      4.2847]"
20,transformed_0.30000000000000004,RandomSampler,6.511905046360817e-05,"[     11.065      8.0607      14.664      16.237      15.477      10.772     0.57692      13.992      10.109       8.789      15.805      6.4427       10.12      4.1084      10.738      14.232      15.073      2.7713      13.545      3.6543      6.2571      13.283       10.08      8.7288      12.959      7.0106
      15.309      6.9355      15.905      4.1864]"
20,transformed_0.30000000000000004,RandomSampler,0.0007226608593058077,"[      7.582      17.788      12.867      15.654      10.299      23.261      15.858      6.0568      12.079       16.28      10.707      9.8853      8.1351      11.278      13.463      13.594      10.353      14.335      11.698      9.3871      11.523      9.9018      17.934      7.4598      10.031      8.9834
      4.5512       12.65       9.277      2.3955]"
20,transformed_0.30000000000000004,RandomSampler,0.03314661206748139,"[      13.67       17.54      15.995      11.746      16.618      14.157       10.65      15.117      11.812      15.495      9.3716      15.103      8.4139      16.617      3.7774      13.158      14.242      9.6235      9.5969      18.821       8.857       11.39     0.46854      3.6052      7.8439      11.615
      9.9505      8.9038      13.506      18.913]"
20,transformed_0.30000000000000004,RandomSampler,6.134738942578655e-05,"[     4.6122      8.6652      10.562      17.103      11.211      8.3764      15.336      10.256      8.7271      14.049     0.23502      1.5383       9.045      6.2365      9.5164       14.61       17.24      11.011      15.623      16.831      11.483      14.861      14.796      9.2933      16.138      14.063
      6.6079      15.431      6.0527      13.785]"
20,transformed_0.30000000000000004,RandomSampler,0.0376166455025619,"[      15.47      13.177      16.095        6.46       17.98      9.8321      15.276      16.224      15.343      15.012      8.9782      14.918      7.2568      12.287      12.459       17.85      15.385      13.285      9.8368      9.6791      10.513      9.9503      8.1673      4.9879     0.34063      12.375
      7.3031      10.187      3.0506      5.7296]"
20,transformed_0.30000000000000004,RandomSampler,0.007892534131041023,"[     12.112      7.2687      12.044      7.4357      14.843      9.1989      12.693      7.7146      8.7402      15.209      14.621      12.916      17.184      9.3278       13.64      12.422      12.874      8.8012      11.434      8.8739      14.762      9.5379       14.61      11.656      15.536      9.2089
      10.965      13.001      10.354      11.725]"
20,transformed_0.30000000000000004,RandomSampler,0.0008654043434970432,"[     13.685      13.495      9.3374      13.776       11.87      9.0657      15.208      10.497      12.607      14.508      12.424      10.067      9.2075      14.371      11.967      16.282      12.085      6.8723      14.819      11.478      4.4433      10.499      14.401      12.732      16.009      13.894
      16.487      12.369      10.573      17.316]"
20,transformed_0.30000000000000004,RandomSampler,0.01041812889261246,"[     17.008      12.662      6.7008      10.815      9.6278      13.072      12.682      16.833      17.482      10.149      9.6503       12.27      11.779      17.677      7.6995      8.7002      6.6005      16.619      15.965      19.408      3.8899      9.2493      11.748      7.3526      3.4936      12.012
       14.04      12.983      15.138      13.289]"
20,transformed_0.30000000000000004,RandomSampler,0.0015615854063557332,"[     14.022      9.4886      11.186      16.736      6.8632      12.913      4.7308      18.611      12.881      13.021      6.5035      9.1033      12.955        6.76      15.053      12.006      14.968      17.485      11.556      8.1688      9.2271      6.7537      11.841      13.468      16.874      13.099
      4.6336      5.9127      10.319      2.4119]"
20,transformed_0.30000000000000004,RandomSampler,0.000382476722073056,"[     12.977      1.7608      8.3104      10.769      10.883      15.972      9.0477      16.521      13.222       12.22      9.2564       12.14      5.6099      11.054      12.415      11.908      7.0392      6.6132    0.080498      14.895      19.609      12.691      12.841      12.576      13.086      11.945
       2.307       13.67      6.4551      3.9487]"
20,transformed_0.30000000000000004,RandomSampler,0.00027900054237704595,"[     10.272      14.025       10.86      5.6629      11.762      12.222      8.6502       14.65      5.4367      12.901      8.0103      6.5138     0.75757      13.519      6.6415      19.484      9.6095       8.824       11.69      7.6672      16.706      8.0884      5.0027      12.217      14.157      8.1003
      11.159      14.061      10.867      12.066]"
20,transformed_0.30000000000000004,RandomSampler,6.580697910112126e-05,"[     11.009      5.4543      2.0495      16.638      10.378      10.215      13.846       9.151      13.634      11.173      11.153       8.274      8.3848      6.4593      17.412      8.6189      6.2152      13.003      8.2679      14.451      6.1046      10.729      10.046      16.495      12.244      16.201
      6.6767      12.353      8.9258      10.656]"
