,fold,sampler,pvalue,loss
0,ind,ClassOrderSampler,0.03671924235633398,"[-1, -1, -1, -1, -1, -1, -1, -1, -1, -1, -1, -1, -1, -1, -1, -1, -1, -1, -1, -1, -1, -1, -1, -1, -1, -1, -1, -1, -1, -1, -1, -1, -1, -1, -1, -1, -1, -1, -1, -1, -1, -1, -1, -1, -1, -1, -1, -1, -1, -1]"
0,ind,ClassOrderSampler,0.30164817071593786,"[-1, -1, -1, -1, -1, -1, -1, -1, -1, -1, -1, -1, -1, -1, -1, -1, -1, -1, -1, -1, -1, -1, -1, -1, -1, -1, -1, -1, -1, -1, -1, -1, -1, -1, -1, -1, -1, -1, -1, -1, -1, -1, -1, -1, -1, -1, -1, -1, -1, -1]"
0,ind,ClassOrderSampler,0.04250099557831127,"[-1, -1, -1, -1, -1, -1, -1, -1, -1, -1, -1, -1, -1, -1, -1, -1, -1, -1, -1, -1, -1, -1, -1, -1, -1, -1, -1, -1, -1, -1, -1, -1, -1, -1, -1, -1, -1, -1, -1, -1, -1, -1, -1, -1, -1, -1, -1, -1, -1, -1]"
0,ind,ClassOrderSampler,0.19771815506380025,"[-1, -1, -1, -1, -1, -1]"
0,ind,ClassOrderSampler,0.09637896863675012,[]
0,ind,ClassOrderSampler,0.13978738073138175,[]
0,ind,ClassOrderSampler,0.09637896863675012,[]
0,ind,ClassOrderSampler,0.09637896863675012,[]
0,ind,ClassOrderSampler,0.10940021891762532,[]
0,ind,ClassOrderSampler,0.10940021891762532,[]
0,ind,ClassOrderSampler,0.4384825528946404,[]
0,ind,ClassOrderSampler,0.2726059228233965,[]
0,ind,ClassOrderSampler,0.15735404195419808,[]
0,ind,ClassOrderSampler,0.36600349457758286,[]
0,ind,ClassOrderSampler,0.36600349457758286,[]
0,ind,ClassOrderSampler,0.2726059228233965,[]
0,ind,ClassOrderSampler,0.07418062624663692,[]
0,ind,ClassOrderSampler,0.22069379973163314,[]
0,ind,ClassOrderSampler,0.245635779080603,[]
0,ind,ClassOrderSampler,0.36600349457758286,[]
0,ind,ClassOrderSampler,0.2726059228233965,[]
0,ind,ClassOrderSampler,0.36600349457758286,[]
0,ind,ClassOrderSampler,0.33278335696848904,[]
0,ind,ClassOrderSampler,0.33278335696848904,[]
0,ind,ClassOrderSampler,0.15735404195419808,[]
0,ind,ClassOrderSampler,0.05646337471956078,[]
0,ind,ClassOrderSampler,0.10940021891762532,[]
0,ind,ClassOrderSampler,0.12383608263666965,[]
0,ind,ClassOrderSampler,0.15735404195419808,[]
0,ind,ClassOrderSampler,0.17663340938575742,[]
0,ind,ClassOrderSampler,0.07418062624663692,[]
0,ind,ClassOrderSampler,0.15735404195419808,[]
0,ind,ClassOrderSampler,0.13978738073138175,[]
0,ind,ClassOrderSampler,0.2726059228233965,[]
0,ind,ClassOrderSampler,0.08467200369584534,[]
0,ind,ClassOrderSampler,0.06480869665940504,[]
0,ind,ClassOrderSampler,0.15735404195419808,[]
0,ind,ClassOrderSampler,0.30164817071593786,[]
0,ind,ClassOrderSampler,0.09637896863675012,[]
0,ind,ClassOrderSampler,0.09637896863675012,[]
0,ind,ClassOrderSampler,0.04250099557831127,[]
0,ind,ClassOrderSampler,0.13978738073138175,[]
0,ind,ClassOrderSampler,0.05646337471956078,[]
0,ind,ClassOrderSampler,0.05646337471956078,[]
0,ind,ClassOrderSampler,0.023284310416977406,[]
0,ind,ClassOrderSampler,0.027178678465182238,[]
0,ind,ClassOrderSampler,0.07418062624663692,[]
0,ind,ClassOrderSampler,0.15735404195419808,[]
0,ind,ClassOrderSampler,0.08467200369584534,[]
0,ind,ClassOrderSampler,0.12383608263666965,[]
0,ind,ClassOrderSampler,0.07418062624663692,[]
0,ind,ClassOrderSampler,0.33278335696848904,[]
0,ind,ClassOrderSampler,0.15735404195419808,[]
0,ind,ClassOrderSampler,0.19771815506380025,[]
0,ind,ClassOrderSampler,0.12383608263666965,[]
0,ind,ClassOrderSampler,0.03163522545032927,[]
0,ind,ClassOrderSampler,0.10940021891762532,[]
0,ind,ClassOrderSampler,0.2726059228233965,[]
0,ind,ClassOrderSampler,0.17663340938575742,[]
0,ind,ClassOrderSampler,0.245635779080603,[]
0,ind,ClassOrderSampler,0.17663340938575742,[]
0,ind,ClassOrderSampler,0.15735404195419808,[]
0,ind,ClassOrderSampler,0.13978738073138175,[]
0,ind,ClassOrderSampler,0.06480869665940504,[]
0,ind,ClassOrderSampler,0.09637896863675012,[]
0,ind,ClassOrderSampler,0.07418062624663692,[]
0,ind,ClassOrderSampler,0.01989177048074744,[]
0,ind,ClassOrderSampler,0.03671924235633398,[]
0,ind,ClassOrderSampler,0.12383608263666965,[]
0,ind,ClassOrderSampler,0.245635779080603,[]
0,ind,ClassOrderSampler,0.2726059228233965,[]
0,ind,ClassOrderSampler,0.12383608263666965,[]
0,ind,ClassOrderSampler,0.30164817071593786,[]
0,ind,ClassOrderSampler,0.19771815506380025,[]
0,ind,ClassOrderSampler,0.4384825528946404,[]
0,ind,ClassOrderSampler,0.2726059228233965,[]
0,ind,ClassOrderSampler,0.13978738073138175,[]
0,ind,ClassOrderSampler,0.22069379973163314,[]
0,ind,ClassOrderSampler,0.10940021891762532,[]
0,ind,ClassOrderSampler,0.10940021891762532,[]
0,ind,ClassOrderSampler,0.13978738073138175,[]
0,ind,ClassOrderSampler,0.4775173786603891,[]
0,ind,ClassOrderSampler,0.09637896863675012,[]
0,ind,ClassOrderSampler,0.40126529107579995,[]
0,ind,ClassOrderSampler,0.17663340938575742,[]
0,ind,ClassOrderSampler,0.30164817071593786,[]
0,ind,ClassOrderSampler,0.15735404195419808,[]
0,ind,ClassOrderSampler,0.2726059228233965,[]
0,ind,ClassOrderSampler,0.08467200369584534,[]
0,ind,ClassOrderSampler,0.22069379973163314,[]
0,ind,ClassOrderSampler,0.40126529107579995,[]
0,ind,ClassOrderSampler,0.22069379973163314,[]
0,ind,ClassOrderSampler,0.19771815506380025,[]
0,ind,ClassOrderSampler,0.06480869665940504,[]
0,ind,ClassOrderSampler,0.07418062624663692,[]
0,ind,ClassOrderSampler,0.12383608263666965,[]
0,ind,ClassOrderSampler,0.03163522545032927,[]
0,ind,ClassOrderSampler,0.245635779080603,[]
0,ind,ClassOrderSampler,0.17663340938575742,[]
1,ind,ClusterSampler,0.006101096083022006,"[-1, -1, -1, -1, -1, -1, -1, -1, -1, -1, -1, -1, -1, -1, -1, -1, -1, -1, -1, -1, -1, -1, -1, -1, -1, -1, -1, -1, -1, -1, -1, -1, -1, -1, -1, -1, -1, -1, -1, -1, -1, -1, -1, -1, -1, -1, -1, -1, -1, -1]"
1,ind,ClusterSampler,0.03163522545032927,"[-1, -1, -1, -1, -1, -1, -1, -1, -1, -1, -1, -1, -1, -1, -1, -1, -1, -1, -1, -1, -1, -1, -1, -1, -1, -1, -1, -1, -1, -1, -1, -1, -1, -1, -1, -1, -1, -1, -1, -1, -1, -1, -1, -1, -1, -1, -1, -1, -1, -1]"
1,ind,ClusterSampler,0.027178678465182238,"[-1, -1, -1, -1, -1, -1, -1, -1, -1, -1, -1, -1, -1, -1, -1, -1, -1, -1, -1, -1, -1, -1, -1, -1, -1, -1, -1, -1, -1, -1, -1, -1, -1, -1, -1, -1, -1, -1, -1, -1, -1, -1, -1, -1, -1, -1, -1, -1, -1, -1]"
1,ind,ClusterSampler,0.014394868112024752,"[-1, -1, -1, -1, -1, -1]"
1,ind,ClusterSampler,0.023284310416977406,[]
1,ind,ClusterSampler,0.13978738073138175,[]
1,ind,ClusterSampler,0.03163522545032927,[]
1,ind,ClusterSampler,0.008674643734299154,[]
1,ind,ClusterSampler,0.08467200369584534,[]
1,ind,ClusterSampler,0.04250099557831127,[]
1,ind,ClusterSampler,0.03671924235633398,[]
1,ind,ClusterSampler,0.001980634470162494,[]
1,ind,ClusterSampler,0.014394868112024752,[]
1,ind,ClusterSampler,0.0010849682217812634,[]
1,ind,ClusterSampler,0.12383608263666965,[]
1,ind,ClusterSampler,0.03163522545032927,[]
1,ind,ClusterSampler,0.007285384085566508,[]
1,ind,ClusterSampler,0.01989177048074744,[]
1,ind,ClusterSampler,0.07418062624663692,[]
1,ind,ClusterSampler,0.027178678465182238,[]
1,ind,ClusterSampler,0.027178678465182238,[]
1,ind,ClusterSampler,0.13978738073138175,[]
1,ind,ClusterSampler,0.06480869665940504,[]
1,ind,ClusterSampler,0.03671924235633398,[]
1,ind,ClusterSampler,0.0008825360043522921,[]
1,ind,ClusterSampler,0.04905569391040577,[]
1,ind,ClusterSampler,0.19771815506380025,[]
1,ind,ClusterSampler,0.0035218399057343214,[]
1,ind,ClusterSampler,0.001980634470162494,[]
1,ind,ClusterSampler,0.027178678465182238,[]
1,ind,ClusterSampler,0.0004666141462373024,[]
1,ind,ClusterSampler,0.05646337471956078,[]
1,ind,ClusterSampler,0.12383608263666965,[]
1,ind,ClusterSampler,0.006101096083022006,[]
1,ind,ClusterSampler,0.15735404195419808,[]
1,ind,ClusterSampler,0.008674643734299154,[]
1,ind,ClusterSampler,0.027178678465182238,[]
1,ind,ClusterSampler,0.002915486165864586,[]
1,ind,ClusterSampler,0.01989177048074744,[]
1,ind,ClusterSampler,0.08467200369584534,[]
1,ind,ClusterSampler,0.13978738073138175,[]
1,ind,ClusterSampler,0.06480869665940504,[]
1,ind,ClusterSampler,0.04250099557831127,[]
1,ind,ClusterSampler,0.010299320265984563,[]
1,ind,ClusterSampler,0.10940021891762532,[]
1,ind,ClusterSampler,0.027178678465182238,[]
1,ind,ClusterSampler,0.007285384085566508,[]
1,ind,ClusterSampler,0.014394868112024752,[]
1,ind,ClusterSampler,0.01989177048074744,[]
1,ind,ClusterSampler,0.01989177048074744,[]
1,ind,ClusterSampler,0.13978738073138175,[]
1,ind,ClusterSampler,0.023284310416977406,[]
1,ind,ClusterSampler,0.002406525116404218,[]
1,ind,ClusterSampler,0.15735404195419808,[]
1,ind,ClusterSampler,0.03163522545032927,[]
1,ind,ClusterSampler,0.03163522545032927,[]
1,ind,ClusterSampler,0.027178678465182238,[]
1,ind,ClusterSampler,0.10940021891762532,[]
1,ind,ClusterSampler,0.10940021891762532,[]
1,ind,ClusterSampler,0.027178678465182238,[]
1,ind,ClusterSampler,0.13978738073138175,[]
1,ind,ClusterSampler,0.10940021891762532,[]
1,ind,ClusterSampler,0.15735404195419808,[]
1,ind,ClusterSampler,0.010299320265984563,[]
1,ind,ClusterSampler,0.008674643734299154,[]
1,ind,ClusterSampler,0.09637896863675012,[]
1,ind,ClusterSampler,0.004241990803885136,[]
1,ind,ClusterSampler,0.0005787711409339811,[]
1,ind,ClusterSampler,0.012193440103454143,[]
1,ind,ClusterSampler,0.023284310416977406,[]
1,ind,ClusterSampler,1.2813707062952988e-05,[]
1,ind,ClusterSampler,0.010299320265984563,[]
1,ind,ClusterSampler,0.014394868112024752,[]
1,ind,ClusterSampler,0.19771815506380025,[]
1,ind,ClusterSampler,0.01989177048074744,[]
1,ind,ClusterSampler,0.09637896863675012,[]
1,ind,ClusterSampler,0.10940021891762532,[]
1,ind,ClusterSampler,0.04250099557831127,[]
1,ind,ClusterSampler,0.006101096083022006,[]
1,ind,ClusterSampler,0.008674643734299154,[]
1,ind,ClusterSampler,0.0013299072046171411,[]
1,ind,ClusterSampler,0.0003750703116485497,[]
1,ind,ClusterSampler,0.016945555236092667,[]
1,ind,ClusterSampler,0.008674643734299154,[]
1,ind,ClusterSampler,0.08467200369584534,[]
1,ind,ClusterSampler,0.03671924235633398,[]
1,ind,ClusterSampler,0.17663340938575742,[]
1,ind,ClusterSampler,0.04250099557831127,[]
1,ind,ClusterSampler,0.016945555236092667,[]
1,ind,ClusterSampler,0.0005787711409339811,[]
1,ind,ClusterSampler,0.0010849682217812634,[]
1,ind,ClusterSampler,0.007285384085566508,[]
1,ind,ClusterSampler,0.0004666141462373024,[]
1,ind,ClusterSampler,0.004241990803885136,[]
1,ind,ClusterSampler,0.006101096083022006,[]
1,ind,ClusterSampler,0.016945555236092667,[]
1,ind,ClusterSampler,0.05646337471956078,[]
1,ind,ClusterSampler,0.05646337471956078,[]
1,ind,ClusterSampler,0.010299320265984563,[]
2,ind,RandomSampler,0.7753714704202369,"[-1, -1, -1, -1, -1, -1, -1, -1, -1, -1, -1, -1, -1, -1, -1, -1, -1, -1, -1, -1, -1, -1, -1, -1, -1, -1, -1, -1, -1, -1, -1, -1, -1, -1, -1, -1, -1, -1, -1, -1, -1, -1, -1, -1, -1, -1, -1, -1, -1, -1]"
2,ind,RandomSampler,0.7753714704202369,"[-1, -1, -1, -1, -1, -1, -1, -1, -1, -1, -1, -1, -1, -1, -1, -1, -1, -1, -1, -1, -1, -1, -1, -1, -1, -1, -1, -1, -1, -1, -1, -1, -1, -1, -1, -1, -1, -1, -1, -1, -1, -1, -1, -1, -1, -1, -1, -1, -1, -1]"
2,ind,RandomSampler,0.6467678917605251,"[-1, -1, -1, -1, -1, -1, -1, -1, -1, -1, -1, -1, -1, -1, -1, -1, -1, -1, -1, -1, -1, -1, -1, -1, -1, -1, -1, -1, -1, -1, -1, -1, -1, -1, -1, -1, -1, -1, -1, -1, -1, -1, -1, -1, -1, -1, -1, -1, -1, -1]"
2,ind,RandomSampler,0.9157005084325359,"[-1, -1, -1, -1, -1, -1]"
2,ind,RandomSampler,0.5601735972382819,[]
2,ind,RandomSampler,0.7753714704202369,[]
2,ind,RandomSampler,0.8152738484285383,[]
2,ind,RandomSampler,0.7335059039434545,[]
2,ind,RandomSampler,0.7335059039434545,[]
2,ind,RandomSampler,0.8152738484285383,[]
2,ind,RandomSampler,0.8524486633223337,[]
2,ind,RandomSampler,0.6031823445110388,[]
2,ind,RandomSampler,0.8524486633223337,[]
2,ind,RandomSampler,0.9157005084325359,[]
2,ind,RandomSampler,0.8524486633223337,[]
2,ind,RandomSampler,0.5601735972382819,[]
2,ind,RandomSampler,0.7753714704202369,[]
2,ind,RandomSampler,0.6904117828902023,[]
2,ind,RandomSampler,0.5181704225209629,[]
2,ind,RandomSampler,0.7335059039434545,[]
2,ind,RandomSampler,0.8861469777959968,[]
2,ind,RandomSampler,0.8861469777959968,[]
2,ind,RandomSampler,0.8152738484285383,[]
2,ind,RandomSampler,0.4775173786603891,[]
2,ind,RandomSampler,0.8152738484285383,[]
2,ind,RandomSampler,0.6031823445110388,[]
2,ind,RandomSampler,0.8524486633223337,[]
2,ind,RandomSampler,0.7753714704202369,[]
2,ind,RandomSampler,0.7753714704202369,[]
2,ind,RandomSampler,0.5181704225209629,[]
2,ind,RandomSampler,0.8524486633223337,[]
2,ind,RandomSampler,0.7753714704202369,[]
2,ind,RandomSampler,0.7753714704202369,[]
2,ind,RandomSampler,0.8524486633223337,[]
2,ind,RandomSampler,0.7335059039434545,[]
2,ind,RandomSampler,0.8152738484285383,[]
2,ind,RandomSampler,0.7335059039434545,[]
2,ind,RandomSampler,0.8861469777959968,[]
2,ind,RandomSampler,0.8152738484285383,[]
2,ind,RandomSampler,0.36600349457758286,[]
2,ind,RandomSampler,0.8524486633223337,[]
2,ind,RandomSampler,0.8861469777959968,[]
2,ind,RandomSampler,0.6904117828902023,[]
2,ind,RandomSampler,0.7753714704202369,[]
2,ind,RandomSampler,0.5601735972382819,[]
2,ind,RandomSampler,0.7335059039434545,[]
2,ind,RandomSampler,0.6467678917605251,[]
2,ind,RandomSampler,0.8861469777959968,[]
2,ind,RandomSampler,0.7753714704202369,[]
2,ind,RandomSampler,0.8152738484285383,[]
2,ind,RandomSampler,0.6904117828902023,[]
2,ind,RandomSampler,0.8152738484285383,[]
2,ind,RandomSampler,0.5181704225209629,[]
2,ind,RandomSampler,0.5601735972382819,[]
2,ind,RandomSampler,0.6467678917605251,[]
2,ind,RandomSampler,0.6904117828902023,[]
2,ind,RandomSampler,0.6467678917605251,[]
2,ind,RandomSampler,0.8152738484285383,[]
2,ind,RandomSampler,0.8524486633223337,[]
2,ind,RandomSampler,0.7753714704202369,[]
2,ind,RandomSampler,0.6904117828902023,[]
2,ind,RandomSampler,0.8152738484285383,[]
2,ind,RandomSampler,0.6904117828902023,[]
2,ind,RandomSampler,0.8861469777959968,[]
2,ind,RandomSampler,0.8861469777959968,[]
2,ind,RandomSampler,0.6904117828902023,[]
2,ind,RandomSampler,0.8524486633223337,[]
2,ind,RandomSampler,0.8524486633223337,[]
2,ind,RandomSampler,0.7335059039434545,[]
2,ind,RandomSampler,0.8152738484285383,[]
2,ind,RandomSampler,0.6467678917605251,[]
2,ind,RandomSampler,0.4775173786603891,[]
2,ind,RandomSampler,0.8152738484285383,[]
2,ind,RandomSampler,0.8524486633223337,[]
2,ind,RandomSampler,0.8861469777959968,[]
2,ind,RandomSampler,0.8524486633223337,[]
2,ind,RandomSampler,0.6467678917605251,[]
2,ind,RandomSampler,0.7753714704202369,[]
2,ind,RandomSampler,0.8524486633223337,[]
2,ind,RandomSampler,0.5601735972382819,[]
2,ind,RandomSampler,0.8524486633223337,[]
2,ind,RandomSampler,0.6467678917605251,[]
2,ind,RandomSampler,0.7753714704202369,[]
2,ind,RandomSampler,0.7753714704202369,[]
2,ind,RandomSampler,0.8524486633223337,[]
2,ind,RandomSampler,0.9157005084325359,[]
2,ind,RandomSampler,0.7335059039434545,[]
2,ind,RandomSampler,0.6904117828902023,[]
2,ind,RandomSampler,0.6904117828902023,[]
2,ind,RandomSampler,0.6904117828902023,[]
2,ind,RandomSampler,0.8861469777959968,[]
2,ind,RandomSampler,0.7753714704202369,[]
2,ind,RandomSampler,0.5181704225209629,[]
2,ind,RandomSampler,0.8152738484285383,[]
2,ind,RandomSampler,0.7753714704202369,[]
2,ind,RandomSampler,0.6031823445110388,[]
2,ind,RandomSampler,0.6467678917605251,[]
2,ind,RandomSampler,0.8524486633223337,[]
2,ind,RandomSampler,0.8152738484285383,[]
3,CIFAR10,ClassOrderSampler,3.2056102127479306e-07,"[-1, -1, -1, -1, -1, -1, -1, -1, -1, -1, -1, -1, -1, -1, -1, -1, -1, -1, -1, -1, -1, -1, -1, -1, -1, -1, -1, -1, -1, -1, -1, -1, -1, -1, -1, -1, -1, -1, -1, -1, -1, -1, -1, -1, -1, -1, -1, -1, -1, -1]"
3,CIFAR10,ClassOrderSampler,7.579534811982887e-10,"[-1, -1, -1, -1, -1, -1, -1, -1, -1, -1, -1, -1, -1, -1, -1, -1, -1, -1, -1, -1, -1, -1, -1, -1, -1, -1, -1, -1, -1, -1, -1, -1, -1, -1, -1, -1, -1, -1, -1, -1, -1, -1, -1, -1, -1, -1, -1, -1, -1, -1]"
3,CIFAR10,ClassOrderSampler,3.6041233703317315e-10,"[-1, -1, -1, -1, -1, -1, -1, -1, -1, -1, -1, -1, -1, -1, -1, -1, -1, -1, -1, -1, -1, -1, -1, -1, -1, -1, -1, -1, -1, -1, -1, -1, -1, -1, -1, -1, -1, -1, -1, -1, -1, -1, -1, -1, -1, -1, -1, -1, -1, -1]"
3,CIFAR10,ClassOrderSampler,1.57066312186481e-09,"[-1, -1, -1, -1, -1, -1, -1, -1, -1, -1, -1, -1, -1, -1, -1, -1, -1, -1, -1, -1, -1, -1, -1, -1, -1, -1, -1, -1, -1, -1, -1, -1, -1, -1, -1, -1, -1, -1, -1, -1, -1, -1, -1, -1, -1, -1, -1, -1, -1, -1]"
3,CIFAR10,ClassOrderSampler,4.365679378939068e-06,"[-1, -1, -1, -1, -1, -1, -1, -1, -1, -1, -1, -1, -1, -1, -1, -1, -1, -1, -1, -1, -1, -1, -1, -1, -1, -1, -1, -1, -1, -1, -1, -1, -1, -1, -1, -1, -1, -1, -1, -1, -1, -1, -1, -1, -1, -1, -1, -1, -1, -1]"
3,CIFAR10,ClassOrderSampler,6.457541418962002e-09,"[-1, -1, -1, -1, -1, -1, -1, -1, -1, -1, -1, -1, -1, -1, -1, -1, -1, -1, -1, -1, -1, -1, -1, -1, -1, -1, -1, -1, -1, -1, -1, -1, -1, -1, -1, -1, -1, -1, -1, -1, -1, -1, -1, -1, -1, -1, -1, -1, -1, -1]"
3,CIFAR10,ClassOrderSampler,7.884225602644668e-07,"[-1, -1, -1, -1, -1, -1, -1, -1, -1, -1, -1, -1]"
3,CIFAR10,ClassOrderSampler,6.457541418962002e-09,[]
3,CIFAR10,ClassOrderSampler,6.689820660678862e-08,[]
3,CIFAR10,ClassOrderSampler,3.0232213214969996e-12,[]
3,CIFAR10,ClassOrderSampler,1.57066312186481e-09,[]
3,CIFAR10,ClassOrderSampler,3.4903254030863154e-08,[]
3,CIFAR10,ClassOrderSampler,2.359058514599734e-07,[]
3,CIFAR10,ClassOrderSampler,5.236322960823474e-10,[]
3,CIFAR10,ClassOrderSampler,5.860220843281605e-07,[]
3,CIFAR10,ClassOrderSampler,1.6883897664446674e-10,[]
3,CIFAR10,ClassOrderSampler,4.34143679527947e-07,[]
3,CIFAR10,ClassOrderSampler,6.975384783903876e-12,[]
3,CIFAR10,ClassOrderSampler,4.34143679527947e-07,[]
3,CIFAR10,ClassOrderSampler,2.499867876984005e-06,[]
3,CIFAR10,ClassOrderSampler,7.790703691477819e-11,[]
3,CIFAR10,ClassOrderSampler,3.20774254441553e-09,[]
3,CIFAR10,ClassOrderSampler,7.790703691477819e-11,[]
3,CIFAR10,ClassOrderSampler,1.6883897664446674e-10,[]
3,CIFAR10,ClassOrderSampler,1.9782574303683305e-12,[]
3,CIFAR10,ClassOrderSampler,5.261840819956758e-11,[]
3,CIFAR10,ClassOrderSampler,9.214159199916617e-08,[]
3,CIFAR10,ClassOrderSampler,5.261840819956758e-11,[]
3,CIFAR10,ClassOrderSampler,6.457541418962002e-09,[]
3,CIFAR10,ClassOrderSampler,5.261840819956758e-11,[]
3,CIFAR10,ClassOrderSampler,2.359058514599734e-07,[]
3,CIFAR10,ClassOrderSampler,1.2647902598912282e-07,[]
3,CIFAR10,ClassOrderSampler,2.2486766216565975e-09,[]
3,CIFAR10,ClassOrderSampler,2.2486766216565975e-09,[]
3,CIFAR10,ClassOrderSampler,2.372578667462081e-11,[]
3,CIFAR10,ClassOrderSampler,1.281617613358335e-08,[]
3,CIFAR10,ClassOrderSampler,1.0531872043686928e-11,[]
3,CIFAR10,ClassOrderSampler,3.6041233703317315e-10,[]
3,CIFAR10,ClassOrderSampler,5.261840819956758e-11,[]
3,CIFAR10,ClassOrderSampler,5.236322960823474e-10,[]
3,CIFAR10,ClassOrderSampler,1.2513510015809149e-15,[]
3,CIFAR10,ClassOrderSampler,1.1490827088477167e-10,[]
3,CIFAR10,ClassOrderSampler,6.975384783903876e-12,[]
3,CIFAR10,ClassOrderSampler,8.366898123270403e-13,[]
3,CIFAR10,ClassOrderSampler,2.260935825510805e-14,[]
3,CIFAR10,ClassOrderSampler,7.790703691477819e-11,[]
3,CIFAR10,ClassOrderSampler,3.540160162341823e-11,[]
3,CIFAR10,ClassOrderSampler,5.261840819956758e-11,[]
3,CIFAR10,ClassOrderSampler,5.722879584784426e-14,[]
3,CIFAR10,ClassOrderSampler,5.407607497364001e-13,[]
3,CIFAR10,ClassOrderSampler,5.261840819956758e-11,[]
3,CIFAR10,ClassOrderSampler,1.6883897664446674e-10,[]
3,CIFAR10,ClassOrderSampler,4.59480737053815e-16,[]
3,CIFAR10,ClassOrderSampler,5.407607497364001e-13,[]
3,CIFAR10,ClassOrderSampler,1.1490827088477167e-10,[]
3,CIFAR10,ClassOrderSampler,1.4234785595806085e-13,[]
3,CIFAR10,ClassOrderSampler,7.790703691477819e-11,[]
3,CIFAR10,ClassOrderSampler,3.6041233703317315e-10,[]
3,CIFAR10,ClassOrderSampler,1.5838677128261433e-11,[]
3,CIFAR10,ClassOrderSampler,1.5838677128261433e-11,[]
3,CIFAR10,ClassOrderSampler,6.975384783903876e-12,[]
3,CIFAR10,ClassOrderSampler,1.5838677128261433e-11,[]
3,CIFAR10,ClassOrderSampler,1.093095554215443e-09,[]
3,CIFAR10,ClassOrderSampler,5.236322960823474e-10,[]
3,CIFAR10,ClassOrderSampler,8.366898123270403e-13,[]
3,CIFAR10,ClassOrderSampler,5.236322960823474e-10,[]
3,CIFAR10,ClassOrderSampler,1.0531872043686928e-11,[]
3,CIFAR10,ClassOrderSampler,9.113400953840183e-09,[]
3,CIFAR10,ClassOrderSampler,1.57066312186481e-09,[]
3,CIFAR10,ClassOrderSampler,1.0531872043686928e-11,[]
3,CIFAR10,ClassOrderSampler,3.0232213214969996e-12,[]
3,CIFAR10,ClassOrderSampler,7.579534811982887e-10,[]
3,CIFAR10,ClassOrderSampler,9.113400953840183e-09,[]
3,CIFAR10,ClassOrderSampler,1.0531872043686928e-11,[]
3,CIFAR10,ClassOrderSampler,1.7960142281780547e-08,[]
3,CIFAR10,ClassOrderSampler,1.9782574303683305e-12,[]
3,CIFAR10,ClassOrderSampler,5.261840819956758e-11,[]
3,CIFAR10,ClassOrderSampler,7.579534811982887e-10,[]
3,CIFAR10,ClassOrderSampler,2.372578667462081e-11,[]
3,CIFAR10,ClassOrderSampler,4.559422724053903e-09,[]
3,CIFAR10,ClassOrderSampler,1.1817613874221568e-17,[]
3,CIFAR10,ClassOrderSampler,1.6550663319631664e-16,[]
3,CIFAR10,ClassOrderSampler,2.7643596640146563e-16,[]
3,CIFAR10,ClassOrderSampler,4.601442111193561e-12,[]
3,CIFAR10,ClassOrderSampler,2.0238780169700945e-17,[]
3,CIFAR10,ClassOrderSampler,7.60072802305653e-16,[]
3,CIFAR10,ClassOrderSampler,3.448386086004166e-17,[]
3,CIFAR10,ClassOrderSampler,2.0238780169700945e-17,[]
3,CIFAR10,ClassOrderSampler,4.052932792527479e-20,[]
3,CIFAR10,ClassOrderSampler,7.60072802305653e-16,[]
3,CIFAR10,ClassOrderSampler,8.774780477141702e-15,[]
3,CIFAR10,ClassOrderSampler,6.975384783903876e-12,[]
3,CIFAR10,ClassOrderSampler,3.3443859798121626e-15,[]
3,CIFAR10,ClassOrderSampler,3.6050267977836376e-14,[]
3,CIFAR10,ClassOrderSampler,1.5838677128261433e-11,[]
3,CIFAR10,ClassOrderSampler,4.59480737053815e-16,[]
3,CIFAR10,ClassOrderSampler,8.366898123270403e-13,[]
3,CIFAR10,ClassOrderSampler,5.429614328073338e-15,[]
3,CIFAR10,ClassOrderSampler,3.3443859798121626e-15,[]
3,CIFAR10,ClassOrderSampler,5.722879584784426e-14,[]
3,CIFAR10,ClassOrderSampler,1.57066312186481e-09,[]
3,CIFAR10,ClassOrderSampler,1.0531872043686928e-11,[]
3,CIFAR10,ClassOrderSampler,7.790703691477819e-11,[]
3,CIFAR10,ClassOrderSampler,2.471450505690998e-10,[]
3,CIFAR10,ClassOrderSampler,4.601442111193561e-12,[]
3,CIFAR10,ClassOrderSampler,7.579534811982887e-10,[]
3,CIFAR10,ClassOrderSampler,1.5838677128261433e-11,[]
3,CIFAR10,ClassOrderSampler,8.366898123270403e-13,[]
3,CIFAR10,ClassOrderSampler,1.093095554215443e-09,[]
3,CIFAR10,ClassOrderSampler,1.1490827088477167e-10,[]
3,CIFAR10,ClassOrderSampler,5.236322960823474e-10,[]
3,CIFAR10,ClassOrderSampler,1.9782574303683305e-12,[]
3,CIFAR10,ClassOrderSampler,4.59480737053815e-16,[]
3,CIFAR10,ClassOrderSampler,1.2513510015809149e-15,[]
3,CIFAR10,ClassOrderSampler,5.261840819956758e-11,[]
3,CIFAR10,ClassOrderSampler,4.59480737053815e-16,[]
3,CIFAR10,ClassOrderSampler,1.1490827088477167e-10,[]
3,CIFAR10,ClassOrderSampler,3.6041233703317315e-10,[]
3,CIFAR10,ClassOrderSampler,1.2891960149547697e-12,[]
3,CIFAR10,ClassOrderSampler,4.559422724053903e-09,[]
3,CIFAR10,ClassOrderSampler,8.774780477141702e-15,[]
3,CIFAR10,ClassOrderSampler,1.2513510015809149e-15,[]
3,CIFAR10,ClassOrderSampler,1.9782574303683305e-12,[]
3,CIFAR10,ClassOrderSampler,9.860701232381887e-17,[]
3,CIFAR10,ClassOrderSampler,7.60072802305653e-16,[]
3,CIFAR10,ClassOrderSampler,9.860701232381887e-17,[]
3,CIFAR10,ClassOrderSampler,7.790703691477819e-11,[]
3,CIFAR10,ClassOrderSampler,2.2305576203473523e-13,[]
3,CIFAR10,ClassOrderSampler,7.60072802305653e-16,[]
3,CIFAR10,ClassOrderSampler,1.411681352972193e-14,[]
3,CIFAR10,ClassOrderSampler,5.429614328073338e-15,[]
3,CIFAR10,ClassOrderSampler,5.429614328073338e-15,[]
3,CIFAR10,ClassOrderSampler,1.4234785595806085e-13,[]
3,CIFAR10,ClassOrderSampler,2.2801926776157624e-18,[]
3,CIFAR10,ClassOrderSampler,2.372578667462081e-11,[]
3,CIFAR10,ClassOrderSampler,2.260935825510805e-14,[]
3,CIFAR10,ClassOrderSampler,2.372578667462081e-11,[]
3,CIFAR10,ClassOrderSampler,3.540160162341823e-11,[]
3,CIFAR10,ClassOrderSampler,2.0238780169700945e-17,[]
3,CIFAR10,ClassOrderSampler,5.845868735265489e-17,[]
3,CIFAR10,ClassOrderSampler,1.2891960149547697e-12,[]
3,CIFAR10,ClassOrderSampler,5.261840819956758e-11,[]
3,CIFAR10,ClassOrderSampler,2.372578667462081e-11,[]
3,CIFAR10,ClassOrderSampler,7.579534811982887e-10,[]
3,CIFAR10,ClassOrderSampler,1.6883897664446674e-10,[]
3,CIFAR10,ClassOrderSampler,2.372578667462081e-11,[]
3,CIFAR10,ClassOrderSampler,9.113400953840183e-09,[]
3,CIFAR10,ClassOrderSampler,2.2305576203473523e-13,[]
3,CIFAR10,ClassOrderSampler,2.471450505690998e-10,[]
3,CIFAR10,ClassOrderSampler,4.559422724053903e-09,[]
3,CIFAR10,ClassOrderSampler,2.471450505690998e-10,[]
3,CIFAR10,ClassOrderSampler,6.457541418962002e-09,[]
3,CIFAR10,ClassOrderSampler,8.366898123270403e-13,[]
3,CIFAR10,ClassOrderSampler,1.2891960149547697e-12,[]
3,CIFAR10,ClassOrderSampler,9.113400953840183e-09,[]
3,CIFAR10,ClassOrderSampler,1.57066312186481e-09,[]
3,CIFAR10,ClassOrderSampler,1.5838677128261433e-11,[]
3,CIFAR10,ClassOrderSampler,1.093095554215443e-09,[]
3,CIFAR10,ClassOrderSampler,7.579534811982887e-10,[]
3,CIFAR10,ClassOrderSampler,2.2486766216565975e-09,[]
3,CIFAR10,ClassOrderSampler,3.2056102127479306e-07,[]
3,CIFAR10,ClassOrderSampler,2.359058514599734e-07,[]
3,CIFAR10,ClassOrderSampler,1.4130890307564903e-06,[]
3,CIFAR10,ClassOrderSampler,1.57066312186481e-09,[]
3,CIFAR10,ClassOrderSampler,9.214159199916617e-08,[]
3,CIFAR10,ClassOrderSampler,2.499867876984005e-06,[]
3,CIFAR10,ClassOrderSampler,1.2647902598912282e-07,[]
3,CIFAR10,ClassOrderSampler,1.093095554215443e-09,[]
3,CIFAR10,ClassOrderSampler,3.4903254030863154e-08,[]
3,CIFAR10,ClassOrderSampler,3.4903254030863154e-08,[]
3,CIFAR10,ClassOrderSampler,5.860220843281605e-07,[]
3,CIFAR10,ClassOrderSampler,2.359058514599734e-07,[]
3,CIFAR10,ClassOrderSampler,2.359058514599734e-07,[]
3,CIFAR10,ClassOrderSampler,7.884225602644668e-07,[]
3,CIFAR10,ClassOrderSampler,1.7960142281780547e-08,[]
3,CIFAR10,ClassOrderSampler,4.365679378939068e-06,[]
3,CIFAR10,ClassOrderSampler,2.471450505690998e-10,[]
3,CIFAR10,ClassOrderSampler,2.499867876984005e-06,[]
3,CIFAR10,ClassOrderSampler,7.527005327674752e-06,[]
3,CIFAR10,ClassOrderSampler,3.3088949215234603e-06,[]
3,CIFAR10,ClassOrderSampler,9.214159199916617e-08,[]
3,CIFAR10,ClassOrderSampler,2.5080883551614425e-08,[]
3,CIFAR10,ClassOrderSampler,3.6041233703317315e-10,[]
3,CIFAR10,ClassOrderSampler,1.1490827088477167e-10,[]
3,CIFAR10,ClassOrderSampler,1.2647902598912282e-07,[]
3,CIFAR10,ClassOrderSampler,3.6041233703317315e-10,[]
3,CIFAR10,ClassOrderSampler,5.261840819956758e-11,[]
3,CIFAR10,ClassOrderSampler,3.0232213214969996e-12,[]
3,CIFAR10,ClassOrderSampler,4.840465693451923e-08,[]
3,CIFAR10,ClassOrderSampler,4.559422724053903e-09,[]
3,CIFAR10,ClassOrderSampler,6.975384783903876e-12,[]
3,CIFAR10,ClassOrderSampler,2.359058514599734e-07,[]
3,CIFAR10,ClassOrderSampler,1.4234785595806085e-13,[]
3,CIFAR10,ClassOrderSampler,5.236322960823474e-10,[]
3,CIFAR10,ClassOrderSampler,5.261840819956758e-11,[]
3,CIFAR10,ClassOrderSampler,5.407607497364001e-13,[]
3,CIFAR10,ClassOrderSampler,3.540160162341823e-11,[]
3,CIFAR10,ClassOrderSampler,6.975384783903876e-12,[]
3,CIFAR10,ClassOrderSampler,1.1490827088477167e-10,[]
4,CIFAR10,ClusterSampler,1.2852128659687935e-40,"[-1, -1, -1, -1, -1, -1, -1, -1, -1, -1, -1, -1, -1, -1, -1, -1, -1, -1, -1, -1, -1, -1, -1, -1, -1, -1, -1, -1, -1, -1, -1, -1, -1, -1, -1, -1, -1, -1, -1, -1, -1, -1, -1, -1, -1, -1, -1, -1, -1, -1]"
4,CIFAR10,ClusterSampler,2.5027939129860946e-30,"[-1, -1, -1, -1, -1, -1, -1, -1, -1, -1, -1, -1, -1, -1, -1, -1, -1, -1, -1, -1, -1, -1, -1, -1, -1, -1, -1, -1, -1, -1, -1, -1, -1, -1, -1, -1, -1, -1, -1, -1, -1, -1, -1, -1, -1, -1, -1, -1, -1, -1]"
4,CIFAR10,ClusterSampler,1.5910059414106405e-28,"[-1, -1, -1, -1, -1, -1, -1, -1, -1, -1, -1, -1, -1, -1, -1, -1, -1, -1, -1, -1, -1, -1, -1, -1, -1, -1, -1, -1, -1, -1, -1, -1, -1, -1, -1, -1, -1, -1, -1, -1, -1, -1, -1, -1, -1, -1, -1, -1, -1, -1]"
4,CIFAR10,ClusterSampler,2.971475086888001e-32,"[-1, -1, -1, -1, -1, -1, -1, -1, -1, -1, -1, -1, -1, -1, -1, -1, -1, -1, -1, -1, -1, -1, -1, -1, -1, -1, -1, -1, -1, -1, -1, -1, -1, -1, -1, -1, -1, -1, -1, -1, -1, -1, -1, -1, -1, -1, -1, -1, -1, -1]"
4,CIFAR10,ClusterSampler,1.2852128659687935e-40,"[-1, -1, -1, -1, -1, -1, -1, -1, -1, -1, -1, -1, -1, -1, -1, -1, -1, -1, -1, -1, -1, -1, -1, -1, -1, -1, -1, -1, -1, -1, -1, -1, -1, -1, -1, -1, -1, -1, -1, -1, -1, -1, -1, -1, -1, -1, -1, -1, -1, -1]"
4,CIFAR10,ClusterSampler,1.8154984192813267e-31,"[-1, -1, -1, -1, -1, -1, -1, -1, -1, -1, -1, -1, -1, -1, -1, -1, -1, -1, -1, -1, -1, -1, -1, -1, -1, -1, -1, -1, -1, -1, -1, -1, -1, -1, -1, -1, -1, -1, -1, -1, -1, -1, -1, -1, -1, -1, -1, -1, -1, -1]"
4,CIFAR10,ClusterSampler,7.8043500729009635e-28,"[-1, -1, -1, -1, -1, -1, -1, -1, -1, -1, -1, -1]"
4,CIFAR10,ClusterSampler,6.978221545875946e-45,[]
4,CIFAR10,ClusterSampler,1.0367072483612138e-23,[]
4,CIFAR10,ClusterSampler,1.9134509508576472e-21,[]
4,CIFAR10,ClusterSampler,7.413112689682162e-19,[]
4,CIFAR10,ClusterSampler,3.3443859798121626e-15,[]
4,CIFAR10,ClusterSampler,3.567142502930859e-21,[]
4,CIFAR10,ClusterSampler,7.909003593005484e-27,[]
4,CIFAR10,ClusterSampler,1.8154984192813267e-31,[]
4,CIFAR10,ClusterSampler,7.413112689682162e-19,[]
4,CIFAR10,ClusterSampler,1.0367072483612138e-23,[]
4,CIFAR10,ClusterSampler,1.3596606896854613e-29,[]
4,CIFAR10,ClusterSampler,3.159738971201857e-25,[]
4,CIFAR10,ClusterSampler,1.0199514163209316e-21,[]
4,CIFAR10,ClusterSampler,1.216975583064936e-20,[]
4,CIFAR10,ClusterSampler,2.6241990374643386e-24,[]
4,CIFAR10,ClusterSampler,2.0319832668868055e-52,[]
4,CIFAR10,ClusterSampler,1.1817613874221568e-17,[]
4,CIFAR10,ClusterSampler,5.265026409319286e-38,[]
4,CIFAR10,ClusterSampler,1.3596606896854613e-29,[]
4,CIFAR10,ClusterSampler,1.303660797297563e-18,[]
4,CIFAR10,ClusterSampler,3.5429485071453125e-41,[]
4,CIFAR10,ClusterSampler,6.7761606813233405e-34,[]
4,CIFAR10,ClusterSampler,1.5910059414106405e-28,[]
4,CIFAR10,ClusterSampler,3.567142502930859e-21,[]
4,CIFAR10,ClusterSampler,6.7761606813233405e-34,[]
4,CIFAR10,ClusterSampler,1.4609936208110015e-36,[]
4,CIFAR10,ClusterSampler,2.2274939861154548e-20,[]
4,CIFAR10,ClusterSampler,1.7042473818079147e-27,[]
4,CIFAR10,ClusterSampler,4.404775051110079e-31,[]
4,CIFAR10,ClusterSampler,3.5429485071453125e-41,[]
4,CIFAR10,ClusterSampler,9.447565810928815e-42,[]
4,CIFAR10,ClusterSampler,6.448052699398053e-25,[]
4,CIFAR10,ClusterSampler,1.216975583064936e-20,[]
4,CIFAR10,ClusterSampler,1.216975583064936e-20,[]
4,CIFAR10,ClusterSampler,9.365012949611488e-35,[]
4,CIFAR10,ClusterSampler,1.9134509508576472e-21,[]
4,CIFAR10,ClusterSampler,1.0199514163209316e-21,[]
4,CIFAR10,ClusterSampler,3.0232213214969996e-12,[]
4,CIFAR10,ClusterSampler,2.0238780169700945e-17,[]
4,CIFAR10,ClusterSampler,8.366898123270403e-13,[]
4,CIFAR10,ClusterSampler,9.447565810928815e-42,[]
4,CIFAR10,ClusterSampler,7.8043500729009635e-28,[]
4,CIFAR10,ClusterSampler,2.5027939129860946e-30,[]
4,CIFAR10,ClusterSampler,7.409385692246004e-26,[]
4,CIFAR10,ClusterSampler,1.0199514163209316e-21,[]
4,CIFAR10,ClusterSampler,5.402133975460601e-22,[]
4,CIFAR10,ClusterSampler,7.331209737959111e-20,[]
4,CIFAR10,ClusterSampler,6.016276513875716e-43,[]
4,CIFAR10,ClusterSampler,1.1817613874221568e-17,[]
4,CIFAR10,ClusterSampler,2.260935825510805e-14,[]
4,CIFAR10,ClusterSampler,1.216975583064936e-20,[]
4,CIFAR10,ClusterSampler,1.544242677229208e-39,[]
4,CIFAR10,ClusterSampler,1.6282244982757453e-37,[]
4,CIFAR10,ClusterSampler,2.0383960660082176e-23,[]
4,CIFAR10,ClusterSampler,3.9798041524022085e-23,[]
4,CIFAR10,ClusterSampler,1.4609936208110015e-36,[]
4,CIFAR10,ClusterSampler,3.544466644028273e-26,[]
4,CIFAR10,ClusterSampler,1.4609936208110015e-36,[]
4,CIFAR10,ClusterSampler,3.9798041524022085e-23,[]
4,CIFAR10,ClusterSampler,1.216975583064936e-20,[]
4,CIFAR10,ClusterSampler,2.842705693293271e-22,[]
4,CIFAR10,ClusterSampler,1.0367072483612138e-23,[]
4,CIFAR10,ClusterSampler,3.448386086004166e-17,[]
4,CIFAR10,ClusterSampler,2.2801926776157624e-18,[]
4,CIFAR10,ClusterSampler,1.30573832382716e-24,[]
4,CIFAR10,ClusterSampler,5.429614328073338e-15,[]
4,CIFAR10,ClusterSampler,1.3184672759422252e-19,[]
4,CIFAR10,ClusterSampler,7.079458659860567e-29,[]
4,CIFAR10,ClusterSampler,1.2350213959398042e-48,[]
4,CIFAR10,ClusterSampler,1.5910059414106405e-28,[]
4,CIFAR10,ClusterSampler,1.303660797297563e-18,[]
4,CIFAR10,ClusterSampler,1.216975583064936e-20,[]
4,CIFAR10,ClusterSampler,1.30573832382716e-24,[]
4,CIFAR10,ClusterSampler,6.8647853972495436e-18,[]
4,CIFAR10,ClusterSampler,1.5910059414106405e-28,[]
4,CIFAR10,ClusterSampler,3.236817014228382e-44,[]
4,CIFAR10,ClusterSampler,6.978221545875946e-45,[]
4,CIFAR10,ClusterSampler,3.567142502930859e-21,[]
4,CIFAR10,ClusterSampler,2.0504990899524323e-15,[]
4,CIFAR10,ClusterSampler,7.409385692246004e-26,[]
4,CIFAR10,ClusterSampler,6.8647853972495436e-18,[]
4,CIFAR10,ClusterSampler,2.5389798574324213e-34,[]
4,CIFAR10,ClusterSampler,1.5362380819888385e-25,[]
4,CIFAR10,ClusterSampler,1.5910059414106405e-28,[]
4,CIFAR10,ClusterSampler,2.2801926776157624e-18,[]
4,CIFAR10,ClusterSampler,1.216975583064936e-20,[]
4,CIFAR10,ClusterSampler,3.5406478106128434e-28,[]
4,CIFAR10,ClusterSampler,1.3596606896854613e-29,[]
4,CIFAR10,ClusterSampler,3.448386086004166e-17,[]
4,CIFAR10,ClusterSampler,3.448386086004166e-17,[]
4,CIFAR10,ClusterSampler,3.6050267977836376e-14,[]
4,CIFAR10,ClusterSampler,9.045306855267392e-14,[]
4,CIFAR10,ClusterSampler,7.413112689682162e-19,[]
4,CIFAR10,ClusterSampler,3.3443859798121626e-15,[]
4,CIFAR10,ClusterSampler,1.411681352972193e-14,[]
4,CIFAR10,ClusterSampler,2.471450505690998e-10,[]
4,CIFAR10,ClusterSampler,9.365012949611488e-35,[]
4,CIFAR10,ClusterSampler,1.1790132897186871e-32,[]
4,CIFAR10,ClusterSampler,9.447565810928815e-42,[]
4,CIFAR10,ClusterSampler,1.2513510015809149e-15,[]
4,CIFAR10,ClusterSampler,3.236817014228382e-44,[]
4,CIFAR10,ClusterSampler,8.119067599812439e-48,[]
4,CIFAR10,ClusterSampler,2.3576729783487533e-19,[]
4,CIFAR10,ClusterSampler,1.5362380819888385e-25,[]
4,CIFAR10,ClusterSampler,8.366898123270403e-13,[]
4,CIFAR10,ClusterSampler,3.159738971201857e-25,[]
4,CIFAR10,ClusterSampler,6.7761606813233405e-34,[]
4,CIFAR10,ClusterSampler,3.9798041524022085e-23,[]
4,CIFAR10,ClusterSampler,7.716620218166966e-23,[]
4,CIFAR10,ClusterSampler,8.119067599812439e-48,[]
4,CIFAR10,ClusterSampler,1.30573832382716e-24,[]
4,CIFAR10,ClusterSampler,4.2477968854025914e-36,[]
4,CIFAR10,ClusterSampler,2.260935825510805e-14,[]
4,CIFAR10,ClusterSampler,5.265026409319286e-38,[]
4,CIFAR10,ClusterSampler,2.260935825510805e-14,[]
4,CIFAR10,ClusterSampler,6.978221545875946e-45,[]
4,CIFAR10,ClusterSampler,2.2274939861154548e-20,[]
4,CIFAR10,ClusterSampler,9.860701232381887e-17,[]
4,CIFAR10,ClusterSampler,1.212210104588408e-35,[]
4,CIFAR10,ClusterSampler,4.052932792527479e-20,[]
4,CIFAR10,ClusterSampler,5.265026409319286e-38,[]
4,CIFAR10,ClusterSampler,7.909003593005484e-27,[]
4,CIFAR10,ClusterSampler,2.971475086888001e-32,[]
4,CIFAR10,ClusterSampler,2.5389798574324213e-34,[]
4,CIFAR10,ClusterSampler,3.480378247557708e-13,[]
4,CIFAR10,ClusterSampler,2.2801926776157624e-18,[]
4,CIFAR10,ClusterSampler,1.4234348029651697e-45,[]
4,CIFAR10,ClusterSampler,4.404775051110079e-31,[]
4,CIFAR10,ClusterSampler,3.68777526260874e-27,[]
4,CIFAR10,ClusterSampler,2.842705693293271e-22,[]
4,CIFAR10,ClusterSampler,8.366898123270403e-13,[]
4,CIFAR10,ClusterSampler,2.5389798574324213e-34,[]
4,CIFAR10,ClusterSampler,6.6088976372497446e-21,[]
4,CIFAR10,ClusterSampler,8.119067599812439e-48,[]
4,CIFAR10,ClusterSampler,9.365012949611488e-35,[]
4,CIFAR10,ClusterSampler,2.6241990374643386e-24,[]
4,CIFAR10,ClusterSampler,6.6088976372497446e-21,[]
4,CIFAR10,ClusterSampler,2.842705693293271e-22,[]
4,CIFAR10,ClusterSampler,1.6550663319631664e-16,[]
4,CIFAR10,ClusterSampler,2.6241990374643386e-24,[]
4,CIFAR10,ClusterSampler,2.2801926776157624e-18,[]
4,CIFAR10,ClusterSampler,2.971475086888001e-32,[]
4,CIFAR10,ClusterSampler,7.409385692246004e-26,[]
4,CIFAR10,ClusterSampler,3.236817014228382e-44,[]
4,CIFAR10,ClusterSampler,2.2274939861154548e-20,[]
4,CIFAR10,ClusterSampler,1.216975583064936e-20,[]
4,CIFAR10,ClusterSampler,1.1790132897186871e-32,[]
4,CIFAR10,ClusterSampler,1.6814736433478163e-26,[]
4,CIFAR10,ClusterSampler,3.118588487036084e-29,[]
4,CIFAR10,ClusterSampler,7.909003593005484e-27,[]
4,CIFAR10,ClusterSampler,6.8647853972495436e-18,[]
4,CIFAR10,ClusterSampler,2.5027939129860946e-30,[]
4,CIFAR10,ClusterSampler,1.57066312186481e-09,[]
4,CIFAR10,ClusterSampler,2.2305576203473523e-13,[]
4,CIFAR10,ClusterSampler,5.407607497364001e-13,[]
4,CIFAR10,ClusterSampler,1.9782574303683305e-12,[]
4,CIFAR10,ClusterSampler,7.413112689682162e-19,[]
4,CIFAR10,ClusterSampler,1.303660797297563e-18,[]
4,CIFAR10,ClusterSampler,3.5406478106128434e-28,[]
4,CIFAR10,ClusterSampler,3.68777526260874e-27,[]
4,CIFAR10,ClusterSampler,5.860220843281605e-07,[]
4,CIFAR10,ClusterSampler,1.7813235335321902e-33,[]
4,CIFAR10,ClusterSampler,2.2801926776157624e-18,[]
4,CIFAR10,ClusterSampler,1.5910059414106405e-28,[]
4,CIFAR10,ClusterSampler,3.540160162341823e-11,[]
4,CIFAR10,ClusterSampler,7.60072802305653e-16,[]
4,CIFAR10,ClusterSampler,1.4860538838485974e-22,[]
4,CIFAR10,ClusterSampler,1.2513510015809149e-15,[]
4,CIFAR10,ClusterSampler,5.865374559506018e-30,[]
4,CIFAR10,ClusterSampler,4.052932792527479e-20,[]
4,CIFAR10,ClusterSampler,3.567142502930859e-21,[]
4,CIFAR10,ClusterSampler,9.860701232381887e-17,[]
4,CIFAR10,ClusterSampler,7.8043500729009635e-28,[]
4,CIFAR10,ClusterSampler,5.2349287793733675e-24,[]
4,CIFAR10,ClusterSampler,1.0531872043686928e-11,[]
4,CIFAR10,ClusterSampler,1.303660797297563e-18,[]
4,CIFAR10,ClusterSampler,3.9798041524022085e-23,[]
4,CIFAR10,ClusterSampler,1.6550663319631664e-16,[]
4,CIFAR10,ClusterSampler,7.909003593005484e-27,[]
4,CIFAR10,ClusterSampler,6.7761606813233405e-34,[]
4,CIFAR10,ClusterSampler,7.909003593005484e-27,[]
4,CIFAR10,ClusterSampler,1.2513510015809149e-15,[]
4,CIFAR10,ClusterSampler,7.909003593005484e-27,[]
4,CIFAR10,ClusterSampler,1.427827972517681e-43,[]
4,CIFAR10,ClusterSampler,3.9798041524022085e-23,[]
4,CIFAR10,ClusterSampler,1.0199514163209316e-21,[]
4,CIFAR10,ClusterSampler,2.0504990899524323e-15,[]
4,CIFAR10,ClusterSampler,2.6241990374643386e-24,[]
4,CIFAR10,ClusterSampler,7.331209737959111e-20,[]
4,CIFAR10,ClusterSampler,7.909003593005484e-27,[]
4,CIFAR10,ClusterSampler,1.6282244982757453e-37,[]
4,CIFAR10,ClusterSampler,4.052932792527479e-20,[]
5,CIFAR10,RandomSampler,2.2486766216565975e-09,"[-1, -1, -1, -1, -1, -1, -1, -1, -1, -1, -1, -1, -1, -1, -1, -1, -1, -1, -1, -1, -1, -1, -1, -1, -1, -1, -1, -1, -1, -1, -1, -1, -1, -1, -1, -1, -1, -1, -1, -1, -1, -1, -1, -1, -1, -1, -1, -1, -1, -1]"
5,CIFAR10,RandomSampler,2.471450505690998e-10,"[-1, -1, -1, -1, -1, -1, -1, -1, -1, -1, -1, -1, -1, -1, -1, -1, -1, -1, -1, -1, -1, -1, -1, -1, -1, -1, -1, -1, -1, -1, -1, -1, -1, -1, -1, -1, -1, -1, -1, -1, -1, -1, -1, -1, -1, -1, -1, -1, -1, -1]"
5,CIFAR10,RandomSampler,2.0238780169700945e-17,"[-1, -1, -1, -1, -1, -1, -1, -1, -1, -1, -1, -1, -1, -1, -1, -1, -1, -1, -1, -1, -1, -1, -1, -1, -1, -1, -1, -1, -1, -1, -1, -1, -1, -1, -1, -1, -1, -1, -1, -1, -1, -1, -1, -1, -1, -1, -1, -1, -1, -1]"
5,CIFAR10,RandomSampler,6.457541418962002e-09,"[-1, -1, -1, -1, -1, -1, -1, -1, -1, -1, -1, -1, -1, -1, -1, -1, -1, -1, -1, -1, -1, -1, -1, -1, -1, -1, -1, -1, -1, -1, -1, -1, -1, -1, -1, -1, -1, -1, -1, -1, -1, -1, -1, -1, -1, -1, -1, -1, -1, -1]"
5,CIFAR10,RandomSampler,1.57066312186481e-09,"[-1, -1, -1, -1, -1, -1, -1, -1, -1, -1, -1, -1, -1, -1, -1, -1, -1, -1, -1, -1, -1, -1, -1, -1, -1, -1, -1, -1, -1, -1, -1, -1, -1, -1, -1, -1, -1, -1, -1, -1, -1, -1, -1, -1, -1, -1, -1, -1, -1, -1]"
5,CIFAR10,RandomSampler,4.559422724053903e-09,"[-1, -1, -1, -1, -1, -1, -1, -1, -1, -1, -1, -1, -1, -1, -1, -1, -1, -1, -1, -1, -1, -1, -1, -1, -1, -1, -1, -1, -1, -1, -1, -1, -1, -1, -1, -1, -1, -1, -1, -1, -1, -1, -1, -1, -1, -1, -1, -1, -1, -1]"
5,CIFAR10,RandomSampler,1.093095554215443e-09,"[-1, -1, -1, -1, -1, -1, -1, -1, -1, -1, -1, -1]"
5,CIFAR10,RandomSampler,1.4130890307564903e-06,[]
5,CIFAR10,RandomSampler,3.4903254030863154e-08,[]
5,CIFAR10,RandomSampler,2.471450505690998e-10,[]
5,CIFAR10,RandomSampler,9.045306855267392e-14,[]
5,CIFAR10,RandomSampler,2.471450505690998e-10,[]
5,CIFAR10,RandomSampler,4.601442111193561e-12,[]
5,CIFAR10,RandomSampler,7.579534811982887e-10,[]
5,CIFAR10,RandomSampler,1.093095554215443e-09,[]
5,CIFAR10,RandomSampler,1.730256103399168e-07,[]
5,CIFAR10,RandomSampler,1.093095554215443e-09,[]
5,CIFAR10,RandomSampler,4.559422724053903e-09,[]
5,CIFAR10,RandomSampler,6.457541418962002e-09,[]
5,CIFAR10,RandomSampler,2.372578667462081e-11,[]
5,CIFAR10,RandomSampler,4.559422724053903e-09,[]
5,CIFAR10,RandomSampler,9.113400953840183e-09,[]
5,CIFAR10,RandomSampler,2.372578667462081e-11,[]
5,CIFAR10,RandomSampler,1.281617613358335e-08,[]
5,CIFAR10,RandomSampler,1.5838677128261433e-11,[]
5,CIFAR10,RandomSampler,9.113400953840183e-09,[]
5,CIFAR10,RandomSampler,1.57066312186481e-09,[]
5,CIFAR10,RandomSampler,3.3088949215234603e-06,[]
5,CIFAR10,RandomSampler,1.281617613358335e-08,[]
5,CIFAR10,RandomSampler,4.34143679527947e-07,[]
5,CIFAR10,RandomSampler,3.20774254441553e-09,[]
5,CIFAR10,RandomSampler,3.540160162341823e-11,[]
5,CIFAR10,RandomSampler,7.790703691477819e-11,[]
5,CIFAR10,RandomSampler,7.579534811982887e-10,[]
5,CIFAR10,RandomSampler,7.579534811982887e-10,[]
5,CIFAR10,RandomSampler,2.471450505690998e-10,[]
5,CIFAR10,RandomSampler,1.4234785595806085e-13,[]
5,CIFAR10,RandomSampler,9.113400953840183e-09,[]
5,CIFAR10,RandomSampler,9.113400953840183e-09,[]
5,CIFAR10,RandomSampler,1.1490827088477167e-10,[]
5,CIFAR10,RandomSampler,7.579534811982887e-10,[]
5,CIFAR10,RandomSampler,2.2305576203473523e-13,[]
5,CIFAR10,RandomSampler,2.372578667462081e-11,[]
5,CIFAR10,RandomSampler,3.20774254441553e-09,[]
5,CIFAR10,RandomSampler,3.20774254441553e-09,[]
5,CIFAR10,RandomSampler,1.281617613358335e-08,[]
5,CIFAR10,RandomSampler,1.57066312186481e-09,[]
5,CIFAR10,RandomSampler,9.113400953840183e-09,[]
5,CIFAR10,RandomSampler,3.0232213214969996e-12,[]
5,CIFAR10,RandomSampler,5.236322960823474e-10,[]
5,CIFAR10,RandomSampler,5.261840819956758e-11,[]
5,CIFAR10,RandomSampler,6.975384783903876e-12,[]
5,CIFAR10,RandomSampler,3.540160162341823e-11,[]
5,CIFAR10,RandomSampler,1.7960142281780547e-08,[]
5,CIFAR10,RandomSampler,7.790703691477819e-11,[]
5,CIFAR10,RandomSampler,1.093095554215443e-09,[]
5,CIFAR10,RandomSampler,5.236322960823474e-10,[]
5,CIFAR10,RandomSampler,1.1490827088477167e-10,[]
5,CIFAR10,RandomSampler,2.372578667462081e-11,[]
5,CIFAR10,RandomSampler,2.2486766216565975e-09,[]
5,CIFAR10,RandomSampler,3.540160162341823e-11,[]
5,CIFAR10,RandomSampler,1.057244330296412e-06,[]
5,CIFAR10,RandomSampler,6.689820660678862e-08,[]
5,CIFAR10,RandomSampler,2.359058514599734e-07,[]
5,CIFAR10,RandomSampler,1.4234785595806085e-13,[]
5,CIFAR10,RandomSampler,3.6041233703317315e-10,[]
5,CIFAR10,RandomSampler,2.5080883551614425e-08,[]
5,CIFAR10,RandomSampler,6.689820660678862e-08,[]
5,CIFAR10,RandomSampler,5.860220843281605e-07,[]
5,CIFAR10,RandomSampler,1.281617613358335e-08,[]
5,CIFAR10,RandomSampler,1.57066312186481e-09,[]
5,CIFAR10,RandomSampler,3.20774254441553e-09,[]
5,CIFAR10,RandomSampler,2.471450505690998e-10,[]
5,CIFAR10,RandomSampler,5.236322960823474e-10,[]
5,CIFAR10,RandomSampler,1.7960142281780547e-08,[]
5,CIFAR10,RandomSampler,4.840465693451923e-08,[]
5,CIFAR10,RandomSampler,5.236322960823474e-10,[]
5,CIFAR10,RandomSampler,9.214159199916617e-08,[]
5,CIFAR10,RandomSampler,2.2486766216565975e-09,[]
5,CIFAR10,RandomSampler,2.359058514599734e-07,[]
5,CIFAR10,RandomSampler,2.2486766216565975e-09,[]
5,CIFAR10,RandomSampler,3.20774254441553e-09,[]
5,CIFAR10,RandomSampler,5.236322960823474e-10,[]
5,CIFAR10,RandomSampler,2.5080883551614425e-08,[]
5,CIFAR10,RandomSampler,1.6883897664446674e-10,[]
5,CIFAR10,RandomSampler,7.790703691477819e-11,[]
5,CIFAR10,RandomSampler,1.2891960149547697e-12,[]
5,CIFAR10,RandomSampler,1.730256103399168e-07,[]
5,CIFAR10,RandomSampler,1.6883897664446674e-10,[]
5,CIFAR10,RandomSampler,1.57066312186481e-09,[]
5,CIFAR10,RandomSampler,9.214159199916617e-08,[]
5,CIFAR10,RandomSampler,2.372578667462081e-11,[]
5,CIFAR10,RandomSampler,6.8647853972495436e-18,[]
5,CIFAR10,RandomSampler,1.6883897664446674e-10,[]
5,CIFAR10,RandomSampler,1.7960142281780547e-08,[]
5,CIFAR10,RandomSampler,5.429614328073338e-15,[]
5,CIFAR10,RandomSampler,2.5080883551614425e-08,[]
5,CIFAR10,RandomSampler,1.0531872043686928e-11,[]
5,CIFAR10,RandomSampler,1.57066312186481e-09,[]
5,CIFAR10,RandomSampler,1.093095554215443e-09,[]
5,CIFAR10,RandomSampler,5.407607497364001e-13,[]
5,CIFAR10,RandomSampler,2.471450505690998e-10,[]
5,CIFAR10,RandomSampler,1.57066312186481e-09,[]
5,CIFAR10,RandomSampler,3.20774254441553e-09,[]
5,CIFAR10,RandomSampler,3.6041233703317315e-10,[]
5,CIFAR10,RandomSampler,7.579534811982887e-10,[]
5,CIFAR10,RandomSampler,1.281617613358335e-08,[]
5,CIFAR10,RandomSampler,4.559422724053903e-09,[]
5,CIFAR10,RandomSampler,2.359058514599734e-07,[]
5,CIFAR10,RandomSampler,1.0531872043686928e-11,[]
5,CIFAR10,RandomSampler,1.57066312186481e-09,[]
5,CIFAR10,RandomSampler,6.975384783903876e-12,[]
5,CIFAR10,RandomSampler,1.9782574303683305e-12,[]
5,CIFAR10,RandomSampler,1.057244330296412e-06,[]
5,CIFAR10,RandomSampler,2.471450505690998e-10,[]
5,CIFAR10,RandomSampler,1.5838677128261433e-11,[]
5,CIFAR10,RandomSampler,5.236322960823474e-10,[]
5,CIFAR10,RandomSampler,4.601442111193561e-12,[]
5,CIFAR10,RandomSampler,4.601442111193561e-12,[]
5,CIFAR10,RandomSampler,6.457541418962002e-09,[]
5,CIFAR10,RandomSampler,9.113400953840183e-09,[]
5,CIFAR10,RandomSampler,1.57066312186481e-09,[]
5,CIFAR10,RandomSampler,2.471450505690998e-10,[]
5,CIFAR10,RandomSampler,6.457541418962002e-09,[]
5,CIFAR10,RandomSampler,1.6883897664446674e-10,[]
5,CIFAR10,RandomSampler,7.790703691477819e-11,[]
5,CIFAR10,RandomSampler,1.1490827088477167e-10,[]
5,CIFAR10,RandomSampler,1.093095554215443e-09,[]
5,CIFAR10,RandomSampler,1.2891960149547697e-12,[]
5,CIFAR10,RandomSampler,4.601442111193561e-12,[]
5,CIFAR10,RandomSampler,1.4234785595806085e-13,[]
5,CIFAR10,RandomSampler,7.790703691477819e-11,[]
5,CIFAR10,RandomSampler,2.471450505690998e-10,[]
5,CIFAR10,RandomSampler,5.236322960823474e-10,[]
5,CIFAR10,RandomSampler,2.372578667462081e-11,[]
5,CIFAR10,RandomSampler,2.471450505690998e-10,[]
5,CIFAR10,RandomSampler,3.6041233703317315e-10,[]
5,CIFAR10,RandomSampler,1.1490827088477167e-10,[]
5,CIFAR10,RandomSampler,5.236322960823474e-10,[]
5,CIFAR10,RandomSampler,1.2647902598912282e-07,[]
5,CIFAR10,RandomSampler,3.6041233703317315e-10,[]
5,CIFAR10,RandomSampler,3.20774254441553e-09,[]
5,CIFAR10,RandomSampler,1.093095554215443e-09,[]
5,CIFAR10,RandomSampler,3.540160162341823e-11,[]
5,CIFAR10,RandomSampler,1.7960142281780547e-08,[]
5,CIFAR10,RandomSampler,7.790703691477819e-11,[]
5,CIFAR10,RandomSampler,7.579534811982887e-10,[]
5,CIFAR10,RandomSampler,3.480378247557708e-13,[]
5,CIFAR10,RandomSampler,1.057244330296412e-06,[]
5,CIFAR10,RandomSampler,1.281617613358335e-08,[]
5,CIFAR10,RandomSampler,5.236322960823474e-10,[]
5,CIFAR10,RandomSampler,2.471450505690998e-10,[]
5,CIFAR10,RandomSampler,1.093095554215443e-09,[]
5,CIFAR10,RandomSampler,8.774780477141702e-15,[]
5,CIFAR10,RandomSampler,1.5838677128261433e-11,[]
5,CIFAR10,RandomSampler,1.57066312186481e-09,[]
5,CIFAR10,RandomSampler,2.471450505690998e-10,[]
5,CIFAR10,RandomSampler,3.540160162341823e-11,[]
5,CIFAR10,RandomSampler,4.559422724053903e-09,[]
5,CIFAR10,RandomSampler,1.411681352972193e-14,[]
5,CIFAR10,RandomSampler,1.9782574303683305e-12,[]
5,CIFAR10,RandomSampler,1.281617613358335e-08,[]
5,CIFAR10,RandomSampler,1.0531872043686928e-11,[]
5,CIFAR10,RandomSampler,6.975384783903876e-12,[]
5,CIFAR10,RandomSampler,3.4903254030863154e-08,[]
5,CIFAR10,RandomSampler,6.457541418962002e-09,[]
5,CIFAR10,RandomSampler,3.6041233703317315e-10,[]
5,CIFAR10,RandomSampler,5.236322960823474e-10,[]
5,CIFAR10,RandomSampler,1.5838677128261433e-11,[]
5,CIFAR10,RandomSampler,1.6883897664446674e-10,[]
5,CIFAR10,RandomSampler,3.20774254441553e-09,[]
5,CIFAR10,RandomSampler,1.57066312186481e-09,[]
5,CIFAR10,RandomSampler,6.457541418962002e-09,[]
5,CIFAR10,RandomSampler,6.689820660678862e-08,[]
5,CIFAR10,RandomSampler,5.236322960823474e-10,[]
5,CIFAR10,RandomSampler,3.0232213214969996e-12,[]
5,CIFAR10,RandomSampler,1.57066312186481e-09,[]
5,CIFAR10,RandomSampler,3.0232213214969996e-12,[]
5,CIFAR10,RandomSampler,1.281617613358335e-08,[]
5,CIFAR10,RandomSampler,5.236322960823474e-10,[]
5,CIFAR10,RandomSampler,1.2891960149547697e-12,[]
5,CIFAR10,RandomSampler,3.4903254030863154e-08,[]
5,CIFAR10,RandomSampler,4.601442111193561e-12,[]
5,CIFAR10,RandomSampler,3.20774254441553e-09,[]
5,CIFAR10,RandomSampler,2.2486766216565975e-09,[]
5,CIFAR10,RandomSampler,4.840465693451923e-08,[]
5,CIFAR10,RandomSampler,1.57066312186481e-09,[]
5,CIFAR10,RandomSampler,2.2486766216565975e-09,[]
5,CIFAR10,RandomSampler,1.1490827088477167e-10,[]
5,CIFAR10,RandomSampler,9.214159199916617e-08,[]
5,CIFAR10,RandomSampler,1.0531872043686928e-11,[]
5,CIFAR10,RandomSampler,4.840465693451923e-08,[]
5,CIFAR10,RandomSampler,8.774780477141702e-15,[]
5,CIFAR10,RandomSampler,3.20774254441553e-09,[]
5,CIFAR10,RandomSampler,9.113400953840183e-09,[]
5,CIFAR10,RandomSampler,2.471450505690998e-10,[]
5,CIFAR10,RandomSampler,7.790703691477819e-11,[]
5,CIFAR10,RandomSampler,1.57066312186481e-09,[]
5,CIFAR10,RandomSampler,4.840465693451923e-08,[]
6,CIFAR100,ClassOrderSampler,5.261840819956758e-11,"[-1, -1, -1, -1, -1, -1, -1, -1, -1, -1, -1, -1, -1, -1, -1, -1, -1, -1, -1, -1, -1, -1, -1, -1, -1, -1, -1, -1, -1, -1, -1, -1, -1, -1, -1, -1, -1, -1, -1, -1, -1, -1, -1, -1, -1, -1, -1, -1, -1, -1]"
6,CIFAR100,ClassOrderSampler,6.457541418962002e-09,"[-1, -1, -1, -1, -1, -1, -1, -1, -1, -1, -1, -1, -1, -1, -1, -1, -1, -1, -1, -1, -1, -1, -1, -1, -1, -1, -1, -1, -1, -1, -1, -1, -1, -1, -1, -1, -1, -1, -1, -1, -1, -1, -1, -1, -1, -1, -1, -1, -1, -1]"
6,CIFAR100,ClassOrderSampler,1.2891960149547697e-12,"[-1, -1, -1, -1, -1, -1, -1, -1, -1, -1, -1, -1, -1, -1, -1, -1, -1, -1, -1, -1, -1, -1, -1, -1, -1, -1, -1, -1, -1, -1, -1, -1, -1, -1, -1, -1, -1, -1, -1, -1, -1, -1, -1, -1, -1, -1, -1, -1, -1, -1]"
6,CIFAR100,ClassOrderSampler,1.093095554215443e-09,"[-1, -1, -1, -1, -1, -1, -1, -1, -1, -1, -1, -1, -1, -1, -1, -1, -1, -1, -1, -1, -1, -1, -1, -1, -1, -1, -1, -1, -1, -1, -1, -1, -1, -1, -1, -1, -1, -1, -1, -1, -1, -1, -1, -1, -1, -1, -1, -1, -1, -1]"
6,CIFAR100,ClassOrderSampler,8.774780477141702e-15,"[-1, -1, -1, -1, -1, -1, -1, -1, -1, -1, -1, -1, -1, -1, -1, -1, -1, -1, -1, -1, -1, -1, -1, -1, -1, -1, -1, -1, -1, -1, -1, -1, -1, -1, -1, -1, -1, -1, -1, -1, -1, -1, -1, -1, -1, -1, -1, -1, -1, -1]"
6,CIFAR100,ClassOrderSampler,1.6883897664446674e-10,"[-1, -1, -1, -1, -1, -1, -1, -1, -1, -1, -1, -1, -1, -1, -1, -1, -1, -1, -1, -1, -1, -1, -1, -1, -1, -1, -1, -1, -1, -1, -1, -1, -1, -1, -1, -1, -1, -1, -1, -1, -1, -1, -1, -1, -1, -1, -1, -1, -1, -1]"
6,CIFAR100,ClassOrderSampler,1.093095554215443e-09,"[-1, -1, -1, -1, -1, -1, -1, -1, -1, -1, -1, -1]"
6,CIFAR100,ClassOrderSampler,9.045306855267392e-14,[]
6,CIFAR100,ClassOrderSampler,1.6883897664446674e-10,[]
6,CIFAR100,ClassOrderSampler,5.429614328073338e-15,[]
6,CIFAR100,ClassOrderSampler,2.5080883551614425e-08,[]
6,CIFAR100,ClassOrderSampler,9.045306855267392e-14,[]
6,CIFAR100,ClassOrderSampler,1.411681352972193e-14,[]
6,CIFAR100,ClassOrderSampler,3.448386086004166e-17,[]
6,CIFAR100,ClassOrderSampler,1.9782574303683305e-12,[]
6,CIFAR100,ClassOrderSampler,1.2513510015809149e-15,[]
6,CIFAR100,ClassOrderSampler,9.860701232381887e-17,[]
6,CIFAR100,ClassOrderSampler,4.1922801558904407e-19,[]
6,CIFAR100,ClassOrderSampler,1.281617613358335e-08,[]
6,CIFAR100,ClassOrderSampler,1.281617613358335e-08,[]
6,CIFAR100,ClassOrderSampler,4.840465693451923e-08,[]
6,CIFAR100,ClassOrderSampler,1.9782574303683305e-12,[]
6,CIFAR100,ClassOrderSampler,1.57066312186481e-09,[]
6,CIFAR100,ClassOrderSampler,1.0531872043686928e-11,[]
6,CIFAR100,ClassOrderSampler,9.113400953840183e-09,[]
6,CIFAR100,ClassOrderSampler,5.860220843281605e-07,[]
6,CIFAR100,ClassOrderSampler,4.559422724053903e-09,[]
6,CIFAR100,ClassOrderSampler,1.9782574303683305e-12,[]
6,CIFAR100,ClassOrderSampler,4.559422724053903e-09,[]
6,CIFAR100,ClassOrderSampler,2.359058514599734e-07,[]
6,CIFAR100,ClassOrderSampler,1.7960142281780547e-08,[]
6,CIFAR100,ClassOrderSampler,9.113400953840183e-09,[]
6,CIFAR100,ClassOrderSampler,1.093095554215443e-09,[]
6,CIFAR100,ClassOrderSampler,1.093095554215443e-09,[]
6,CIFAR100,ClassOrderSampler,6.689820660678862e-08,[]
6,CIFAR100,ClassOrderSampler,1.0531872043686928e-11,[]
6,CIFAR100,ClassOrderSampler,3.480378247557708e-13,[]
6,CIFAR100,ClassOrderSampler,3.4903254030863154e-08,[]
6,CIFAR100,ClassOrderSampler,2.5080883551614425e-08,[]
6,CIFAR100,ClassOrderSampler,7.579534811982887e-10,[]
6,CIFAR100,ClassOrderSampler,6.975384783903876e-12,[]
6,CIFAR100,ClassOrderSampler,2.372578667462081e-11,[]
6,CIFAR100,ClassOrderSampler,5.236322960823474e-10,[]
6,CIFAR100,ClassOrderSampler,2.471450505690998e-10,[]
6,CIFAR100,ClassOrderSampler,1.1490827088477167e-10,[]
6,CIFAR100,ClassOrderSampler,6.457541418962002e-09,[]
6,CIFAR100,ClassOrderSampler,3.4903254030863154e-08,[]
6,CIFAR100,ClassOrderSampler,1.6883897664446674e-10,[]
6,CIFAR100,ClassOrderSampler,1.057244330296412e-06,[]
6,CIFAR100,ClassOrderSampler,9.214159199916617e-08,[]
6,CIFAR100,ClassOrderSampler,9.214159199916617e-08,[]
6,CIFAR100,ClassOrderSampler,1.281617613358335e-08,[]
6,CIFAR100,ClassOrderSampler,6.457541418962002e-09,[]
6,CIFAR100,ClassOrderSampler,2.359058514599734e-07,[]
6,CIFAR100,ClassOrderSampler,7.579534811982887e-10,[]
6,CIFAR100,ClassOrderSampler,3.540160162341823e-11,[]
6,CIFAR100,ClassOrderSampler,1.281617613358335e-08,[]
6,CIFAR100,ClassOrderSampler,3.20774254441553e-09,[]
6,CIFAR100,ClassOrderSampler,3.20774254441553e-09,[]
6,CIFAR100,ClassOrderSampler,1.57066312186481e-09,[]
6,CIFAR100,ClassOrderSampler,1.5838677128261433e-11,[]
6,CIFAR100,ClassOrderSampler,2.359058514599734e-07,[]
6,CIFAR100,ClassOrderSampler,1.5838677128261433e-11,[]
6,CIFAR100,ClassOrderSampler,6.975384783903876e-12,[]
6,CIFAR100,ClassOrderSampler,1.9782574303683305e-12,[]
6,CIFAR100,ClassOrderSampler,3.3088949215234603e-06,[]
6,CIFAR100,ClassOrderSampler,1.7960142281780547e-08,[]
6,CIFAR100,ClassOrderSampler,1.281617613358335e-08,[]
6,CIFAR100,ClassOrderSampler,1.1490827088477167e-10,[]
6,CIFAR100,ClassOrderSampler,1.4234785595806085e-13,[]
6,CIFAR100,ClassOrderSampler,1.281617613358335e-08,[]
6,CIFAR100,ClassOrderSampler,6.457541418962002e-09,[]
6,CIFAR100,ClassOrderSampler,1.4234785595806085e-13,[]
6,CIFAR100,ClassOrderSampler,9.214159199916617e-08,[]
6,CIFAR100,ClassOrderSampler,1.57066312186481e-09,[]
6,CIFAR100,ClassOrderSampler,2.372578667462081e-11,[]
6,CIFAR100,ClassOrderSampler,9.113400953840183e-09,[]
6,CIFAR100,ClassOrderSampler,9.113400953840183e-09,[]
6,CIFAR100,ClassOrderSampler,3.20774254441553e-09,[]
6,CIFAR100,ClassOrderSampler,1.6883897664446674e-10,[]
6,CIFAR100,ClassOrderSampler,4.840465693451923e-08,[]
6,CIFAR100,ClassOrderSampler,6.975384783903876e-12,[]
6,CIFAR100,ClassOrderSampler,1.1490827088477167e-10,[]
6,CIFAR100,ClassOrderSampler,1.5838677128261433e-11,[]
6,CIFAR100,ClassOrderSampler,3.2056102127479306e-07,[]
6,CIFAR100,ClassOrderSampler,1.730256103399168e-07,[]
6,CIFAR100,ClassOrderSampler,4.34143679527947e-07,[]
6,CIFAR100,ClassOrderSampler,2.359058514599734e-07,[]
6,CIFAR100,ClassOrderSampler,4.840465693451923e-08,[]
6,CIFAR100,ClassOrderSampler,6.457541418962002e-09,[]
6,CIFAR100,ClassOrderSampler,1.730256103399168e-07,[]
6,CIFAR100,ClassOrderSampler,1.6883897664446674e-10,[]
6,CIFAR100,ClassOrderSampler,5.860220843281605e-07,[]
6,CIFAR100,ClassOrderSampler,9.214159199916617e-08,[]
6,CIFAR100,ClassOrderSampler,5.860220843281605e-07,[]
6,CIFAR100,ClassOrderSampler,3.6041233703317315e-10,[]
6,CIFAR100,ClassOrderSampler,2.2486766216565975e-09,[]
6,CIFAR100,ClassOrderSampler,6.689820660678862e-08,[]
6,CIFAR100,ClassOrderSampler,6.457541418962002e-09,[]
6,CIFAR100,ClassOrderSampler,3.4903254030863154e-08,[]
6,CIFAR100,ClassOrderSampler,9.836382105864013e-06,[]
6,CIFAR100,ClassOrderSampler,3.540160162341823e-11,[]
6,CIFAR100,ClassOrderSampler,1.057244330296412e-06,[]
6,CIFAR100,ClassOrderSampler,2.2305576203473523e-13,[]
6,CIFAR100,ClassOrderSampler,1.7960142281780547e-08,[]
6,CIFAR100,ClassOrderSampler,4.840465693451923e-08,[]
6,CIFAR100,ClassOrderSampler,1.57066312186481e-09,[]
6,CIFAR100,ClassOrderSampler,8.366898123270403e-13,[]
6,CIFAR100,ClassOrderSampler,9.214159199916617e-08,[]
6,CIFAR100,ClassOrderSampler,1.5838677128261433e-11,[]
6,CIFAR100,ClassOrderSampler,6.689820660678862e-08,[]
6,CIFAR100,ClassOrderSampler,3.20774254441553e-09,[]
6,CIFAR100,ClassOrderSampler,5.236322960823474e-10,[]
6,CIFAR100,ClassOrderSampler,7.579534811982887e-10,[]
6,CIFAR100,ClassOrderSampler,3.540160162341823e-11,[]
6,CIFAR100,ClassOrderSampler,1.57066312186481e-09,[]
6,CIFAR100,ClassOrderSampler,6.689820660678862e-08,[]
6,CIFAR100,ClassOrderSampler,7.579534811982887e-10,[]
6,CIFAR100,ClassOrderSampler,3.20774254441553e-09,[]
6,CIFAR100,ClassOrderSampler,5.860220843281605e-07,[]
6,CIFAR100,ClassOrderSampler,4.559422724053903e-09,[]
6,CIFAR100,ClassOrderSampler,3.4903254030863154e-08,[]
6,CIFAR100,ClassOrderSampler,3.4903254030863154e-08,[]
6,CIFAR100,ClassOrderSampler,9.113400953840183e-09,[]
6,CIFAR100,ClassOrderSampler,1.0531872043686928e-11,[]
6,CIFAR100,ClassOrderSampler,2.5080883551614425e-08,[]
6,CIFAR100,ClassOrderSampler,5.236322960823474e-10,[]
6,CIFAR100,ClassOrderSampler,3.540160162341823e-11,[]
6,CIFAR100,ClassOrderSampler,4.559422724053903e-09,[]
6,CIFAR100,ClassOrderSampler,2.2486766216565975e-09,[]
6,CIFAR100,ClassOrderSampler,1.7960142281780547e-08,[]
6,CIFAR100,ClassOrderSampler,1.730256103399168e-07,[]
6,CIFAR100,ClassOrderSampler,1.57066312186481e-09,[]
6,CIFAR100,ClassOrderSampler,4.34143679527947e-07,[]
6,CIFAR100,ClassOrderSampler,1.7960142281780547e-08,[]
6,CIFAR100,ClassOrderSampler,2.372578667462081e-11,[]
6,CIFAR100,ClassOrderSampler,9.836382105864013e-06,[]
6,CIFAR100,ClassOrderSampler,2.471450505690998e-10,[]
6,CIFAR100,ClassOrderSampler,2.2305576203473523e-13,[]
6,CIFAR100,ClassOrderSampler,2.372578667462081e-11,[]
6,CIFAR100,ClassOrderSampler,4.601442111193561e-12,[]
6,CIFAR100,ClassOrderSampler,3.20774254441553e-09,[]
6,CIFAR100,ClassOrderSampler,1.6883897664446674e-10,[]
6,CIFAR100,ClassOrderSampler,3.20774254441553e-09,[]
6,CIFAR100,ClassOrderSampler,1.5838677128261433e-11,[]
6,CIFAR100,ClassOrderSampler,8.366898123270403e-13,[]
6,CIFAR100,ClassOrderSampler,3.4903254030863154e-08,[]
6,CIFAR100,ClassOrderSampler,3.0232213214969996e-12,[]
6,CIFAR100,ClassOrderSampler,9.113400953840183e-09,[]
6,CIFAR100,ClassOrderSampler,2.2486766216565975e-09,[]
6,CIFAR100,ClassOrderSampler,2.471450505690998e-10,[]
6,CIFAR100,ClassOrderSampler,2.499867876984005e-06,[]
6,CIFAR100,ClassOrderSampler,1.5838677128261433e-11,[]
6,CIFAR100,ClassOrderSampler,2.2486766216565975e-09,[]
6,CIFAR100,ClassOrderSampler,3.20774254441553e-09,[]
6,CIFAR100,ClassOrderSampler,1.730256103399168e-07,[]
6,CIFAR100,ClassOrderSampler,2.471450505690998e-10,[]
6,CIFAR100,ClassOrderSampler,6.689820660678862e-08,[]
6,CIFAR100,ClassOrderSampler,2.471450505690998e-10,[]
6,CIFAR100,ClassOrderSampler,1.1490827088477167e-10,[]
6,CIFAR100,ClassOrderSampler,4.559422724053903e-09,[]
6,CIFAR100,ClassOrderSampler,1.1490827088477167e-10,[]
6,CIFAR100,ClassOrderSampler,7.884225602644668e-07,[]
6,CIFAR100,ClassOrderSampler,1.8825563196120358e-06,[]
6,CIFAR100,ClassOrderSampler,1.7960142281780547e-08,[]
6,CIFAR100,ClassOrderSampler,7.579534811982887e-10,[]
6,CIFAR100,ClassOrderSampler,7.884225602644668e-07,[]
6,CIFAR100,ClassOrderSampler,3.20774254441553e-09,[]
6,CIFAR100,ClassOrderSampler,4.559422724053903e-09,[]
6,CIFAR100,ClassOrderSampler,9.113400953840183e-09,[]
6,CIFAR100,ClassOrderSampler,1.057244330296412e-06,[]
6,CIFAR100,ClassOrderSampler,6.975384783903876e-12,[]
6,CIFAR100,ClassOrderSampler,9.214159199916617e-08,[]
6,CIFAR100,ClassOrderSampler,9.113400953840183e-09,[]
6,CIFAR100,ClassOrderSampler,1.1490827088477167e-10,[]
6,CIFAR100,ClassOrderSampler,5.261840819956758e-11,[]
6,CIFAR100,ClassOrderSampler,2.372578667462081e-11,[]
6,CIFAR100,ClassOrderSampler,3.2056102127479306e-07,[]
6,CIFAR100,ClassOrderSampler,7.790703691477819e-11,[]
6,CIFAR100,ClassOrderSampler,5.261840819956758e-11,[]
6,CIFAR100,ClassOrderSampler,1.281617613358335e-08,[]
6,CIFAR100,ClassOrderSampler,5.236322960823474e-10,[]
6,CIFAR100,ClassOrderSampler,3.20774254441553e-09,[]
6,CIFAR100,ClassOrderSampler,1.730256103399168e-07,[]
6,CIFAR100,ClassOrderSampler,7.790703691477819e-11,[]
6,CIFAR100,ClassOrderSampler,1.1490827088477167e-10,[]
6,CIFAR100,ClassOrderSampler,1.6883897664446674e-10,[]
6,CIFAR100,ClassOrderSampler,1.281617613358335e-08,[]
6,CIFAR100,ClassOrderSampler,5.261840819956758e-11,[]
6,CIFAR100,ClassOrderSampler,7.790703691477819e-11,[]
6,CIFAR100,ClassOrderSampler,5.860220843281605e-07,[]
6,CIFAR100,ClassOrderSampler,3.4903254030863154e-08,[]
6,CIFAR100,ClassOrderSampler,4.840465693451923e-08,[]
6,CIFAR100,ClassOrderSampler,4.601442111193561e-12,[]
6,CIFAR100,ClassOrderSampler,2.2486766216565975e-09,[]
6,CIFAR100,ClassOrderSampler,3.480378247557708e-13,[]
6,CIFAR100,ClassOrderSampler,1.411681352972193e-14,[]
6,CIFAR100,ClassOrderSampler,4.840465693451923e-08,[]
6,CIFAR100,ClassOrderSampler,3.20774254441553e-09,[]
7,CIFAR100,ClusterSampler,1.30573832382716e-24,"[-1, -1, -1, -1, -1, -1, -1, -1, -1, -1, -1, -1, -1, -1, -1, -1, -1, -1, -1, -1, -1, -1, -1, -1, -1, -1, -1, -1, -1, -1, -1, -1, -1, -1, -1, -1, -1, -1, -1, -1, -1, -1, -1, -1, -1, -1, -1, -1, -1, -1]"
7,CIFAR100,ClusterSampler,1.3184672759422252e-19,"[-1, -1, -1, -1, -1, -1, -1, -1, -1, -1, -1, -1, -1, -1, -1, -1, -1, -1, -1, -1, -1, -1, -1, -1, -1, -1, -1, -1, -1, -1, -1, -1, -1, -1, -1, -1, -1, -1, -1, -1, -1, -1, -1, -1, -1, -1, -1, -1, -1, -1]"
7,CIFAR100,ClusterSampler,4.052932792527479e-20,"[-1, -1, -1, -1, -1, -1, -1, -1, -1, -1, -1, -1, -1, -1, -1, -1, -1, -1, -1, -1, -1, -1, -1, -1, -1, -1, -1, -1, -1, -1, -1, -1, -1, -1, -1, -1, -1, -1, -1, -1, -1, -1, -1, -1, -1, -1, -1, -1, -1, -1]"
7,CIFAR100,ClusterSampler,1.4609936208110015e-36,"[-1, -1, -1, -1, -1, -1, -1, -1, -1, -1, -1, -1, -1, -1, -1, -1, -1, -1, -1, -1, -1, -1, -1, -1, -1, -1, -1, -1, -1, -1, -1, -1, -1, -1, -1, -1, -1, -1, -1, -1, -1, -1, -1, -1, -1, -1, -1, -1, -1, -1]"
7,CIFAR100,ClusterSampler,1.6282244982757453e-37,"[-1, -1, -1, -1, -1, -1, -1, -1, -1, -1, -1, -1, -1, -1, -1, -1, -1, -1, -1, -1, -1, -1, -1, -1, -1, -1, -1, -1, -1, -1, -1, -1, -1, -1, -1, -1, -1, -1, -1, -1, -1, -1, -1, -1, -1, -1, -1, -1, -1, -1]"
7,CIFAR100,ClusterSampler,1.4860538838485974e-22,"[-1, -1, -1, -1, -1, -1, -1, -1, -1, -1, -1, -1, -1, -1, -1, -1, -1, -1, -1, -1, -1, -1, -1, -1, -1, -1, -1, -1, -1, -1, -1, -1, -1, -1, -1, -1, -1, -1, -1, -1, -1, -1, -1, -1, -1, -1, -1, -1, -1, -1]"
7,CIFAR100,ClusterSampler,3.68777526260874e-27,"[-1, -1, -1, -1, -1, -1, -1, -1, -1, -1, -1, -1]"
7,CIFAR100,ClusterSampler,3.5406478106128434e-28,[]
7,CIFAR100,ClusterSampler,2.5027939129860946e-30,[]
7,CIFAR100,ClusterSampler,4.519954012539261e-40,[]
7,CIFAR100,ClusterSampler,1.4860538838485974e-22,[]
7,CIFAR100,ClusterSampler,4.404775051110079e-31,[]
7,CIFAR100,ClusterSampler,5.722879584784426e-14,[]
7,CIFAR100,ClusterSampler,5.865374559506018e-30,[]
7,CIFAR100,ClusterSampler,6.7761606813233405e-34,[]
7,CIFAR100,ClusterSampler,1.5910059414106405e-28,[]
7,CIFAR100,ClusterSampler,1.2891960149547697e-12,[]
7,CIFAR100,ClusterSampler,3.68777526260874e-27,[]
7,CIFAR100,ClusterSampler,3.6050267977836376e-14,[]
7,CIFAR100,ClusterSampler,2.372578667462081e-11,[]
7,CIFAR100,ClusterSampler,2.0238780169700945e-17,[]
7,CIFAR100,ClusterSampler,1.7042473818079147e-27,[]
7,CIFAR100,ClusterSampler,7.716620218166966e-23,[]
7,CIFAR100,ClusterSampler,9.045306855267392e-14,[]
7,CIFAR100,ClusterSampler,2.260935825510805e-14,[]
7,CIFAR100,ClusterSampler,1.4234348029651697e-45,[]
7,CIFAR100,ClusterSampler,2.2801926776157624e-18,[]
7,CIFAR100,ClusterSampler,4.052932792527479e-20,[]
7,CIFAR100,ClusterSampler,5.865374559506018e-30,[]
7,CIFAR100,ClusterSampler,3.6050267977836376e-14,[]
7,CIFAR100,ClusterSampler,3.0232213214969996e-12,[]
7,CIFAR100,ClusterSampler,1.427827972517681e-43,[]
7,CIFAR100,ClusterSampler,6.448052699398053e-25,[]
7,CIFAR100,ClusterSampler,1.664121167853785e-38,[]
7,CIFAR100,ClusterSampler,2.5389798574324213e-34,[]
7,CIFAR100,ClusterSampler,1.1790132897186871e-32,[]
7,CIFAR100,ClusterSampler,1.0199514163209316e-21,[]
7,CIFAR100,ClusterSampler,2.6241990374643386e-24,[]
7,CIFAR100,ClusterSampler,1.9782574303683305e-12,[]
7,CIFAR100,ClusterSampler,2.3576729783487533e-19,[]
7,CIFAR100,ClusterSampler,1.3184672759422252e-19,[]
7,CIFAR100,ClusterSampler,1.5910059414106405e-28,[]
7,CIFAR100,ClusterSampler,3.544466644028273e-26,[]
7,CIFAR100,ClusterSampler,9.365012949611488e-35,[]
7,CIFAR100,ClusterSampler,1.3184672759422252e-19,[]
7,CIFAR100,ClusterSampler,6.448052699398053e-25,[]
7,CIFAR100,ClusterSampler,1.6550663319631664e-16,[]
7,CIFAR100,ClusterSampler,1.5362380819888385e-25,[]
7,CIFAR100,ClusterSampler,9.365012949611488e-35,[]
7,CIFAR100,ClusterSampler,1.1790132897186871e-32,[]
7,CIFAR100,ClusterSampler,3.118588487036084e-29,[]
7,CIFAR100,ClusterSampler,1.9134509508576472e-21,[]
7,CIFAR100,ClusterSampler,1.30573832382716e-24,[]
7,CIFAR100,ClusterSampler,3.567142502930859e-21,[]
7,CIFAR100,ClusterSampler,3.544466644028273e-26,[]
7,CIFAR100,ClusterSampler,2.842705693293271e-22,[]
7,CIFAR100,ClusterSampler,3.966886824247877e-18,[]
7,CIFAR100,ClusterSampler,3.3443859798121626e-15,[]
7,CIFAR100,ClusterSampler,7.409385692246004e-26,[]
7,CIFAR100,ClusterSampler,5.407607497364001e-13,[]
7,CIFAR100,ClusterSampler,7.079458659860567e-29,[]
7,CIFAR100,ClusterSampler,1.30573832382716e-24,[]
7,CIFAR100,ClusterSampler,1.8154984192813267e-31,[]
7,CIFAR100,ClusterSampler,6.448052699398053e-25,[]
7,CIFAR100,ClusterSampler,4.615079444288031e-33,[]
7,CIFAR100,ClusterSampler,1.2891960149547697e-12,[]
7,CIFAR100,ClusterSampler,4.1922801558904407e-19,[]
7,CIFAR100,ClusterSampler,1.3184672759422252e-19,[]
7,CIFAR100,ClusterSampler,1.9134509508576472e-21,[]
7,CIFAR100,ClusterSampler,1.1817613874221568e-17,[]
7,CIFAR100,ClusterSampler,1.5362380819888385e-25,[]
7,CIFAR100,ClusterSampler,6.016276513875716e-43,[]
7,CIFAR100,ClusterSampler,3.480378247557708e-13,[]
7,CIFAR100,ClusterSampler,1.9782574303683305e-12,[]
7,CIFAR100,ClusterSampler,4.559422724053903e-09,[]
7,CIFAR100,ClusterSampler,2.0383960660082176e-23,[]
7,CIFAR100,ClusterSampler,3.6050267977836376e-14,[]
7,CIFAR100,ClusterSampler,7.409385692246004e-26,[]
7,CIFAR100,ClusterSampler,6.6088976372497446e-21,[]
7,CIFAR100,ClusterSampler,3.68777526260874e-27,[]
7,CIFAR100,ClusterSampler,1.1490827088477167e-10,[]
7,CIFAR100,ClusterSampler,6.448052699398053e-25,[]
7,CIFAR100,ClusterSampler,1.216975583064936e-20,[]
7,CIFAR100,ClusterSampler,5.429614328073338e-15,[]
7,CIFAR100,ClusterSampler,7.079458659860567e-29,[]
7,CIFAR100,ClusterSampler,3.68777526260874e-27,[]
7,CIFAR100,ClusterSampler,4.59480737053815e-16,[]
7,CIFAR100,ClusterSampler,1.9134509508576472e-21,[]
7,CIFAR100,ClusterSampler,7.331209737959111e-20,[]
7,CIFAR100,ClusterSampler,2.260935825510805e-14,[]
7,CIFAR100,ClusterSampler,3.118588487036084e-29,[]
7,CIFAR100,ClusterSampler,1.216975583064936e-20,[]
7,CIFAR100,ClusterSampler,3.480378247557708e-13,[]
7,CIFAR100,ClusterSampler,7.8043500729009635e-28,[]
7,CIFAR100,ClusterSampler,2.372578667462081e-11,[]
7,CIFAR100,ClusterSampler,5.402133975460601e-22,[]
7,CIFAR100,ClusterSampler,3.3443859798121626e-15,[]
7,CIFAR100,ClusterSampler,1.1817613874221568e-17,[]
7,CIFAR100,ClusterSampler,7.909003593005484e-27,[]
7,CIFAR100,ClusterSampler,3.236817014228382e-44,[]
7,CIFAR100,ClusterSampler,2.5027939129860946e-30,[]
7,CIFAR100,ClusterSampler,1.7042473818079147e-27,[]
7,CIFAR100,ClusterSampler,1.5362380819888385e-25,[]
7,CIFAR100,ClusterSampler,2.5027939129860946e-30,[]
7,CIFAR100,ClusterSampler,1.3596606896854613e-29,[]
7,CIFAR100,ClusterSampler,2.4306842328360022e-42,[]
7,CIFAR100,ClusterSampler,6.8647853972495436e-18,[]
7,CIFAR100,ClusterSampler,7.409385692246004e-26,[]
7,CIFAR100,ClusterSampler,1.6814736433478163e-26,[]
7,CIFAR100,ClusterSampler,7.413112689682162e-19,[]
7,CIFAR100,ClusterSampler,3.5406478106128434e-28,[]
7,CIFAR100,ClusterSampler,1.056045129963911e-30,[]
7,CIFAR100,ClusterSampler,4.519954012539261e-40,[]
7,CIFAR100,ClusterSampler,1.0531872043686928e-11,[]
7,CIFAR100,ClusterSampler,3.540160162341823e-11,[]
7,CIFAR100,ClusterSampler,4.1922801558904407e-19,[]
7,CIFAR100,ClusterSampler,3.0232213214969996e-12,[]
7,CIFAR100,ClusterSampler,2.2274939861154548e-20,[]
7,CIFAR100,ClusterSampler,4.840465693451923e-08,[]
7,CIFAR100,ClusterSampler,7.909003593005484e-27,[]
7,CIFAR100,ClusterSampler,1.1790132897186871e-32,[]
7,CIFAR100,ClusterSampler,2.971475086888001e-32,[]
7,CIFAR100,ClusterSampler,7.331209737959111e-20,[]
7,CIFAR100,ClusterSampler,2.7308750294067517e-46,[]
7,CIFAR100,ClusterSampler,7.716620218166966e-23,[]
7,CIFAR100,ClusterSampler,3.480378247557708e-13,[]
7,CIFAR100,ClusterSampler,3.544466644028273e-26,[]
7,CIFAR100,ClusterSampler,4.559422724053903e-09,[]
7,CIFAR100,ClusterSampler,1.544242677229208e-39,[]
7,CIFAR100,ClusterSampler,1.2513510015809149e-15,[]
7,CIFAR100,ClusterSampler,3.118588487036084e-29,[]
7,CIFAR100,ClusterSampler,4.615079444288031e-33,[]
7,CIFAR100,ClusterSampler,1.6883897664446674e-10,[]
7,CIFAR100,ClusterSampler,1.0367072483612138e-23,[]
7,CIFAR100,ClusterSampler,1.0531872043686928e-11,[]
7,CIFAR100,ClusterSampler,8.366898123270403e-13,[]
7,CIFAR100,ClusterSampler,6.8647853972495436e-18,[]
7,CIFAR100,ClusterSampler,2.0238780169700945e-17,[]
7,CIFAR100,ClusterSampler,2.2274939861154548e-20,[]
7,CIFAR100,ClusterSampler,6.7761606813233405e-34,[]
7,CIFAR100,ClusterSampler,2.372578667462081e-11,[]
7,CIFAR100,ClusterSampler,2.5027939129860946e-30,[]
7,CIFAR100,ClusterSampler,3.159738971201857e-25,[]
7,CIFAR100,ClusterSampler,4.1922801558904407e-19,[]
7,CIFAR100,ClusterSampler,3.567142502930859e-21,[]
7,CIFAR100,ClusterSampler,4.404775051110079e-31,[]
7,CIFAR100,ClusterSampler,7.716620218166966e-23,[]
7,CIFAR100,ClusterSampler,3.544466644028273e-26,[]
7,CIFAR100,ClusterSampler,3.448386086004166e-17,[]
7,CIFAR100,ClusterSampler,7.409385692246004e-26,[]
7,CIFAR100,ClusterSampler,3.5406478106128434e-28,[]
7,CIFAR100,ClusterSampler,7.909003593005484e-27,[]
7,CIFAR100,ClusterSampler,3.68777526260874e-27,[]
7,CIFAR100,ClusterSampler,2.5389798574324213e-34,[]
7,CIFAR100,ClusterSampler,7.391563887064192e-32,[]
7,CIFAR100,ClusterSampler,7.8043500729009635e-28,[]
7,CIFAR100,ClusterSampler,7.413112689682162e-19,[]
7,CIFAR100,ClusterSampler,4.404775051110079e-31,[]
7,CIFAR100,ClusterSampler,2.0383960660082176e-23,[]
7,CIFAR100,ClusterSampler,3.68777526260874e-27,[]
7,CIFAR100,ClusterSampler,1.1490827088477167e-10,[]
7,CIFAR100,ClusterSampler,7.413112689682162e-19,[]
7,CIFAR100,ClusterSampler,1.544242677229208e-39,[]
7,CIFAR100,ClusterSampler,4.615079444288031e-33,[]
7,CIFAR100,ClusterSampler,3.159738971201857e-25,[]
7,CIFAR100,ClusterSampler,2.2274939861154548e-20,[]
7,CIFAR100,ClusterSampler,1.3184672759422252e-19,[]
7,CIFAR100,ClusterSampler,5.845868735265489e-17,[]
7,CIFAR100,ClusterSampler,5.1345165083218796e-39,[]
7,CIFAR100,ClusterSampler,2.7308750294067517e-46,[]
7,CIFAR100,ClusterSampler,2.086953364569319e-50,[]
7,CIFAR100,ClusterSampler,8.774780477141702e-15,[]
7,CIFAR100,ClusterSampler,1.0199514163209316e-21,[]
7,CIFAR100,ClusterSampler,6.448052699398053e-25,[]
7,CIFAR100,ClusterSampler,2.971475086888001e-32,[]
7,CIFAR100,ClusterSampler,1.0367072483612138e-23,[]
7,CIFAR100,ClusterSampler,6.448052699398053e-25,[]
7,CIFAR100,ClusterSampler,3.567142502930859e-21,[]
7,CIFAR100,ClusterSampler,9.447565810928815e-42,[]
7,CIFAR100,ClusterSampler,4.59480737053815e-16,[]
7,CIFAR100,ClusterSampler,1.2513510015809149e-15,[]
7,CIFAR100,ClusterSampler,2.7308750294067517e-46,[]
7,CIFAR100,ClusterSampler,2.4306842328360022e-42,[]
7,CIFAR100,ClusterSampler,1.9782574303683305e-12,[]
7,CIFAR100,ClusterSampler,3.0232213214969996e-12,[]
7,CIFAR100,ClusterSampler,1.216975583064936e-20,[]
7,CIFAR100,ClusterSampler,1.4234785595806085e-13,[]
7,CIFAR100,ClusterSampler,1.216975583064936e-20,[]
7,CIFAR100,ClusterSampler,5.722879584784426e-14,[]
7,CIFAR100,ClusterSampler,1.1817613874221568e-17,[]
7,CIFAR100,ClusterSampler,3.544466644028273e-26,[]
7,CIFAR100,ClusterSampler,1.212210104588408e-35,[]
7,CIFAR100,ClusterSampler,1.4609936208110015e-36,[]
7,CIFAR100,ClusterSampler,1.1790132897186871e-32,[]
7,CIFAR100,ClusterSampler,3.540160162341823e-11,[]
7,CIFAR100,ClusterSampler,5.261840819956758e-11,[]
7,CIFAR100,ClusterSampler,1.8154984192813267e-31,[]
7,CIFAR100,ClusterSampler,5.429614328073338e-15,[]
7,CIFAR100,ClusterSampler,2.3576729783487533e-19,[]
8,CIFAR100,RandomSampler,2.2486766216565975e-09,"[-1, -1, -1, -1, -1, -1, -1, -1, -1, -1, -1, -1, -1, -1, -1, -1, -1, -1, -1, -1, -1, -1, -1, -1, -1, -1, -1, -1, -1, -1, -1, -1, -1, -1, -1, -1, -1, -1, -1, -1, -1, -1, -1, -1, -1, -1, -1, -1, -1, -1]"
8,CIFAR100,RandomSampler,6.457541418962002e-09,"[-1, -1, -1, -1, -1, -1, -1, -1, -1, -1, -1, -1, -1, -1, -1, -1, -1, -1, -1, -1, -1, -1, -1, -1, -1, -1, -1, -1, -1, -1, -1, -1, -1, -1, -1, -1, -1, -1, -1, -1, -1, -1, -1, -1, -1, -1, -1, -1, -1, -1]"
8,CIFAR100,RandomSampler,3.0232213214969996e-12,"[-1, -1, -1, -1, -1, -1, -1, -1, -1, -1, -1, -1, -1, -1, -1, -1, -1, -1, -1, -1, -1, -1, -1, -1, -1, -1, -1, -1, -1, -1, -1, -1, -1, -1, -1, -1, -1, -1, -1, -1, -1, -1, -1, -1, -1, -1, -1, -1, -1, -1]"
8,CIFAR100,RandomSampler,3.540160162341823e-11,"[-1, -1, -1, -1, -1, -1, -1, -1, -1, -1, -1, -1, -1, -1, -1, -1, -1, -1, -1, -1, -1, -1, -1, -1, -1, -1, -1, -1, -1, -1, -1, -1, -1, -1, -1, -1, -1, -1, -1, -1, -1, -1, -1, -1, -1, -1, -1, -1, -1, -1]"
8,CIFAR100,RandomSampler,3.6041233703317315e-10,"[-1, -1, -1, -1, -1, -1, -1, -1, -1, -1, -1, -1, -1, -1, -1, -1, -1, -1, -1, -1, -1, -1, -1, -1, -1, -1, -1, -1, -1, -1, -1, -1, -1, -1, -1, -1, -1, -1, -1, -1, -1, -1, -1, -1, -1, -1, -1, -1, -1, -1]"
8,CIFAR100,RandomSampler,1.57066312186481e-09,"[-1, -1, -1, -1, -1, -1, -1, -1, -1, -1, -1, -1, -1, -1, -1, -1, -1, -1, -1, -1, -1, -1, -1, -1, -1, -1, -1, -1, -1, -1, -1, -1, -1, -1, -1, -1, -1, -1, -1, -1, -1, -1, -1, -1, -1, -1, -1, -1, -1, -1]"
8,CIFAR100,RandomSampler,2.5080883551614425e-08,"[-1, -1, -1, -1, -1, -1, -1, -1, -1, -1, -1, -1]"
8,CIFAR100,RandomSampler,8.366898123270403e-13,[]
8,CIFAR100,RandomSampler,1.2891960149547697e-12,[]
8,CIFAR100,RandomSampler,2.499867876984005e-06,[]
8,CIFAR100,RandomSampler,1.730256103399168e-07,[]
8,CIFAR100,RandomSampler,1.1490827088477167e-10,[]
8,CIFAR100,RandomSampler,7.579534811982887e-10,[]
8,CIFAR100,RandomSampler,5.407607497364001e-13,[]
8,CIFAR100,RandomSampler,3.6041233703317315e-10,[]
8,CIFAR100,RandomSampler,1.57066312186481e-09,[]
8,CIFAR100,RandomSampler,3.2056102127479306e-07,[]
8,CIFAR100,RandomSampler,1.1490827088477167e-10,[]
8,CIFAR100,RandomSampler,5.236322960823474e-10,[]
8,CIFAR100,RandomSampler,2.359058514599734e-07,[]
8,CIFAR100,RandomSampler,1.57066312186481e-09,[]
8,CIFAR100,RandomSampler,1.281617613358335e-08,[]
8,CIFAR100,RandomSampler,1.730256103399168e-07,[]
8,CIFAR100,RandomSampler,5.407607497364001e-13,[]
8,CIFAR100,RandomSampler,2.471450505690998e-10,[]
8,CIFAR100,RandomSampler,6.457541418962002e-09,[]
8,CIFAR100,RandomSampler,1.7960142281780547e-08,[]
8,CIFAR100,RandomSampler,7.579534811982887e-10,[]
8,CIFAR100,RandomSampler,1.1490827088477167e-10,[]
8,CIFAR100,RandomSampler,7.579534811982887e-10,[]
8,CIFAR100,RandomSampler,5.236322960823474e-10,[]
8,CIFAR100,RandomSampler,7.790703691477819e-11,[]
8,CIFAR100,RandomSampler,7.790703691477819e-11,[]
8,CIFAR100,RandomSampler,1.730256103399168e-07,[]
8,CIFAR100,RandomSampler,1.093095554215443e-09,[]
8,CIFAR100,RandomSampler,7.579534811982887e-10,[]
8,CIFAR100,RandomSampler,1.5838677128261433e-11,[]
8,CIFAR100,RandomSampler,3.6041233703317315e-10,[]
8,CIFAR100,RandomSampler,1.4234785595806085e-13,[]
8,CIFAR100,RandomSampler,3.2056102127479306e-07,[]
8,CIFAR100,RandomSampler,3.6041233703317315e-10,[]
8,CIFAR100,RandomSampler,1.057244330296412e-06,[]
8,CIFAR100,RandomSampler,7.579534811982887e-10,[]
8,CIFAR100,RandomSampler,1.6883897664446674e-10,[]
8,CIFAR100,RandomSampler,3.2056102127479306e-07,[]
8,CIFAR100,RandomSampler,6.975384783903876e-12,[]
8,CIFAR100,RandomSampler,1.7960142281780547e-08,[]
8,CIFAR100,RandomSampler,2.372578667462081e-11,[]
8,CIFAR100,RandomSampler,9.113400953840183e-09,[]
8,CIFAR100,RandomSampler,2.0504990899524323e-15,[]
8,CIFAR100,RandomSampler,1.093095554215443e-09,[]
8,CIFAR100,RandomSampler,2.2486766216565975e-09,[]
8,CIFAR100,RandomSampler,4.840465693451923e-08,[]
8,CIFAR100,RandomSampler,3.540160162341823e-11,[]
8,CIFAR100,RandomSampler,9.113400953840183e-09,[]
8,CIFAR100,RandomSampler,3.20774254441553e-09,[]
8,CIFAR100,RandomSampler,1.2647902598912282e-07,[]
8,CIFAR100,RandomSampler,2.2486766216565975e-09,[]
8,CIFAR100,RandomSampler,2.5080883551614425e-08,[]
8,CIFAR100,RandomSampler,7.579534811982887e-10,[]
8,CIFAR100,RandomSampler,3.3443859798121626e-15,[]
8,CIFAR100,RandomSampler,5.407607497364001e-13,[]
8,CIFAR100,RandomSampler,7.884225602644668e-07,[]
8,CIFAR100,RandomSampler,4.34143679527947e-07,[]
8,CIFAR100,RandomSampler,4.559422724053903e-09,[]
8,CIFAR100,RandomSampler,9.214159199916617e-08,[]
8,CIFAR100,RandomSampler,2.2486766216565975e-09,[]
8,CIFAR100,RandomSampler,1.6883897664446674e-10,[]
8,CIFAR100,RandomSampler,5.261840819956758e-11,[]
8,CIFAR100,RandomSampler,2.372578667462081e-11,[]
8,CIFAR100,RandomSampler,6.457541418962002e-09,[]
8,CIFAR100,RandomSampler,1.281617613358335e-08,[]
8,CIFAR100,RandomSampler,1.7960142281780547e-08,[]
8,CIFAR100,RandomSampler,2.359058514599734e-07,[]
8,CIFAR100,RandomSampler,2.359058514599734e-07,[]
8,CIFAR100,RandomSampler,8.366898123270403e-13,[]
8,CIFAR100,RandomSampler,5.261840819956758e-11,[]
8,CIFAR100,RandomSampler,4.559422724053903e-09,[]
8,CIFAR100,RandomSampler,1.6883897664446674e-10,[]
8,CIFAR100,RandomSampler,2.471450505690998e-10,[]
8,CIFAR100,RandomSampler,2.372578667462081e-11,[]
8,CIFAR100,RandomSampler,9.214159199916617e-08,[]
8,CIFAR100,RandomSampler,4.840465693451923e-08,[]
8,CIFAR100,RandomSampler,1.4130890307564903e-06,[]
8,CIFAR100,RandomSampler,2.372578667462081e-11,[]
8,CIFAR100,RandomSampler,8.366898123270403e-13,[]
8,CIFAR100,RandomSampler,3.540160162341823e-11,[]
8,CIFAR100,RandomSampler,2.2486766216565975e-09,[]
8,CIFAR100,RandomSampler,1.2647902598912282e-07,[]
8,CIFAR100,RandomSampler,1.281617613358335e-08,[]
8,CIFAR100,RandomSampler,9.113400953840183e-09,[]
8,CIFAR100,RandomSampler,3.6041233703317315e-10,[]
8,CIFAR100,RandomSampler,1.281617613358335e-08,[]
8,CIFAR100,RandomSampler,1.2647902598912282e-07,[]
8,CIFAR100,RandomSampler,7.579534811982887e-10,[]
8,CIFAR100,RandomSampler,5.261840819956758e-11,[]
8,CIFAR100,RandomSampler,6.457541418962002e-09,[]
8,CIFAR100,RandomSampler,4.559422724053903e-09,[]
8,CIFAR100,RandomSampler,3.4903254030863154e-08,[]
8,CIFAR100,RandomSampler,2.471450505690998e-10,[]
8,CIFAR100,RandomSampler,1.2513510015809149e-15,[]
8,CIFAR100,RandomSampler,1.730256103399168e-07,[]
8,CIFAR100,RandomSampler,5.236322960823474e-10,[]
8,CIFAR100,RandomSampler,3.20774254441553e-09,[]
8,CIFAR100,RandomSampler,6.975384783903876e-12,[]
8,CIFAR100,RandomSampler,2.5080883551614425e-08,[]
8,CIFAR100,RandomSampler,2.372578667462081e-11,[]
8,CIFAR100,RandomSampler,1.7960142281780547e-08,[]
8,CIFAR100,RandomSampler,1.093095554215443e-09,[]
8,CIFAR100,RandomSampler,2.5080883551614425e-08,[]
8,CIFAR100,RandomSampler,6.689820660678862e-08,[]
8,CIFAR100,RandomSampler,2.471450505690998e-10,[]
8,CIFAR100,RandomSampler,3.6041233703317315e-10,[]
8,CIFAR100,RandomSampler,9.113400953840183e-09,[]
8,CIFAR100,RandomSampler,1.57066312186481e-09,[]
8,CIFAR100,RandomSampler,9.045306855267392e-14,[]
8,CIFAR100,RandomSampler,9.113400953840183e-09,[]
8,CIFAR100,RandomSampler,5.741556302555711e-06,[]
8,CIFAR100,RandomSampler,7.884225602644668e-07,[]
8,CIFAR100,RandomSampler,4.559422724053903e-09,[]
8,CIFAR100,RandomSampler,7.790703691477819e-11,[]
8,CIFAR100,RandomSampler,9.113400953840183e-09,[]
8,CIFAR100,RandomSampler,6.457541418962002e-09,[]
8,CIFAR100,RandomSampler,7.790703691477819e-11,[]
8,CIFAR100,RandomSampler,1.7960142281780547e-08,[]
8,CIFAR100,RandomSampler,1.2647902598912282e-07,[]
8,CIFAR100,RandomSampler,5.261840819956758e-11,[]
8,CIFAR100,RandomSampler,1.0531872043686928e-11,[]
8,CIFAR100,RandomSampler,4.840465693451923e-08,[]
8,CIFAR100,RandomSampler,3.6041233703317315e-10,[]
8,CIFAR100,RandomSampler,2.5080883551614425e-08,[]
8,CIFAR100,RandomSampler,9.214159199916617e-08,[]
8,CIFAR100,RandomSampler,5.236322960823474e-10,[]
8,CIFAR100,RandomSampler,3.0232213214969996e-12,[]
8,CIFAR100,RandomSampler,9.113400953840183e-09,[]
8,CIFAR100,RandomSampler,1.6883897664446674e-10,[]
8,CIFAR100,RandomSampler,3.4903254030863154e-08,[]
8,CIFAR100,RandomSampler,5.236322960823474e-10,[]
8,CIFAR100,RandomSampler,4.559422724053903e-09,[]
8,CIFAR100,RandomSampler,1.281617613358335e-08,[]
8,CIFAR100,RandomSampler,6.457541418962002e-09,[]
8,CIFAR100,RandomSampler,1.093095554215443e-09,[]
8,CIFAR100,RandomSampler,4.559422724053903e-09,[]
8,CIFAR100,RandomSampler,7.790703691477819e-11,[]
8,CIFAR100,RandomSampler,1.730256103399168e-07,[]
8,CIFAR100,RandomSampler,1.4130890307564903e-06,[]
8,CIFAR100,RandomSampler,3.20774254441553e-09,[]
8,CIFAR100,RandomSampler,2.372578667462081e-11,[]
8,CIFAR100,RandomSampler,5.261840819956758e-11,[]
8,CIFAR100,RandomSampler,3.6041233703317315e-10,[]
8,CIFAR100,RandomSampler,4.601442111193561e-12,[]
8,CIFAR100,RandomSampler,2.359058514599734e-07,[]
8,CIFAR100,RandomSampler,5.407607497364001e-13,[]
8,CIFAR100,RandomSampler,3.540160162341823e-11,[]
8,CIFAR100,RandomSampler,2.2486766216565975e-09,[]
8,CIFAR100,RandomSampler,1.2891960149547697e-12,[]
8,CIFAR100,RandomSampler,9.113400953840183e-09,[]
8,CIFAR100,RandomSampler,1.057244330296412e-06,[]
8,CIFAR100,RandomSampler,1.1490827088477167e-10,[]
8,CIFAR100,RandomSampler,1.1490827088477167e-10,[]
8,CIFAR100,RandomSampler,1.1490827088477167e-10,[]
8,CIFAR100,RandomSampler,1.57066312186481e-09,[]
8,CIFAR100,RandomSampler,1.7960142281780547e-08,[]
8,CIFAR100,RandomSampler,9.214159199916617e-08,[]
8,CIFAR100,RandomSampler,1.281617613358335e-08,[]
8,CIFAR100,RandomSampler,9.113400953840183e-09,[]
8,CIFAR100,RandomSampler,4.34143679527947e-07,[]
8,CIFAR100,RandomSampler,9.113400953840183e-09,[]
8,CIFAR100,RandomSampler,3.6041233703317315e-10,[]
8,CIFAR100,RandomSampler,9.113400953840183e-09,[]
8,CIFAR100,RandomSampler,1.093095554215443e-09,[]
8,CIFAR100,RandomSampler,1.411681352972193e-14,[]
8,CIFAR100,RandomSampler,1.6883897664446674e-10,[]
8,CIFAR100,RandomSampler,1.57066312186481e-09,[]
8,CIFAR100,RandomSampler,1.2647902598912282e-07,[]
8,CIFAR100,RandomSampler,9.113400953840183e-09,[]
8,CIFAR100,RandomSampler,7.579534811982887e-10,[]
8,CIFAR100,RandomSampler,1.57066312186481e-09,[]
8,CIFAR100,RandomSampler,1.730256103399168e-07,[]
8,CIFAR100,RandomSampler,1.57066312186481e-09,[]
8,CIFAR100,RandomSampler,4.559422724053903e-09,[]
8,CIFAR100,RandomSampler,1.5838677128261433e-11,[]
8,CIFAR100,RandomSampler,9.113400953840183e-09,[]
8,CIFAR100,RandomSampler,2.5080883551614425e-08,[]
8,CIFAR100,RandomSampler,3.0232213214969996e-12,[]
8,CIFAR100,RandomSampler,7.579534811982887e-10,[]
8,CIFAR100,RandomSampler,3.20774254441553e-09,[]
8,CIFAR100,RandomSampler,1.7960142281780547e-08,[]
8,CIFAR100,RandomSampler,2.359058514599734e-07,[]
8,CIFAR100,RandomSampler,7.579534811982887e-10,[]
8,CIFAR100,RandomSampler,2.5080883551614425e-08,[]
8,CIFAR100,RandomSampler,2.2486766216565975e-09,[]
8,CIFAR100,RandomSampler,1.5838677128261433e-11,[]
8,CIFAR100,RandomSampler,1.1490827088477167e-10,[]
8,CIFAR100,RandomSampler,3.540160162341823e-11,[]
8,CIFAR100,RandomSampler,5.407607497364001e-13,[]
8,CIFAR100,RandomSampler,1.5838677128261433e-11,[]
8,CIFAR100,RandomSampler,1.4130890307564903e-06,[]
8,CIFAR100,RandomSampler,3.6041233703317315e-10,[]
9,EMNIST,ClassOrderSampler,0.0016253586231811982,"[-1, -1, -1, -1, -1, -1, -1, -1, -1, -1, -1, -1, -1, -1, -1, -1, -1, -1, -1, -1, -1, -1, -1, -1, -1, -1, -1, -1, -1, -1, -1, -1, -1, -1, -1, -1, -1, -1, -1, -1, -1, -1, -1, -1, -1, -1, -1, -1, -1, -1]"
9,EMNIST,ClassOrderSampler,0.005094654101451861,"[-1, -1, -1, -1, -1, -1, -1, -1, -1, -1, -1, -1, -1, -1, -1, -1, -1, -1, -1, -1, -1, -1, -1, -1, -1, -1, -1, -1, -1, -1, -1, -1, -1, -1, -1, -1, -1, -1, -1, -1, -1, -1, -1, -1, -1, -1, -1, -1, -1, -1]"
9,EMNIST,ClassOrderSampler,0.010299320265984563,"[-1, -1, -1, -1, -1, -1, -1, -1, -1, -1, -1, -1, -1, -1, -1, -1, -1, -1, -1, -1, -1, -1, -1, -1, -1, -1, -1, -1, -1, -1, -1, -1, -1, -1, -1, -1, -1, -1, -1, -1, -1, -1, -1, -1, -1, -1, -1, -1, -1, -1]"
9,EMNIST,ClassOrderSampler,0.014394868112024752,"[-1, -1, -1, -1, -1, -1, -1, -1, -1, -1, -1, -1, -1, -1, -1, -1, -1, -1, -1, -1, -1, -1, -1, -1, -1, -1, -1, -1, -1, -1, -1, -1, -1, -1, -1, -1, -1, -1, -1, -1, -1, -1, -1, -1, -1, -1, -1, -1, -1, -1]"
9,EMNIST,ClassOrderSampler,0.012193440103454143,"[-1, -1, -1, -1, -1, -1, -1, -1, -1, -1, -1, -1, -1, -1, -1, -1, -1, -1, -1, -1, -1, -1, -1, -1, -1, -1, -1, -1, -1, -1, -1, -1, -1, -1, -1, -1, -1, -1, -1, -1, -1, -1, -1, -1, -1, -1, -1, -1, -1, -1]"
9,EMNIST,ClassOrderSampler,0.0010849682217812634,"[-1, -1, -1, -1, -1, -1, -1, -1, -1, -1, -1, -1, -1, -1, -1, -1, -1, -1, -1, -1, -1, -1, -1, -1, -1, -1, -1, -1, -1, -1, -1, -1, -1, -1, -1, -1, -1, -1, -1, -1, -1, -1, -1, -1, -1, -1, -1, -1, -1, -1]"
9,EMNIST,ClassOrderSampler,0.0013299072046171411,"[-1, -1, -1, -1, -1, -1, -1, -1, -1, -1, -1, -1, -1, -1, -1, -1, -1, -1, -1, -1, -1, -1, -1, -1, -1, -1, -1, -1, -1, -1, -1, -1, -1, -1, -1, -1, -1, -1, -1, -1, -1, -1, -1, -1, -1, -1, -1, -1, -1, -1]"
9,EMNIST,ClassOrderSampler,0.001980634470162494,"[-1, -1, -1, -1, -1, -1, -1, -1, -1, -1, -1, -1, -1, -1, -1, -1, -1, -1, -1, -1, -1, -1, -1, -1, -1, -1, -1, -1, -1, -1, -1, -1, -1, -1, -1, -1, -1, -1, -1, -1, -1, -1, -1, -1, -1, -1, -1, -1, -1, -1]"
9,EMNIST,ClassOrderSampler,0.016945555236092667,"[-1, -1, -1, -1, -1, -1, -1, -1, -1, -1, -1, -1, -1, -1, -1, -1, -1, -1, -1, -1, -1, -1, -1, -1, -1, -1, -1, -1, -1, -1, -1, -1, -1, -1, -1, -1, -1, -1, -1, -1, -1, -1, -1, -1, -1, -1, -1, -1, -1, -1]"
9,EMNIST,ClassOrderSampler,0.00024016885633722725,"[-1, -1, -1, -1, -1, -1, -1, -1, -1, -1, -1, -1, -1, -1, -1, -1, -1, -1, -1, -1, -1, -1, -1, -1, -1, -1, -1, -1, -1, -1, -1, -1, -1, -1, -1, -1, -1, -1, -1, -1, -1, -1, -1, -1, -1, -1, -1, -1, -1, -1]"
9,EMNIST,ClassOrderSampler,0.004241990803885136,"[-1, -1, -1, -1, -1, -1, -1, -1, -1, -1, -1, -1, -1, -1, -1, -1, -1, -1, -1, -1, -1, -1, -1, -1, -1, -1, -1, -1, -1, -1, -1, -1, -1, -1, -1, -1, -1, -1, -1, -1, -1, -1, -1, -1, -1, -1, -1, -1, -1, -1]"
9,EMNIST,ClassOrderSampler,0.0004666141462373024,"[-1, -1, -1, -1, -1, -1, -1, -1, -1, -1, -1, -1, -1, -1, -1, -1, -1, -1, -1, -1, -1, -1, -1, -1, -1, -1, -1, -1, -1, -1, -1, -1, -1, -1, -1, -1, -1, -1, -1, -1, -1, -1, -1, -1, -1, -1, -1, -1, -1, -1]"
9,EMNIST,ClassOrderSampler,0.002915486165864586,"[-1, -1, -1, -1, -1, -1, -1, -1, -1, -1, -1, -1, -1, -1, -1, -1, -1, -1, -1, -1, -1, -1, -1, -1, -1, -1, -1, -1, -1, -1, -1, -1, -1, -1, -1, -1, -1, -1, -1, -1, -1, -1, -1, -1, -1, -1, -1, -1, -1, -1]"
9,EMNIST,ClassOrderSampler,0.010299320265984563,[]
9,EMNIST,ClassOrderSampler,0.007285384085566508,[]
9,EMNIST,ClassOrderSampler,0.0005787711409339811,[]
9,EMNIST,ClassOrderSampler,9.214159199916617e-08,[]
9,EMNIST,ClassOrderSampler,4.34143679527947e-07,[]
9,EMNIST,ClassOrderSampler,4.34143679527947e-07,[]
9,EMNIST,ClassOrderSampler,1.281617613358335e-08,[]
9,EMNIST,ClassOrderSampler,6.689820660678862e-08,[]
9,EMNIST,ClassOrderSampler,2.359058514599734e-07,[]
9,EMNIST,ClassOrderSampler,2.2486766216565975e-09,[]
9,EMNIST,ClassOrderSampler,2.499867876984005e-06,[]
9,EMNIST,ClassOrderSampler,6.457541418962002e-09,[]
9,EMNIST,ClassOrderSampler,7.527005327674752e-06,[]
9,EMNIST,ClassOrderSampler,3.3088949215234603e-06,[]
9,EMNIST,ClassOrderSampler,7.527005327674752e-06,[]
9,EMNIST,ClassOrderSampler,7.473758386244858e-05,[]
9,EMNIST,ClassOrderSampler,9.214159199916617e-08,[]
9,EMNIST,ClassOrderSampler,7.527005327674752e-06,[]
9,EMNIST,ClassOrderSampler,1.730256103399168e-07,[]
9,EMNIST,ClassOrderSampler,2.0238780169700945e-17,[]
9,EMNIST,ClassOrderSampler,3.540160162341823e-11,[]
9,EMNIST,ClassOrderSampler,1.8825563196120358e-06,[]
9,EMNIST,ClassOrderSampler,1.7960142281780547e-08,[]
9,EMNIST,ClassOrderSampler,1.0531872043686928e-11,[]
9,EMNIST,ClassOrderSampler,6.689820660678862e-08,[]
9,EMNIST,ClassOrderSampler,1.7960142281780547e-08,[]
9,EMNIST,ClassOrderSampler,2.2305576203473523e-13,[]
9,EMNIST,ClassOrderSampler,5.261840819956758e-11,[]
9,EMNIST,ClassOrderSampler,5.236322960823474e-10,[]
9,EMNIST,ClassOrderSampler,1.093095554215443e-09,[]
9,EMNIST,ClassOrderSampler,4.840465693451923e-08,[]
9,EMNIST,ClassOrderSampler,1.7960142281780547e-08,[]
9,EMNIST,ClassOrderSampler,3.0232213214969996e-12,[]
9,EMNIST,ClassOrderSampler,1.2647902598912282e-07,[]
9,EMNIST,ClassOrderSampler,1.2891960149547697e-12,[]
9,EMNIST,ClassOrderSampler,2.7797480290361256e-05,[]
9,EMNIST,ClassOrderSampler,3.2056102127479306e-07,[]
9,EMNIST,ClassOrderSampler,2.1540431996748815e-05,[]
9,EMNIST,ClassOrderSampler,1.7960142281780547e-08,[]
9,EMNIST,ClassOrderSampler,0.002406525116404218,[]
9,EMNIST,ClassOrderSampler,0.00019131863736034733,[]
9,EMNIST,ClassOrderSampler,3.5760558971456005e-05,[]
9,EMNIST,ClassOrderSampler,7.473758386244858e-05,[]
9,EMNIST,ClassOrderSampler,1.057244330296412e-06,[]
9,EMNIST,ClassOrderSampler,0.00012030770807633029,[]
9,EMNIST,ClassOrderSampler,5.741556302555711e-06,[]
9,EMNIST,ClassOrderSampler,1.663971868034067e-05,[]
9,EMNIST,ClassOrderSampler,0.012193440103454143,[]
9,EMNIST,ClassOrderSampler,2.359058514599734e-07,[]
9,EMNIST,ClassOrderSampler,3.5760558971456005e-05,[]
9,EMNIST,ClassOrderSampler,2.7797480290361256e-05,[]
9,EMNIST,ClassOrderSampler,2.372578667462081e-11,[]
9,EMNIST,ClassOrderSampler,1.093095554215443e-09,[]
9,EMNIST,ClassOrderSampler,4.840465693451923e-08,[]
9,EMNIST,ClassOrderSampler,4.559422724053903e-09,[]
9,EMNIST,ClassOrderSampler,4.601442111193561e-12,[]
9,EMNIST,ClassOrderSampler,6.457541418962002e-09,[]
9,EMNIST,ClassOrderSampler,2.359058514599734e-07,[]
9,EMNIST,ClassOrderSampler,2.499867876984005e-06,[]
9,EMNIST,ClassOrderSampler,1.2513510015809149e-15,[]
9,EMNIST,ClassOrderSampler,1.281617613358335e-08,[]
9,EMNIST,ClassOrderSampler,4.840465693451923e-08,[]
9,EMNIST,ClassOrderSampler,1.5838677128261433e-11,[]
9,EMNIST,ClassOrderSampler,1.4130890307564903e-06,[]
9,EMNIST,ClassOrderSampler,3.20774254441553e-09,[]
9,EMNIST,ClassOrderSampler,6.457541418962002e-09,[]
9,EMNIST,ClassOrderSampler,9.113400953840183e-09,[]
9,EMNIST,ClassOrderSampler,1.4130890307564903e-06,[]
9,EMNIST,ClassOrderSampler,2.499867876984005e-06,[]
9,EMNIST,ClassOrderSampler,2.499867876984005e-06,[]
9,EMNIST,ClassOrderSampler,9.496857280483418e-05,[]
9,EMNIST,ClassOrderSampler,9.836382105864013e-06,[]
9,EMNIST,ClassOrderSampler,1.281617613358335e-08,[]
9,EMNIST,ClassOrderSampler,9.113400953840183e-09,[]
9,EMNIST,ClassOrderSampler,4.586233552928817e-05,[]
9,EMNIST,ClassOrderSampler,7.527005327674752e-06,[]
9,EMNIST,ClassOrderSampler,5.741556302555711e-06,[]
9,EMNIST,ClassOrderSampler,7.527005327674752e-06,[]
9,EMNIST,ClassOrderSampler,4.34143679527947e-07,[]
9,EMNIST,ClassOrderSampler,0.00012030770807633029,[]
9,EMNIST,ClassOrderSampler,4.586233552928817e-05,[]
9,EMNIST,ClassOrderSampler,9.214159199916617e-08,[]
9,EMNIST,ClassOrderSampler,5.741556302555711e-06,[]
9,EMNIST,ClassOrderSampler,0.0001519442863334512,[]
9,EMNIST,ClassOrderSampler,0.0016253586231811982,[]
9,EMNIST,ClassOrderSampler,0.0016253586231811982,[]
9,EMNIST,ClassOrderSampler,0.002406525116404218,[]
9,EMNIST,ClassOrderSampler,0.004241990803885136,[]
9,EMNIST,ClassOrderSampler,2.7797480290361256e-05,[]
9,EMNIST,ClassOrderSampler,0.0003750703116485497,[]
9,EMNIST,ClassOrderSampler,0.010299320265984563,[]
9,EMNIST,ClassOrderSampler,1.663971868034067e-05,[]
9,EMNIST,ClassOrderSampler,0.0003750703116485497,[]
9,EMNIST,ClassOrderSampler,0.002406525116404218,[]
9,EMNIST,ClassOrderSampler,0.007285384085566508,[]
9,EMNIST,ClassOrderSampler,0.0003750703116485497,[]
9,EMNIST,ClassOrderSampler,0.0004666141462373024,[]
9,EMNIST,ClassOrderSampler,0.002406525116404218,[]
9,EMNIST,ClassOrderSampler,1.4130890307564903e-06,[]
9,EMNIST,ClassOrderSampler,2.5080883551614425e-08,[]
9,EMNIST,ClassOrderSampler,1.57066312186481e-09,[]
9,EMNIST,ClassOrderSampler,7.884225602644668e-07,[]
9,EMNIST,ClassOrderSampler,6.689820660678862e-08,[]
9,EMNIST,ClassOrderSampler,4.365679378939068e-06,[]
9,EMNIST,ClassOrderSampler,9.214159199916617e-08,[]
9,EMNIST,ClassOrderSampler,2.499867876984005e-06,[]
9,EMNIST,ClassOrderSampler,9.214159199916617e-08,[]
9,EMNIST,ClassOrderSampler,7.473758386244858e-05,[]
9,EMNIST,ClassOrderSampler,3.2056102127479306e-07,[]
9,EMNIST,ClassOrderSampler,1.7960142281780547e-08,[]
9,EMNIST,ClassOrderSampler,4.365679378939068e-06,[]
9,EMNIST,ClassOrderSampler,1.281617613358335e-08,[]
9,EMNIST,ClassOrderSampler,3.5760558971456005e-05,[]
9,EMNIST,ClassOrderSampler,3.2056102127479306e-07,[]
9,EMNIST,ClassOrderSampler,1.093095554215443e-09,[]
9,EMNIST,ClassOrderSampler,1.1490827088477167e-10,[]
9,EMNIST,ClassOrderSampler,2.5080883551614425e-08,[]
9,EMNIST,ClassOrderSampler,1.2891960149547697e-12,[]
9,EMNIST,ClassOrderSampler,2.5080883551614425e-08,[]
9,EMNIST,ClassOrderSampler,6.457541418962002e-09,[]
9,EMNIST,ClassOrderSampler,1.5838677128261433e-11,[]
9,EMNIST,ClassOrderSampler,1.093095554215443e-09,[]
9,EMNIST,ClassOrderSampler,3.0232213214969996e-12,[]
9,EMNIST,ClassOrderSampler,4.601442111193561e-12,[]
9,EMNIST,ClassOrderSampler,4.840465693451923e-08,[]
9,EMNIST,ClassOrderSampler,1.281617613358335e-08,[]
9,EMNIST,ClassOrderSampler,2.2486766216565975e-09,[]
9,EMNIST,ClassOrderSampler,1.5838677128261433e-11,[]
9,EMNIST,ClassOrderSampler,4.601442111193561e-12,[]
9,EMNIST,ClassOrderSampler,5.261840819956758e-11,[]
9,EMNIST,ClassOrderSampler,6.457541418962002e-09,[]
9,EMNIST,ClassOrderSampler,2.359058514599734e-07,[]
9,EMNIST,ClassOrderSampler,1.057244330296412e-06,[]
9,EMNIST,ClassOrderSampler,4.365679378939068e-06,[]
9,EMNIST,ClassOrderSampler,4.840465693451923e-08,[]
9,EMNIST,ClassOrderSampler,3.4903254030863154e-08,[]
9,EMNIST,ClassOrderSampler,3.3088949215234603e-06,[]
9,EMNIST,ClassOrderSampler,6.457541418962002e-09,[]
9,EMNIST,ClassOrderSampler,9.214159199916617e-08,[]
9,EMNIST,ClassOrderSampler,5.863623773692563e-05,[]
9,EMNIST,ClassOrderSampler,3.3088949215234603e-06,[]
9,EMNIST,ClassOrderSampler,9.836382105864013e-06,[]
9,EMNIST,ClassOrderSampler,7.884225602644668e-07,[]
9,EMNIST,ClassOrderSampler,9.836382105864013e-06,[]
9,EMNIST,ClassOrderSampler,5.741556302555711e-06,[]
9,EMNIST,ClassOrderSampler,1.7960142281780547e-08,[]
9,EMNIST,ClassOrderSampler,3.3088949215234603e-06,[]
9,EMNIST,ClassOrderSampler,3.4903254030863154e-08,[]
9,EMNIST,ClassOrderSampler,5.236322960823474e-10,[]
9,EMNIST,ClassOrderSampler,2.5080883551614425e-08,[]
9,EMNIST,ClassOrderSampler,1.4130890307564903e-06,[]
9,EMNIST,ClassOrderSampler,2.2486766216565975e-09,[]
9,EMNIST,ClassOrderSampler,3.2056102127479306e-07,[]
9,EMNIST,ClassOrderSampler,6.689820660678862e-08,[]
9,EMNIST,ClassOrderSampler,2.5080883551614425e-08,[]
9,EMNIST,ClassOrderSampler,4.840465693451923e-08,[]
9,EMNIST,ClassOrderSampler,5.741556302555711e-06,[]
9,EMNIST,ClassOrderSampler,5.741556302555711e-06,[]
9,EMNIST,ClassOrderSampler,1.2647902598912282e-07,[]
9,EMNIST,ClassOrderSampler,4.840465693451923e-08,[]
9,EMNIST,ClassOrderSampler,9.113400953840183e-09,[]
9,EMNIST,ClassOrderSampler,2.5080883551614425e-08,[]
9,EMNIST,ClassOrderSampler,1.8825563196120358e-06,[]
9,EMNIST,ClassOrderSampler,1.093095554215443e-09,[]
9,EMNIST,ClassOrderSampler,2.2305576203473523e-13,[]
9,EMNIST,ClassOrderSampler,2.372578667462081e-11,[]
9,EMNIST,ClassOrderSampler,2.260935825510805e-14,[]
9,EMNIST,ClassOrderSampler,3.540160162341823e-11,[]
9,EMNIST,ClassOrderSampler,2.2486766216565975e-09,[]
9,EMNIST,ClassOrderSampler,1.57066312186481e-09,[]
9,EMNIST,ClassOrderSampler,3.4903254030863154e-08,[]
9,EMNIST,ClassOrderSampler,9.113400953840183e-09,[]
9,EMNIST,ClassOrderSampler,9.113400953840183e-09,[]
9,EMNIST,ClassOrderSampler,9.836382105864013e-06,[]
9,EMNIST,ClassOrderSampler,3.20774254441553e-09,[]
9,EMNIST,ClassOrderSampler,1.0531872043686928e-11,[]
9,EMNIST,ClassOrderSampler,6.689820660678862e-08,[]
9,EMNIST,ClassOrderSampler,5.261840819956758e-11,[]
9,EMNIST,ClassOrderSampler,4.34143679527947e-07,[]
9,EMNIST,ClassOrderSampler,1.5838677128261433e-11,[]
9,EMNIST,ClassOrderSampler,1.57066312186481e-09,[]
9,EMNIST,ClassOrderSampler,2.372578667462081e-11,[]
9,EMNIST,ClassOrderSampler,5.236322960823474e-10,[]
9,EMNIST,ClassOrderSampler,2.5080883551614425e-08,[]
9,EMNIST,ClassOrderSampler,7.790703691477819e-11,[]
9,EMNIST,ClassOrderSampler,7.579534811982887e-10,[]
9,EMNIST,ClassOrderSampler,3.540160162341823e-11,[]
9,EMNIST,ClassOrderSampler,2.7643596640146563e-16,[]
9,EMNIST,ClassOrderSampler,2.372578667462081e-11,[]
9,EMNIST,ClassOrderSampler,3.6041233703317315e-10,[]
9,EMNIST,ClassOrderSampler,1.7960142281780547e-08,[]
9,EMNIST,ClassOrderSampler,4.601442111193561e-12,[]
9,EMNIST,ClassOrderSampler,1.093095554215443e-09,[]
9,EMNIST,ClassOrderSampler,4.559422724053903e-09,[]
9,EMNIST,ClassOrderSampler,3.540160162341823e-11,[]
9,EMNIST,ClassOrderSampler,0.00024016885633722725,[]
9,EMNIST,ClassOrderSampler,0.0001519442863334512,[]
9,EMNIST,ClassOrderSampler,9.836382105864013e-06,[]
9,EMNIST,ClassOrderSampler,0.0013299072046171411,[]
9,EMNIST,ClassOrderSampler,1.8825563196120358e-06,[]
9,EMNIST,ClassOrderSampler,0.0005787711409339811,[]
9,EMNIST,ClassOrderSampler,7.527005327674752e-06,[]
9,EMNIST,ClassOrderSampler,0.00012030770807633029,[]
9,EMNIST,ClassOrderSampler,0.00019131863736034733,[]
9,EMNIST,ClassOrderSampler,0.0010849682217812634,[]
9,EMNIST,ClassOrderSampler,0.0007157538630616762,[]
9,EMNIST,ClassOrderSampler,0.010299320265984563,[]
9,EMNIST,ClassOrderSampler,0.0004666141462373024,[]
9,EMNIST,ClassOrderSampler,0.0004666141462373024,[]
9,EMNIST,ClassOrderSampler,0.004241990803885136,[]
9,EMNIST,ClassOrderSampler,0.0013299072046171411,[]
9,EMNIST,ClassOrderSampler,4.34143679527947e-07,[]
9,EMNIST,ClassOrderSampler,1.057244330296412e-06,[]
9,EMNIST,ClassOrderSampler,7.579534811982887e-10,[]
9,EMNIST,ClassOrderSampler,3.4903254030863154e-08,[]
9,EMNIST,ClassOrderSampler,4.601442111193561e-12,[]
9,EMNIST,ClassOrderSampler,3.20774254441553e-09,[]
9,EMNIST,ClassOrderSampler,1.0531872043686928e-11,[]
9,EMNIST,ClassOrderSampler,5.261840819956758e-11,[]
9,EMNIST,ClassOrderSampler,1.093095554215443e-09,[]
9,EMNIST,ClassOrderSampler,2.471450505690998e-10,[]
9,EMNIST,ClassOrderSampler,2.499867876984005e-06,[]
9,EMNIST,ClassOrderSampler,2.471450505690998e-10,[]
9,EMNIST,ClassOrderSampler,1.1490827088477167e-10,[]
9,EMNIST,ClassOrderSampler,1.663971868034067e-05,[]
9,EMNIST,ClassOrderSampler,1.093095554215443e-09,[]
9,EMNIST,ClassOrderSampler,1.4130890307564903e-06,[]
9,EMNIST,ClassOrderSampler,4.586233552928817e-05,[]
9,EMNIST,ClassOrderSampler,2.5080883551614425e-08,[]
9,EMNIST,ClassOrderSampler,3.5760558971456005e-05,[]
9,EMNIST,ClassOrderSampler,1.8825563196120358e-06,[]
9,EMNIST,ClassOrderSampler,5.741556302555711e-06,[]
9,EMNIST,ClassOrderSampler,0.0004666141462373024,[]
9,EMNIST,ClassOrderSampler,2.499867876984005e-06,[]
9,EMNIST,ClassOrderSampler,2.359058514599734e-07,[]
9,EMNIST,ClassOrderSampler,3.5760558971456005e-05,[]
9,EMNIST,ClassOrderSampler,2.499867876984005e-06,[]
9,EMNIST,ClassOrderSampler,5.860220843281605e-07,[]
9,EMNIST,ClassOrderSampler,3.3088949215234603e-06,[]
9,EMNIST,ClassOrderSampler,4.365679378939068e-06,[]
9,EMNIST,ClassOrderSampler,1.8825563196120358e-06,[]
9,EMNIST,ClassOrderSampler,0.00019131863736034733,[]
9,EMNIST,ClassOrderSampler,0.00019131863736034733,[]
9,EMNIST,ClassOrderSampler,2.7797480290361256e-05,[]
9,EMNIST,ClassOrderSampler,0.0004666141462373024,[]
9,EMNIST,ClassOrderSampler,0.0007157538630616762,[]
9,EMNIST,ClassOrderSampler,0.00030058481881818926,[]
9,EMNIST,ClassOrderSampler,0.0005787711409339811,[]
9,EMNIST,ClassOrderSampler,0.0005787711409339811,[]
9,EMNIST,ClassOrderSampler,4.586233552928817e-05,[]
9,EMNIST,ClassOrderSampler,7.527005327674752e-06,[]
9,EMNIST,ClassOrderSampler,0.00030058481881818926,[]
9,EMNIST,ClassOrderSampler,0.0016253586231811982,[]
9,EMNIST,ClassOrderSampler,0.0001519442863334512,[]
9,EMNIST,ClassOrderSampler,0.0001519442863334512,[]
9,EMNIST,ClassOrderSampler,1.730256103399168e-07,[]
9,EMNIST,ClassOrderSampler,0.0001519442863334512,[]
9,EMNIST,ClassOrderSampler,0.0013299072046171411,[]
9,EMNIST,ClassOrderSampler,0.0010849682217812634,[]
9,EMNIST,ClassOrderSampler,5.741556302555711e-06,[]
9,EMNIST,ClassOrderSampler,1.2813707062952988e-05,[]
9,EMNIST,ClassOrderSampler,1.2813707062952988e-05,[]
9,EMNIST,ClassOrderSampler,4.34143679527947e-07,[]
9,EMNIST,ClassOrderSampler,7.473758386244858e-05,[]
9,EMNIST,ClassOrderSampler,9.836382105864013e-06,[]
9,EMNIST,ClassOrderSampler,2.359058514599734e-07,[]
9,EMNIST,ClassOrderSampler,1.093095554215443e-09,[]
9,EMNIST,ClassOrderSampler,3.2056102127479306e-07,[]
9,EMNIST,ClassOrderSampler,5.863623773692563e-05,[]
9,EMNIST,ClassOrderSampler,7.884225602644668e-07,[]
9,EMNIST,ClassOrderSampler,0.0004666141462373024,[]
9,EMNIST,ClassOrderSampler,2.499867876984005e-06,[]
9,EMNIST,ClassOrderSampler,2.5080883551614425e-08,[]
9,EMNIST,ClassOrderSampler,2.359058514599734e-07,[]
9,EMNIST,ClassOrderSampler,2.499867876984005e-06,[]
9,EMNIST,ClassOrderSampler,5.863623773692563e-05,[]
9,EMNIST,ClassOrderSampler,1.2647902598912282e-07,[]
9,EMNIST,ClassOrderSampler,4.365679378939068e-06,[]
9,EMNIST,ClassOrderSampler,5.741556302555711e-06,[]
9,EMNIST,ClassOrderSampler,0.00019131863736034733,[]
9,EMNIST,ClassOrderSampler,4.586233552928817e-05,[]
9,EMNIST,ClassOrderSampler,7.527005327674752e-06,[]
9,EMNIST,ClassOrderSampler,3.4903254030863154e-08,[]
9,EMNIST,ClassOrderSampler,2.7797480290361256e-05,[]
9,EMNIST,ClassOrderSampler,0.00019131863736034733,[]
9,EMNIST,ClassOrderSampler,4.559422724053903e-09,[]
9,EMNIST,ClassOrderSampler,0.0001519442863334512,[]
9,EMNIST,ClassOrderSampler,2.1540431996748815e-05,[]
9,EMNIST,ClassOrderSampler,9.836382105864013e-06,[]
9,EMNIST,ClassOrderSampler,3.5760558971456005e-05,[]
9,EMNIST,ClassOrderSampler,4.365679378939068e-06,[]
9,EMNIST,ClassOrderSampler,2.5080883551614425e-08,[]
9,EMNIST,ClassOrderSampler,2.5080883551614425e-08,[]
9,EMNIST,ClassOrderSampler,6.457541418962002e-09,[]
9,EMNIST,ClassOrderSampler,9.214159199916617e-08,[]
9,EMNIST,ClassOrderSampler,3.2056102127479306e-07,[]
9,EMNIST,ClassOrderSampler,9.214159199916617e-08,[]
9,EMNIST,ClassOrderSampler,9.214159199916617e-08,[]
9,EMNIST,ClassOrderSampler,2.5080883551614425e-08,[]
9,EMNIST,ClassOrderSampler,2.471450505690998e-10,[]
9,EMNIST,ClassOrderSampler,5.429614328073338e-15,[]
9,EMNIST,ClassOrderSampler,2.359058514599734e-07,[]
9,EMNIST,ClassOrderSampler,3.4903254030863154e-08,[]
9,EMNIST,ClassOrderSampler,6.689820660678862e-08,[]
9,EMNIST,ClassOrderSampler,6.457541418962002e-09,[]
9,EMNIST,ClassOrderSampler,6.689820660678862e-08,[]
9,EMNIST,ClassOrderSampler,1.093095554215443e-09,[]
9,EMNIST,ClassOrderSampler,2.359058514599734e-07,[]
9,EMNIST,ClassOrderSampler,0.00012030770807633029,[]
9,EMNIST,ClassOrderSampler,1.4130890307564903e-06,[]
9,EMNIST,ClassOrderSampler,1.2813707062952988e-05,[]
9,EMNIST,ClassOrderSampler,9.496857280483418e-05,[]
9,EMNIST,ClassOrderSampler,4.586233552928817e-05,[]
9,EMNIST,ClassOrderSampler,6.689820660678862e-08,[]
9,EMNIST,ClassOrderSampler,0.0001519442863334512,[]
9,EMNIST,ClassOrderSampler,3.3088949215234603e-06,[]
9,EMNIST,ClassOrderSampler,2.7797480290361256e-05,[]
9,EMNIST,ClassOrderSampler,0.0004666141462373024,[]
9,EMNIST,ClassOrderSampler,0.0001519442863334512,[]
9,EMNIST,ClassOrderSampler,5.863623773692563e-05,[]
9,EMNIST,ClassOrderSampler,4.586233552928817e-05,[]
9,EMNIST,ClassOrderSampler,0.00030058481881818926,[]
9,EMNIST,ClassOrderSampler,9.836382105864013e-06,[]
9,EMNIST,ClassOrderSampler,0.0005787711409339811,[]
9,EMNIST,ClassOrderSampler,2.1540431996748815e-05,[]
9,EMNIST,ClassOrderSampler,0.001980634470162494,[]
9,EMNIST,ClassOrderSampler,0.0008825360043522921,[]
9,EMNIST,ClassOrderSampler,7.473758386244858e-05,[]
9,EMNIST,ClassOrderSampler,0.002406525116404218,[]
9,EMNIST,ClassOrderSampler,0.0007157538630616762,[]
9,EMNIST,ClassOrderSampler,0.0008825360043522921,[]
9,EMNIST,ClassOrderSampler,0.002406525116404218,[]
9,EMNIST,ClassOrderSampler,7.473758386244858e-05,[]
9,EMNIST,ClassOrderSampler,0.0003750703116485497,[]
9,EMNIST,ClassOrderSampler,0.0013299072046171411,[]
9,EMNIST,ClassOrderSampler,0.001980634470162494,[]
9,EMNIST,ClassOrderSampler,2.1540431996748815e-05,[]
9,EMNIST,ClassOrderSampler,1.663971868034067e-05,[]
9,EMNIST,ClassOrderSampler,0.0003750703116485497,[]
9,EMNIST,ClassOrderSampler,4.34143679527947e-07,[]
9,EMNIST,ClassOrderSampler,6.689820660678862e-08,[]
9,EMNIST,ClassOrderSampler,1.730256103399168e-07,[]
9,EMNIST,ClassOrderSampler,3.0232213214969996e-12,[]
9,EMNIST,ClassOrderSampler,5.863623773692563e-05,[]
9,EMNIST,ClassOrderSampler,3.4903254030863154e-08,[]
9,EMNIST,ClassOrderSampler,4.586233552928817e-05,[]
9,EMNIST,ClassOrderSampler,6.689820660678862e-08,[]
9,EMNIST,ClassOrderSampler,5.741556302555711e-06,[]
9,EMNIST,ClassOrderSampler,1.7960142281780547e-08,[]
9,EMNIST,ClassOrderSampler,6.689820660678862e-08,[]
9,EMNIST,ClassOrderSampler,1.663971868034067e-05,[]
9,EMNIST,ClassOrderSampler,1.730256103399168e-07,[]
9,EMNIST,ClassOrderSampler,9.214159199916617e-08,[]
9,EMNIST,ClassOrderSampler,4.840465693451923e-08,[]
9,EMNIST,ClassOrderSampler,1.4130890307564903e-06,[]
9,EMNIST,ClassOrderSampler,7.60072802305653e-16,[]
9,EMNIST,ClassOrderSampler,5.429614328073338e-15,[]
9,EMNIST,ClassOrderSampler,2.2274939861154548e-20,[]
9,EMNIST,ClassOrderSampler,1.2513510015809149e-15,[]
9,EMNIST,ClassOrderSampler,2.3576729783487533e-19,[]
9,EMNIST,ClassOrderSampler,3.448386086004166e-17,[]
9,EMNIST,ClassOrderSampler,9.045306855267392e-14,[]
9,EMNIST,ClassOrderSampler,1.303660797297563e-18,[]
9,EMNIST,ClassOrderSampler,9.860701232381887e-17,[]
9,EMNIST,ClassOrderSampler,4.601442111193561e-12,[]
9,EMNIST,ClassOrderSampler,9.860701232381887e-17,[]
9,EMNIST,ClassOrderSampler,2.0504990899524323e-15,[]
9,EMNIST,ClassOrderSampler,4.59480737053815e-16,[]
9,EMNIST,ClassOrderSampler,2.372578667462081e-11,[]
9,EMNIST,ClassOrderSampler,2.0238780169700945e-17,[]
9,EMNIST,ClassOrderSampler,3.480378247557708e-13,[]
9,EMNIST,ClassOrderSampler,3.4903254030863154e-08,[]
9,EMNIST,ClassOrderSampler,3.6041233703317315e-10,[]
9,EMNIST,ClassOrderSampler,3.4903254030863154e-08,[]
9,EMNIST,ClassOrderSampler,2.471450505690998e-10,[]
9,EMNIST,ClassOrderSampler,2.260935825510805e-14,[]
9,EMNIST,ClassOrderSampler,7.579534811982887e-10,[]
9,EMNIST,ClassOrderSampler,2.2486766216565975e-09,[]
9,EMNIST,ClassOrderSampler,3.540160162341823e-11,[]
9,EMNIST,ClassOrderSampler,2.2486766216565975e-09,[]
9,EMNIST,ClassOrderSampler,1.281617613358335e-08,[]
9,EMNIST,ClassOrderSampler,3.480378247557708e-13,[]
9,EMNIST,ClassOrderSampler,3.6041233703317315e-10,[]
9,EMNIST,ClassOrderSampler,1.1490827088477167e-10,[]
9,EMNIST,ClassOrderSampler,2.2486766216565975e-09,[]
9,EMNIST,ClassOrderSampler,7.790703691477819e-11,[]
9,EMNIST,ClassOrderSampler,3.6041233703317315e-10,[]
9,EMNIST,ClassOrderSampler,1.6883897664446674e-10,[]
9,EMNIST,ClassOrderSampler,1.1490827088477167e-10,[]
9,EMNIST,ClassOrderSampler,2.2486766216565975e-09,[]
9,EMNIST,ClassOrderSampler,9.214159199916617e-08,[]
9,EMNIST,ClassOrderSampler,1.093095554215443e-09,[]
9,EMNIST,ClassOrderSampler,1.281617613358335e-08,[]
9,EMNIST,ClassOrderSampler,4.559422724053903e-09,[]
9,EMNIST,ClassOrderSampler,1.9782574303683305e-12,[]
9,EMNIST,ClassOrderSampler,3.540160162341823e-11,[]
9,EMNIST,ClassOrderSampler,9.113400953840183e-09,[]
9,EMNIST,ClassOrderSampler,3.0232213214969996e-12,[]
9,EMNIST,ClassOrderSampler,4.559422724053903e-09,[]
9,EMNIST,ClassOrderSampler,1.6883897664446674e-10,[]
9,EMNIST,ClassOrderSampler,3.20774254441553e-09,[]
9,EMNIST,ClassOrderSampler,2.2486766216565975e-09,[]
10,EMNIST,ClusterSampler,3.118588487036084e-29,"[-1, -1, -1, -1, -1, -1, -1, -1, -1, -1, -1, -1, -1, -1, -1, -1, -1, -1, -1, -1, -1, -1, -1, -1, -1, -1, -1, -1, -1, -1, -1, -1, -1, -1, -1, -1, -1, -1, -1, -1, -1, -1, -1, -1, -1, -1, -1, -1, -1, -1]"
10,EMNIST,ClusterSampler,8.774780477141702e-15,"[-1, -1, -1, -1, -1, -1, -1, -1, -1, -1, -1, -1, -1, -1, -1, -1, -1, -1, -1, -1, -1, -1, -1, -1, -1, -1, -1, -1, -1, -1, -1, -1, -1, -1, -1, -1, -1, -1, -1, -1, -1, -1, -1, -1, -1, -1, -1, -1, -1, -1]"
10,EMNIST,ClusterSampler,1.093095554215443e-09,"[-1, -1, -1, -1, -1, -1, -1, -1, -1, -1, -1, -1, -1, -1, -1, -1, -1, -1, -1, -1, -1, -1, -1, -1, -1, -1, -1, -1, -1, -1, -1, -1, -1, -1, -1, -1, -1, -1, -1, -1, -1, -1, -1, -1, -1, -1, -1, -1, -1, -1]"
10,EMNIST,ClusterSampler,0.00019131863736034733,"[-1, -1, -1, -1, -1, -1, -1, -1, -1, -1, -1, -1, -1, -1, -1, -1, -1, -1, -1, -1, -1, -1, -1, -1, -1, -1, -1, -1, -1, -1, -1, -1, -1, -1, -1, -1, -1, -1, -1, -1, -1, -1, -1, -1, -1, -1, -1, -1, -1, -1]"
10,EMNIST,ClusterSampler,1.6883897664446674e-10,"[-1, -1, -1, -1, -1, -1, -1, -1, -1, -1, -1, -1, -1, -1, -1, -1, -1, -1, -1, -1, -1, -1, -1, -1, -1, -1, -1, -1, -1, -1, -1, -1, -1, -1, -1, -1, -1, -1, -1, -1, -1, -1, -1, -1, -1, -1, -1, -1, -1, -1]"
10,EMNIST,ClusterSampler,5.860220843281605e-07,"[-1, -1, -1, -1, -1, -1, -1, -1, -1, -1, -1, -1, -1, -1, -1, -1, -1, -1, -1, -1, -1, -1, -1, -1, -1, -1, -1, -1, -1, -1, -1, -1, -1, -1, -1, -1, -1, -1, -1, -1, -1, -1, -1, -1, -1, -1, -1, -1, -1, -1]"
10,EMNIST,ClusterSampler,3.540160162341823e-11,"[-1, -1, -1, -1, -1, -1, -1, -1, -1, -1, -1, -1, -1, -1, -1, -1, -1, -1, -1, -1, -1, -1, -1, -1, -1, -1, -1, -1, -1, -1, -1, -1, -1, -1, -1, -1, -1, -1, -1, -1, -1, -1, -1, -1, -1, -1, -1, -1, -1, -1]"
10,EMNIST,ClusterSampler,7.331209737959111e-20,"[-1, -1, -1, -1, -1, -1, -1, -1, -1, -1, -1, -1, -1, -1, -1, -1, -1, -1, -1, -1, -1, -1, -1, -1, -1, -1, -1, -1, -1, -1, -1, -1, -1, -1, -1, -1, -1, -1, -1, -1, -1, -1, -1, -1, -1, -1, -1, -1, -1, -1]"
10,EMNIST,ClusterSampler,4.59480737053815e-16,"[-1, -1, -1, -1, -1, -1, -1, -1, -1, -1, -1, -1, -1, -1, -1, -1, -1, -1, -1, -1, -1, -1, -1, -1, -1, -1, -1, -1, -1, -1, -1, -1, -1, -1, -1, -1, -1, -1, -1, -1, -1, -1, -1, -1, -1, -1, -1, -1, -1, -1]"
10,EMNIST,ClusterSampler,6.7761606813233405e-34,"[-1, -1, -1, -1, -1, -1, -1, -1, -1, -1, -1, -1, -1, -1, -1, -1, -1, -1, -1, -1, -1, -1, -1, -1, -1, -1, -1, -1, -1, -1, -1, -1, -1, -1, -1, -1, -1, -1, -1, -1, -1, -1, -1, -1, -1, -1, -1, -1, -1, -1]"
10,EMNIST,ClusterSampler,6.7761606813233405e-34,"[-1, -1, -1, -1, -1, -1, -1, -1, -1, -1, -1, -1, -1, -1, -1, -1, -1, -1, -1, -1, -1, -1, -1, -1, -1, -1, -1, -1, -1, -1, -1, -1, -1, -1, -1, -1, -1, -1, -1, -1, -1, -1, -1, -1, -1, -1, -1, -1, -1, -1]"
10,EMNIST,ClusterSampler,7.60072802305653e-16,"[-1, -1, -1, -1, -1, -1, -1, -1, -1, -1, -1, -1, -1, -1, -1, -1, -1, -1, -1, -1, -1, -1, -1, -1, -1, -1, -1, -1, -1, -1, -1, -1, -1, -1, -1, -1, -1, -1, -1, -1, -1, -1, -1, -1, -1, -1, -1, -1, -1, -1]"
10,EMNIST,ClusterSampler,7.790703691477819e-11,"[-1, -1, -1, -1, -1, -1, -1, -1, -1, -1, -1, -1, -1, -1, -1, -1, -1, -1, -1, -1, -1, -1, -1, -1, -1, -1, -1, -1, -1, -1, -1, -1, -1, -1, -1, -1, -1, -1, -1, -1, -1, -1, -1, -1, -1, -1, -1, -1, -1, -1]"
10,EMNIST,ClusterSampler,5.407607497364001e-13,[]
10,EMNIST,ClusterSampler,5.261840819956758e-11,[]
10,EMNIST,ClusterSampler,7.716620218166966e-23,[]
10,EMNIST,ClusterSampler,9.860701232381887e-17,[]
10,EMNIST,ClusterSampler,8.774780477141702e-15,[]
10,EMNIST,ClusterSampler,7.716620218166966e-23,[]
10,EMNIST,ClusterSampler,2.2353390115442473e-51,[]
10,EMNIST,ClusterSampler,1.5838677128261433e-11,[]
10,EMNIST,ClusterSampler,5.407607497364001e-13,[]
10,EMNIST,ClusterSampler,2.3576729783487533e-19,[]
10,EMNIST,ClusterSampler,2.7643596640146563e-16,[]
10,EMNIST,ClusterSampler,3.567142502930859e-21,[]
10,EMNIST,ClusterSampler,3.448386086004166e-17,[]
10,EMNIST,ClusterSampler,3.5406478106128434e-28,[]
10,EMNIST,ClusterSampler,3.118588487036084e-29,[]
10,EMNIST,ClusterSampler,1.093095554215443e-09,[]
10,EMNIST,ClusterSampler,2.0504990899524323e-15,[]
10,EMNIST,ClusterSampler,1.0531872043686928e-11,[]
10,EMNIST,ClusterSampler,4.1922801558904407e-19,[]
10,EMNIST,ClusterSampler,1.8154984192813267e-31,[]
10,EMNIST,ClusterSampler,9.447565810928815e-42,[]
10,EMNIST,ClusterSampler,2.2305576203473523e-13,[]
10,EMNIST,ClusterSampler,2.0238780169700945e-17,[]
10,EMNIST,ClusterSampler,2.4306842328360022e-42,[]
10,EMNIST,ClusterSampler,4.601442111193561e-12,[]
10,EMNIST,ClusterSampler,6.689820660678862e-08,[]
10,EMNIST,ClusterSampler,1.216975583064936e-20,[]
10,EMNIST,ClusterSampler,1.4609936208110015e-36,[]
10,EMNIST,ClusterSampler,1.0199514163209316e-21,[]
10,EMNIST,ClusterSampler,3.6041233703317315e-10,[]
10,EMNIST,ClusterSampler,4.34143679527947e-07,[]
10,EMNIST,ClusterSampler,3.480378247557708e-13,[]
10,EMNIST,ClusterSampler,1.730256103399168e-07,[]
10,EMNIST,ClusterSampler,3.540160162341823e-11,[]
10,EMNIST,ClusterSampler,1.6550663319631664e-16,[]
10,EMNIST,ClusterSampler,7.331209737959111e-20,[]
10,EMNIST,ClusterSampler,1.0367072483612138e-23,[]
10,EMNIST,ClusterSampler,6.6088976372497446e-21,[]
10,EMNIST,ClusterSampler,6.975384783903876e-12,[]
10,EMNIST,ClusterSampler,7.716620218166966e-23,[]
10,EMNIST,ClusterSampler,6.457541418962002e-09,[]
10,EMNIST,ClusterSampler,2.372578667462081e-11,[]
10,EMNIST,ClusterSampler,1.4609936208110015e-36,[]
10,EMNIST,ClusterSampler,9.860701232381887e-17,[]
10,EMNIST,ClusterSampler,1.2513510015809149e-15,[]
10,EMNIST,ClusterSampler,1.3596606896854613e-29,[]
10,EMNIST,ClusterSampler,2.2274939861154548e-20,[]
10,EMNIST,ClusterSampler,2.2353390115442473e-51,[]
10,EMNIST,ClusterSampler,5.2349287793733675e-24,[]
10,EMNIST,ClusterSampler,1.3184672759422252e-19,[]
10,EMNIST,ClusterSampler,1.6883897664446674e-10,[]
10,EMNIST,ClusterSampler,1.6282244982757453e-37,[]
10,EMNIST,ClusterSampler,3.5406478106128434e-28,[]
10,EMNIST,ClusterSampler,6.448052699398053e-25,[]
10,EMNIST,ClusterSampler,2.471450505690998e-10,[]
10,EMNIST,ClusterSampler,1.2852128659687935e-40,[]
10,EMNIST,ClusterSampler,7.409385692246004e-26,[]
10,EMNIST,ClusterSampler,3.480378247557708e-13,[]
10,EMNIST,ClusterSampler,6.975384783903876e-12,[]
10,EMNIST,ClusterSampler,1.4234785595806085e-13,[]
10,EMNIST,ClusterSampler,2.260935825510805e-14,[]
10,EMNIST,ClusterSampler,5.261840819956758e-11,[]
10,EMNIST,ClusterSampler,1.8154984192813267e-31,[]
10,EMNIST,ClusterSampler,1.0531872043686928e-11,[]
10,EMNIST,ClusterSampler,6.8647853972495436e-18,[]
10,EMNIST,ClusterSampler,7.331209737959111e-20,[]
10,EMNIST,ClusterSampler,1.1817613874221568e-17,[]
10,EMNIST,ClusterSampler,1.7042473818079147e-27,[]
10,EMNIST,ClusterSampler,9.113400953840183e-09,[]
10,EMNIST,ClusterSampler,8.774780477141702e-15,[]
10,EMNIST,ClusterSampler,1.6814736433478163e-26,[]
10,EMNIST,ClusterSampler,3.448386086004166e-17,[]
10,EMNIST,ClusterSampler,3.5429485071453125e-41,[]
10,EMNIST,ClusterSampler,2.2801926776157624e-18,[]
10,EMNIST,ClusterSampler,7.790703691477819e-11,[]
10,EMNIST,ClusterSampler,9.045306855267392e-14,[]
10,EMNIST,ClusterSampler,3.159738971201857e-25,[]
10,EMNIST,ClusterSampler,2.2305576203473523e-13,[]
10,EMNIST,ClusterSampler,3.966886824247877e-18,[]
10,EMNIST,ClusterSampler,1.3184672759422252e-19,[]
10,EMNIST,ClusterSampler,1.9134509508576472e-21,[]
10,EMNIST,ClusterSampler,1.2852128659687935e-40,[]
10,EMNIST,ClusterSampler,3.9798041524022085e-23,[]
10,EMNIST,ClusterSampler,3.544466644028273e-26,[]
10,EMNIST,ClusterSampler,2.2274939861154548e-20,[]
10,EMNIST,ClusterSampler,2.842705693293271e-22,[]
10,EMNIST,ClusterSampler,2.971475086888001e-32,[]
10,EMNIST,ClusterSampler,3.6050267977836376e-14,[]
10,EMNIST,ClusterSampler,3.6050267977836376e-14,[]
10,EMNIST,ClusterSampler,3.398203893466509e-35,[]
10,EMNIST,ClusterSampler,1.2891960149547697e-12,[]
10,EMNIST,ClusterSampler,1.9134509508576472e-21,[]
10,EMNIST,ClusterSampler,2.2274939861154548e-20,[]
10,EMNIST,ClusterSampler,2.471450505690998e-10,[]
10,EMNIST,ClusterSampler,9.214159199916617e-08,[]
10,EMNIST,ClusterSampler,9.045306855267392e-14,[]
10,EMNIST,ClusterSampler,2.0238780169700945e-17,[]
10,EMNIST,ClusterSampler,3.236817014228382e-44,[]
10,EMNIST,ClusterSampler,3.0232213214969996e-12,[]
10,EMNIST,ClusterSampler,1.216975583064936e-20,[]
10,EMNIST,ClusterSampler,3.6041233703317315e-10,[]
10,EMNIST,ClusterSampler,2.5389798574324213e-34,[]
10,EMNIST,ClusterSampler,2.372578667462081e-11,[]
10,EMNIST,ClusterSampler,4.1922801558904407e-19,[]
10,EMNIST,ClusterSampler,4.1922801558904407e-19,[]
10,EMNIST,ClusterSampler,7.909003593005484e-27,[]
10,EMNIST,ClusterSampler,5.845868735265489e-17,[]
10,EMNIST,ClusterSampler,1.57066312186481e-09,[]
10,EMNIST,ClusterSampler,4.365679378939068e-06,[]
10,EMNIST,ClusterSampler,2.260935825510805e-14,[]
10,EMNIST,ClusterSampler,1.1817613874221568e-17,[]
10,EMNIST,ClusterSampler,8.366898123270403e-13,[]
10,EMNIST,ClusterSampler,2.372578667462081e-11,[]
10,EMNIST,ClusterSampler,5.845868735265489e-17,[]
10,EMNIST,ClusterSampler,1.056045129963911e-30,[]
10,EMNIST,ClusterSampler,1.303660797297563e-18,[]
10,EMNIST,ClusterSampler,5.845868735265489e-17,[]
10,EMNIST,ClusterSampler,3.540160162341823e-11,[]
10,EMNIST,ClusterSampler,1.9134509508576472e-21,[]
10,EMNIST,ClusterSampler,1.5838677128261433e-11,[]
10,EMNIST,ClusterSampler,2.7643596640146563e-16,[]
10,EMNIST,ClusterSampler,3.68777526260874e-27,[]
10,EMNIST,ClusterSampler,1.5362380819888385e-25,[]
10,EMNIST,ClusterSampler,7.790703691477819e-11,[]
10,EMNIST,ClusterSampler,2.372578667462081e-11,[]
10,EMNIST,ClusterSampler,2.260935825510805e-14,[]
10,EMNIST,ClusterSampler,1.303660797297563e-18,[]
10,EMNIST,ClusterSampler,3.6050267977836376e-14,[]
10,EMNIST,ClusterSampler,2.5080883551614425e-08,[]
10,EMNIST,ClusterSampler,9.214159199916617e-08,[]
10,EMNIST,ClusterSampler,4.59480737053815e-16,[]
10,EMNIST,ClusterSampler,8.366898123270403e-13,[]
10,EMNIST,ClusterSampler,1.3184672759422252e-19,[]
10,EMNIST,ClusterSampler,5.845868735265489e-17,[]
10,EMNIST,ClusterSampler,7.331209737959111e-20,[]
10,EMNIST,ClusterSampler,0.0001519442863334512,[]
10,EMNIST,ClusterSampler,1.4234785595806085e-13,[]
10,EMNIST,ClusterSampler,9.045306855267392e-14,[]
10,EMNIST,ClusterSampler,2.5027939129860946e-30,[]
10,EMNIST,ClusterSampler,5.402133975460601e-22,[]
10,EMNIST,ClusterSampler,4.840465693451923e-08,[]
10,EMNIST,ClusterSampler,1.0367072483612138e-23,[]
10,EMNIST,ClusterSampler,6.448052699398053e-25,[]
10,EMNIST,ClusterSampler,9.860701232381887e-17,[]
10,EMNIST,ClusterSampler,4.893004095385547e-47,[]
10,EMNIST,ClusterSampler,1.427827972517681e-43,[]
10,EMNIST,ClusterSampler,7.413112689682162e-19,[]
10,EMNIST,ClusterSampler,2.971475086888001e-32,[]
10,EMNIST,ClusterSampler,1.056045129963911e-30,[]
10,EMNIST,ClusterSampler,2.2801926776157624e-18,[]
10,EMNIST,ClusterSampler,5.845868735265489e-17,[]
10,EMNIST,ClusterSampler,5.741556302555711e-06,[]
10,EMNIST,ClusterSampler,5.429614328073338e-15,[]
10,EMNIST,ClusterSampler,3.118588487036084e-29,[]
10,EMNIST,ClusterSampler,2.086953364569319e-50,[]
10,EMNIST,ClusterSampler,6.7761606813233405e-34,[]
10,EMNIST,ClusterSampler,3.6041233703317315e-10,[]
10,EMNIST,ClusterSampler,5.261840819956758e-11,[]
10,EMNIST,ClusterSampler,3.398203893466509e-35,[]
10,EMNIST,ClusterSampler,1.4234348029651697e-45,[]
10,EMNIST,ClusterSampler,3.9798041524022085e-23,[]
10,EMNIST,ClusterSampler,8.774780477141702e-15,[]
10,EMNIST,ClusterSampler,2.7643596640146563e-16,[]
10,EMNIST,ClusterSampler,1.9782574303683305e-12,[]
10,EMNIST,ClusterSampler,7.413112689682162e-19,[]
10,EMNIST,ClusterSampler,5.429614328073338e-15,[]
10,EMNIST,ClusterSampler,1.57066312186481e-09,[]
10,EMNIST,ClusterSampler,1.7813235335321902e-33,[]
10,EMNIST,ClusterSampler,9.860701232381887e-17,[]
10,EMNIST,ClusterSampler,3.540160162341823e-11,[]
10,EMNIST,ClusterSampler,2.260935825510805e-14,[]
10,EMNIST,ClusterSampler,2.2486766216565975e-09,[]
10,EMNIST,ClusterSampler,4.052932792527479e-20,[]
10,EMNIST,ClusterSampler,1.411681352972193e-14,[]
10,EMNIST,ClusterSampler,5.407607497364001e-13,[]
10,EMNIST,ClusterSampler,1.216975583064936e-20,[]
10,EMNIST,ClusterSampler,1.5051727902865225e-53,[]
10,EMNIST,ClusterSampler,7.409385692246004e-26,[]
10,EMNIST,ClusterSampler,9.860701232381887e-17,[]
10,EMNIST,ClusterSampler,2.0504990899524323e-15,[]
10,EMNIST,ClusterSampler,7.790703691477819e-11,[]
10,EMNIST,ClusterSampler,1.5910059414106405e-28,[]
10,EMNIST,ClusterSampler,1.0199514163209316e-21,[]
10,EMNIST,ClusterSampler,1.2891960149547697e-12,[]
10,EMNIST,ClusterSampler,9.496857280483418e-05,[]
10,EMNIST,ClusterSampler,4.365679378939068e-06,[]
10,EMNIST,ClusterSampler,1.2513510015809149e-15,[]
10,EMNIST,ClusterSampler,4.404775051110079e-31,[]
10,EMNIST,ClusterSampler,9.860701232381887e-17,[]
10,EMNIST,ClusterSampler,4.1922801558904407e-19,[]
10,EMNIST,ClusterSampler,7.409385692246004e-26,[]
10,EMNIST,ClusterSampler,4.519954012539261e-40,[]
10,EMNIST,ClusterSampler,6.425223214746535e-58,[]
10,EMNIST,ClusterSampler,9.045306855267392e-14,[]
10,EMNIST,ClusterSampler,1.093095554215443e-09,[]
10,EMNIST,ClusterSampler,3.6041233703317315e-10,[]
10,EMNIST,ClusterSampler,4.559422724053903e-09,[]
10,EMNIST,ClusterSampler,6.8647853972495436e-18,[]
10,EMNIST,ClusterSampler,3.2056102127479306e-07,[]
10,EMNIST,ClusterSampler,2.2801926776157624e-18,[]
10,EMNIST,ClusterSampler,9.214159199916617e-08,[]
10,EMNIST,ClusterSampler,1.4609936208110015e-36,[]
10,EMNIST,ClusterSampler,1.3596606896854613e-29,[]
10,EMNIST,ClusterSampler,1.0199514163209316e-21,[]
10,EMNIST,ClusterSampler,1.1817613874221568e-17,[]
10,EMNIST,ClusterSampler,5.236322960823474e-10,[]
10,EMNIST,ClusterSampler,7.413112689682162e-19,[]
10,EMNIST,ClusterSampler,2.3576729783487533e-19,[]
10,EMNIST,ClusterSampler,1.281617613358335e-08,[]
10,EMNIST,ClusterSampler,7.909003593005484e-27,[]
10,EMNIST,ClusterSampler,1.6883897664446674e-10,[]
10,EMNIST,ClusterSampler,1.4130890307564903e-06,[]
10,EMNIST,ClusterSampler,1.7960142281780547e-08,[]
10,EMNIST,ClusterSampler,1.6883897664446674e-10,[]
10,EMNIST,ClusterSampler,1.281617613358335e-08,[]
10,EMNIST,ClusterSampler,3.9798041524022085e-23,[]
10,EMNIST,ClusterSampler,1.1817613874221568e-17,[]
10,EMNIST,ClusterSampler,2.5389798574324213e-34,[]
10,EMNIST,ClusterSampler,5.261840819956758e-11,[]
10,EMNIST,ClusterSampler,1.216975583064936e-20,[]
10,EMNIST,ClusterSampler,7.716620218166966e-23,[]
10,EMNIST,ClusterSampler,8.774780477141702e-15,[]
10,EMNIST,ClusterSampler,1.5838677128261433e-11,[]
10,EMNIST,ClusterSampler,1.3596606896854613e-29,[]
10,EMNIST,ClusterSampler,1.5838677128261433e-11,[]
10,EMNIST,ClusterSampler,1.2513510015809149e-15,[]
10,EMNIST,ClusterSampler,7.790703691477819e-11,[]
10,EMNIST,ClusterSampler,2.5080883551614425e-08,[]
10,EMNIST,ClusterSampler,3.118588487036084e-29,[]
10,EMNIST,ClusterSampler,2.3576729783487533e-19,[]
10,EMNIST,ClusterSampler,7.079458659860567e-29,[]
10,EMNIST,ClusterSampler,1.4234785595806085e-13,[]
10,EMNIST,ClusterSampler,1.0199514163209316e-21,[]
10,EMNIST,ClusterSampler,1.2513510015809149e-15,[]
10,EMNIST,ClusterSampler,5.722879584784426e-14,[]
10,EMNIST,ClusterSampler,3.567142502930859e-21,[]
10,EMNIST,ClusterSampler,3.6050267977836376e-14,[]
10,EMNIST,ClusterSampler,4.586233552928817e-05,[]
10,EMNIST,ClusterSampler,7.527005327674752e-06,[]
10,EMNIST,ClusterSampler,1.0531872043686928e-11,[]
10,EMNIST,ClusterSampler,4.1922801558904407e-19,[]
10,EMNIST,ClusterSampler,5.261840819956758e-11,[]
10,EMNIST,ClusterSampler,8.366898123270403e-13,[]
10,EMNIST,ClusterSampler,5.845868735265489e-17,[]
10,EMNIST,ClusterSampler,7.884225602644668e-07,[]
10,EMNIST,ClusterSampler,1.2647902598912282e-07,[]
10,EMNIST,ClusterSampler,2.359058514599734e-07,[]
10,EMNIST,ClusterSampler,1.2891960149547697e-12,[]
10,EMNIST,ClusterSampler,1.3596606896854613e-29,[]
10,EMNIST,ClusterSampler,1.5910059414106405e-28,[]
10,EMNIST,ClusterSampler,1.0531872043686928e-11,[]
10,EMNIST,ClusterSampler,1.2513510015809149e-15,[]
10,EMNIST,ClusterSampler,3.118588487036084e-29,[]
10,EMNIST,ClusterSampler,1.411681352972193e-14,[]
10,EMNIST,ClusterSampler,1.411681352972193e-14,[]
10,EMNIST,ClusterSampler,2.372578667462081e-11,[]
10,EMNIST,ClusterSampler,1.3184672759422252e-19,[]
10,EMNIST,ClusterSampler,1.9782574303683305e-12,[]
10,EMNIST,ClusterSampler,6.975384783903876e-12,[]
10,EMNIST,ClusterSampler,1.6550663319631664e-16,[]
10,EMNIST,ClusterSampler,3.0232213214969996e-12,[]
10,EMNIST,ClusterSampler,1.2891960149547697e-12,[]
10,EMNIST,ClusterSampler,4.840465693451923e-08,[]
10,EMNIST,ClusterSampler,3.68777526260874e-27,[]
10,EMNIST,ClusterSampler,1.5838677128261433e-11,[]
10,EMNIST,ClusterSampler,1.1817613874221568e-17,[]
10,EMNIST,ClusterSampler,1.303660797297563e-18,[]
10,EMNIST,ClusterSampler,1.9134509508576472e-21,[]
10,EMNIST,ClusterSampler,6.448052699398053e-25,[]
10,EMNIST,ClusterSampler,7.60072802305653e-16,[]
10,EMNIST,ClusterSampler,7.8043500729009635e-28,[]
10,EMNIST,ClusterSampler,1.411681352972193e-14,[]
10,EMNIST,ClusterSampler,1.2891960149547697e-12,[]
10,EMNIST,ClusterSampler,2.0383960660082176e-23,[]
10,EMNIST,ClusterSampler,3.448386086004166e-17,[]
10,EMNIST,ClusterSampler,3.20774254441553e-09,[]
10,EMNIST,ClusterSampler,8.366898123270403e-13,[]
10,EMNIST,ClusterSampler,3.540160162341823e-11,[]
10,EMNIST,ClusterSampler,6.448052699398053e-25,[]
10,EMNIST,ClusterSampler,2.7643596640146563e-16,[]
10,EMNIST,ClusterSampler,5.722879584784426e-14,[]
10,EMNIST,ClusterSampler,5.2349287793733675e-24,[]
10,EMNIST,ClusterSampler,2.499867876984005e-06,[]
10,EMNIST,ClusterSampler,7.527005327674752e-06,[]
10,EMNIST,ClusterSampler,1.7007287058998777e-49,[]
10,EMNIST,ClusterSampler,6.975384783903876e-12,[]
10,EMNIST,ClusterSampler,5.865374559506018e-30,[]
10,EMNIST,ClusterSampler,5.429614328073338e-15,[]
10,EMNIST,ClusterSampler,2.6241990374643386e-24,[]
10,EMNIST,ClusterSampler,7.331209737959111e-20,[]
10,EMNIST,ClusterSampler,4.1922801558904407e-19,[]
10,EMNIST,ClusterSampler,4.927661277084409e-37,[]
10,EMNIST,ClusterSampler,5.402133975460601e-22,[]
10,EMNIST,ClusterSampler,1.093095554215443e-09,[]
10,EMNIST,ClusterSampler,1.5362380819888385e-25,[]
10,EMNIST,ClusterSampler,1.6883897664446674e-10,[]
10,EMNIST,ClusterSampler,2.3576729783487533e-19,[]
10,EMNIST,ClusterSampler,8.366898123270403e-13,[]
10,EMNIST,ClusterSampler,7.331209737959111e-20,[]
10,EMNIST,ClusterSampler,7.716620218166966e-23,[]
10,EMNIST,ClusterSampler,1.1817613874221568e-17,[]
10,EMNIST,ClusterSampler,1.3184672759422252e-19,[]
10,EMNIST,ClusterSampler,4.052932792527479e-20,[]
10,EMNIST,ClusterSampler,1.30573832382716e-24,[]
10,EMNIST,ClusterSampler,3.3443859798121626e-15,[]
10,EMNIST,ClusterSampler,2.0238780169700945e-17,[]
10,EMNIST,ClusterSampler,3.6050267977836376e-14,[]
10,EMNIST,ClusterSampler,6.448052699398053e-25,[]
10,EMNIST,ClusterSampler,2.0238780169700945e-17,[]
10,EMNIST,ClusterSampler,2.0238780169700945e-17,[]
10,EMNIST,ClusterSampler,3.159738971201857e-25,[]
10,EMNIST,ClusterSampler,1.057244330296412e-06,[]
10,EMNIST,ClusterSampler,7.579534811982887e-10,[]
10,EMNIST,ClusterSampler,7.790703691477819e-11,[]
10,EMNIST,ClusterSampler,2.260935825510805e-14,[]
10,EMNIST,ClusterSampler,3.9798041524022085e-23,[]
10,EMNIST,ClusterSampler,3.544466644028273e-26,[]
10,EMNIST,ClusterSampler,1.303660797297563e-18,[]
10,EMNIST,ClusterSampler,9.045306855267392e-14,[]
10,EMNIST,ClusterSampler,1.4130890307564903e-06,[]
10,EMNIST,ClusterSampler,1.57066312186481e-09,[]
10,EMNIST,ClusterSampler,3.20774254441553e-09,[]
10,EMNIST,ClusterSampler,1.411681352972193e-14,[]
10,EMNIST,ClusterSampler,4.365679378939068e-06,[]
10,EMNIST,ClusterSampler,1.303660797297563e-18,[]
10,EMNIST,ClusterSampler,1.303660797297563e-18,[]
10,EMNIST,ClusterSampler,8.366898123270403e-13,[]
10,EMNIST,ClusterSampler,3.544466644028273e-26,[]
10,EMNIST,ClusterSampler,2.2274939861154548e-20,[]
10,EMNIST,ClusterSampler,7.884225602644668e-07,[]
10,EMNIST,ClusterSampler,7.884225602644668e-07,[]
10,EMNIST,ClusterSampler,0.00019131863736034733,[]
10,EMNIST,ClusterSampler,5.741556302555711e-06,[]
10,EMNIST,ClusterSampler,4.601442111193561e-12,[]
10,EMNIST,ClusterSampler,6.8647853972495436e-18,[]
10,EMNIST,ClusterSampler,1.4609936208110015e-36,[]
10,EMNIST,ClusterSampler,3.448386086004166e-17,[]
10,EMNIST,ClusterSampler,5.429614328073338e-15,[]
10,EMNIST,ClusterSampler,7.790703691477819e-11,[]
10,EMNIST,ClusterSampler,6.6088976372497446e-21,[]
10,EMNIST,ClusterSampler,1.6883897664446674e-10,[]
10,EMNIST,ClusterSampler,9.214159199916617e-08,[]
10,EMNIST,ClusterSampler,2.372578667462081e-11,[]
10,EMNIST,ClusterSampler,9.113400953840183e-09,[]
10,EMNIST,ClusterSampler,7.579534811982887e-10,[]
10,EMNIST,ClusterSampler,5.722879584784426e-14,[]
10,EMNIST,ClusterSampler,7.909003593005484e-27,[]
10,EMNIST,ClusterSampler,4.1922801558904407e-19,[]
10,EMNIST,ClusterSampler,1.9782574303683305e-12,[]
10,EMNIST,ClusterSampler,1.3596606896854613e-29,[]
10,EMNIST,ClusterSampler,1.1490827088477167e-10,[]
10,EMNIST,ClusterSampler,3.448386086004166e-17,[]
10,EMNIST,ClusterSampler,1.281617613358335e-08,[]
10,EMNIST,ClusterSampler,2.372578667462081e-11,[]
10,EMNIST,ClusterSampler,1.2647902598912282e-07,[]
10,EMNIST,ClusterSampler,5.722879584784426e-14,[]
10,EMNIST,ClusterSampler,1.4234785595806085e-13,[]
10,EMNIST,ClusterSampler,4.2477968854025914e-36,[]
10,EMNIST,ClusterSampler,4.1922801558904407e-19,[]
10,EMNIST,ClusterSampler,2.2274939861154548e-20,[]
10,EMNIST,ClusterSampler,6.975384783903876e-12,[]
10,EMNIST,ClusterSampler,3.6041233703317315e-10,[]
10,EMNIST,ClusterSampler,2.0238780169700945e-17,[]
10,EMNIST,ClusterSampler,1.4234785595806085e-13,[]
10,EMNIST,ClusterSampler,1.4234785595806085e-13,[]
10,EMNIST,ClusterSampler,2.0238780169700945e-17,[]
10,EMNIST,ClusterSampler,3.5429485071453125e-41,[]
10,EMNIST,ClusterSampler,3.3443859798121626e-15,[]
10,EMNIST,ClusterSampler,3.6041233703317315e-10,[]
10,EMNIST,ClusterSampler,1.2891960149547697e-12,[]
10,EMNIST,ClusterSampler,6.457541418962002e-09,[]
10,EMNIST,ClusterSampler,1.0367072483612138e-23,[]
10,EMNIST,ClusterSampler,5.722879584784426e-14,[]
10,EMNIST,ClusterSampler,1.4130890307564903e-06,[]
10,EMNIST,ClusterSampler,1.0367072483612138e-23,[]
10,EMNIST,ClusterSampler,1.5910059414106405e-28,[]
10,EMNIST,ClusterSampler,1.0199514163209316e-21,[]
10,EMNIST,ClusterSampler,8.774780477141702e-15,[]
10,EMNIST,ClusterSampler,1.2891960149547697e-12,[]
10,EMNIST,ClusterSampler,1.9134509508576472e-21,[]
10,EMNIST,ClusterSampler,4.559422724053903e-09,[]
10,EMNIST,ClusterSampler,1.4234785595806085e-13,[]
10,EMNIST,ClusterSampler,1.1817613874221568e-17,[]
10,EMNIST,ClusterSampler,1.2891960149547697e-12,[]
10,EMNIST,ClusterSampler,6.457541418962002e-09,[]
10,EMNIST,ClusterSampler,4.586233552928817e-05,[]
10,EMNIST,ClusterSampler,1.2647902598912282e-07,[]
10,EMNIST,ClusterSampler,8.366898123270403e-13,[]
10,EMNIST,ClusterSampler,1.57066312186481e-09,[]
10,EMNIST,ClusterSampler,3.3443859798121626e-15,[]
10,EMNIST,ClusterSampler,5.236322960823474e-10,[]
10,EMNIST,ClusterSampler,4.1922801558904407e-19,[]
10,EMNIST,ClusterSampler,3.480378247557708e-13,[]
10,EMNIST,ClusterSampler,2.7643596640146563e-16,[]
10,EMNIST,ClusterSampler,1.2891960149547697e-12,[]
10,EMNIST,ClusterSampler,1.2513510015809149e-15,[]
10,EMNIST,ClusterSampler,1.4234785595806085e-13,[]
10,EMNIST,ClusterSampler,5.402133975460601e-22,[]
10,EMNIST,ClusterSampler,1.093095554215443e-09,[]
10,EMNIST,ClusterSampler,5.722879584784426e-14,[]
10,EMNIST,ClusterSampler,1.6550663319631664e-16,[]
10,EMNIST,ClusterSampler,2.5080883551614425e-08,[]
11,EMNIST,RandomSampler,0.01989177048074744,"[-1, -1, -1, -1, -1, -1, -1, -1, -1, -1, -1, -1, -1, -1, -1, -1, -1, -1, -1, -1, -1, -1, -1, -1, -1, -1, -1, -1, -1, -1, -1, -1, -1, -1, -1, -1, -1, -1, -1, -1, -1, -1, -1, -1, -1, -1, -1, -1, -1, -1]"
11,EMNIST,RandomSampler,0.016945555236092667,"[-1, -1, -1, -1, -1, -1, -1, -1, -1, -1, -1, -1, -1, -1, -1, -1, -1, -1, -1, -1, -1, -1, -1, -1, -1, -1, -1, -1, -1, -1, -1, -1, -1, -1, -1, -1, -1, -1, -1, -1, -1, -1, -1, -1, -1, -1, -1, -1, -1, -1]"
11,EMNIST,RandomSampler,0.012193440103454143,"[-1, -1, -1, -1, -1, -1, -1, -1, -1, -1, -1, -1, -1, -1, -1, -1, -1, -1, -1, -1, -1, -1, -1, -1, -1, -1, -1, -1, -1, -1, -1, -1, -1, -1, -1, -1, -1, -1, -1, -1, -1, -1, -1, -1, -1, -1, -1, -1, -1, -1]"
11,EMNIST,RandomSampler,0.08467200369584534,"[-1, -1, -1, -1, -1, -1, -1, -1, -1, -1, -1, -1, -1, -1, -1, -1, -1, -1, -1, -1, -1, -1, -1, -1, -1, -1, -1, -1, -1, -1, -1, -1, -1, -1, -1, -1, -1, -1, -1, -1, -1, -1, -1, -1, -1, -1, -1, -1, -1, -1]"
11,EMNIST,RandomSampler,0.006101096083022006,"[-1, -1, -1, -1, -1, -1, -1, -1, -1, -1, -1, -1, -1, -1, -1, -1, -1, -1, -1, -1, -1, -1, -1, -1, -1, -1, -1, -1, -1, -1, -1, -1, -1, -1, -1, -1, -1, -1, -1, -1, -1, -1, -1, -1, -1, -1, -1, -1, -1, -1]"
11,EMNIST,RandomSampler,0.04250099557831127,"[-1, -1, -1, -1, -1, -1, -1, -1, -1, -1, -1, -1, -1, -1, -1, -1, -1, -1, -1, -1, -1, -1, -1, -1, -1, -1, -1, -1, -1, -1, -1, -1, -1, -1, -1, -1, -1, -1, -1, -1, -1, -1, -1, -1, -1, -1, -1, -1, -1, -1]"
11,EMNIST,RandomSampler,0.010299320265984563,"[-1, -1, -1, -1, -1, -1, -1, -1, -1, -1, -1, -1, -1, -1, -1, -1, -1, -1, -1, -1, -1, -1, -1, -1, -1, -1, -1, -1, -1, -1, -1, -1, -1, -1, -1, -1, -1, -1, -1, -1, -1, -1, -1, -1, -1, -1, -1, -1, -1, -1]"
11,EMNIST,RandomSampler,0.0035218399057343214,"[-1, -1, -1, -1, -1, -1, -1, -1, -1, -1, -1, -1, -1, -1, -1, -1, -1, -1, -1, -1, -1, -1, -1, -1, -1, -1, -1, -1, -1, -1, -1, -1, -1, -1, -1, -1, -1, -1, -1, -1, -1, -1, -1, -1, -1, -1, -1, -1, -1, -1]"
11,EMNIST,RandomSampler,0.005094654101451861,"[-1, -1, -1, -1, -1, -1, -1, -1, -1, -1, -1, -1, -1, -1, -1, -1, -1, -1, -1, -1, -1, -1, -1, -1, -1, -1, -1, -1, -1, -1, -1, -1, -1, -1, -1, -1, -1, -1, -1, -1, -1, -1, -1, -1, -1, -1, -1, -1, -1, -1]"
11,EMNIST,RandomSampler,0.001980634470162494,"[-1, -1, -1, -1, -1, -1, -1, -1, -1, -1, -1, -1, -1, -1, -1, -1, -1, -1, -1, -1, -1, -1, -1, -1, -1, -1, -1, -1, -1, -1, -1, -1, -1, -1, -1, -1, -1, -1, -1, -1, -1, -1, -1, -1, -1, -1, -1, -1, -1, -1]"
11,EMNIST,RandomSampler,0.04905569391040577,"[-1, -1, -1, -1, -1, -1, -1, -1, -1, -1, -1, -1, -1, -1, -1, -1, -1, -1, -1, -1, -1, -1, -1, -1, -1, -1, -1, -1, -1, -1, -1, -1, -1, -1, -1, -1, -1, -1, -1, -1, -1, -1, -1, -1, -1, -1, -1, -1, -1, -1]"
11,EMNIST,RandomSampler,0.005094654101451861,"[-1, -1, -1, -1, -1, -1, -1, -1, -1, -1, -1, -1, -1, -1, -1, -1, -1, -1, -1, -1, -1, -1, -1, -1, -1, -1, -1, -1, -1, -1, -1, -1, -1, -1, -1, -1, -1, -1, -1, -1, -1, -1, -1, -1, -1, -1, -1, -1, -1, -1]"
11,EMNIST,RandomSampler,0.08467200369584534,"[-1, -1, -1, -1, -1, -1, -1, -1, -1, -1, -1, -1, -1, -1, -1, -1, -1, -1, -1, -1, -1, -1, -1, -1, -1, -1, -1, -1, -1, -1, -1, -1, -1, -1, -1, -1, -1, -1, -1, -1, -1, -1, -1, -1, -1, -1, -1, -1, -1, -1]"
11,EMNIST,RandomSampler,0.10940021891762532,[]
11,EMNIST,RandomSampler,0.012193440103454143,[]
11,EMNIST,RandomSampler,0.05646337471956078,[]
11,EMNIST,RandomSampler,0.05646337471956078,[]
11,EMNIST,RandomSampler,0.04250099557831127,[]
11,EMNIST,RandomSampler,0.08467200369584534,[]
11,EMNIST,RandomSampler,0.04250099557831127,[]
11,EMNIST,RandomSampler,0.023284310416977406,[]
11,EMNIST,RandomSampler,0.08467200369584534,[]
11,EMNIST,RandomSampler,0.005094654101451861,[]
11,EMNIST,RandomSampler,0.014394868112024752,[]
11,EMNIST,RandomSampler,0.04905569391040577,[]
11,EMNIST,RandomSampler,0.04905569391040577,[]
11,EMNIST,RandomSampler,0.01989177048074744,[]
11,EMNIST,RandomSampler,0.0035218399057343214,[]
11,EMNIST,RandomSampler,0.010299320265984563,[]
11,EMNIST,RandomSampler,0.06480869665940504,[]
11,EMNIST,RandomSampler,0.04250099557831127,[]
11,EMNIST,RandomSampler,0.014394868112024752,[]
11,EMNIST,RandomSampler,0.03671924235633398,[]
11,EMNIST,RandomSampler,0.03163522545032927,[]
11,EMNIST,RandomSampler,0.10940021891762532,[]
11,EMNIST,RandomSampler,0.007285384085566508,[]
11,EMNIST,RandomSampler,0.03163522545032927,[]
11,EMNIST,RandomSampler,0.023284310416977406,[]
11,EMNIST,RandomSampler,0.014394868112024752,[]
11,EMNIST,RandomSampler,0.03671924235633398,[]
11,EMNIST,RandomSampler,0.03671924235633398,[]
11,EMNIST,RandomSampler,0.008674643734299154,[]
11,EMNIST,RandomSampler,0.06480869665940504,[]
11,EMNIST,RandomSampler,0.04250099557831127,[]
11,EMNIST,RandomSampler,0.001980634470162494,[]
11,EMNIST,RandomSampler,0.04250099557831127,[]
11,EMNIST,RandomSampler,0.05646337471956078,[]
11,EMNIST,RandomSampler,0.004241990803885136,[]
11,EMNIST,RandomSampler,0.016945555236092667,[]
11,EMNIST,RandomSampler,0.19771815506380025,[]
11,EMNIST,RandomSampler,0.014394868112024752,[]
11,EMNIST,RandomSampler,0.04250099557831127,[]
11,EMNIST,RandomSampler,0.004241990803885136,[]
11,EMNIST,RandomSampler,0.10940021891762532,[]
11,EMNIST,RandomSampler,0.008674643734299154,[]
11,EMNIST,RandomSampler,0.06480869665940504,[]
11,EMNIST,RandomSampler,0.03163522545032927,[]
11,EMNIST,RandomSampler,0.010299320265984563,[]
11,EMNIST,RandomSampler,0.09637896863675012,[]
11,EMNIST,RandomSampler,0.09637896863675012,[]
11,EMNIST,RandomSampler,0.01989177048074744,[]
11,EMNIST,RandomSampler,0.03671924235633398,[]
11,EMNIST,RandomSampler,0.014394868112024752,[]
11,EMNIST,RandomSampler,0.03163522545032927,[]
11,EMNIST,RandomSampler,0.04905569391040577,[]
11,EMNIST,RandomSampler,0.002406525116404218,[]
11,EMNIST,RandomSampler,0.07418062624663692,[]
11,EMNIST,RandomSampler,0.06480869665940504,[]
11,EMNIST,RandomSampler,0.01989177048074744,[]
11,EMNIST,RandomSampler,0.008674643734299154,[]
11,EMNIST,RandomSampler,0.03671924235633398,[]
11,EMNIST,RandomSampler,0.07418062624663692,[]
11,EMNIST,RandomSampler,0.06480869665940504,[]
11,EMNIST,RandomSampler,0.014394868112024752,[]
11,EMNIST,RandomSampler,0.01989177048074744,[]
11,EMNIST,RandomSampler,0.027178678465182238,[]
11,EMNIST,RandomSampler,0.012193440103454143,[]
11,EMNIST,RandomSampler,0.027178678465182238,[]
11,EMNIST,RandomSampler,0.04250099557831127,[]
11,EMNIST,RandomSampler,0.016945555236092667,[]
11,EMNIST,RandomSampler,0.01989177048074744,[]
11,EMNIST,RandomSampler,0.09637896863675012,[]
11,EMNIST,RandomSampler,0.01989177048074744,[]
11,EMNIST,RandomSampler,0.010299320265984563,[]
11,EMNIST,RandomSampler,0.06480869665940504,[]
11,EMNIST,RandomSampler,0.006101096083022006,[]
11,EMNIST,RandomSampler,0.08467200369584534,[]
11,EMNIST,RandomSampler,0.010299320265984563,[]
11,EMNIST,RandomSampler,0.014394868112024752,[]
11,EMNIST,RandomSampler,0.008674643734299154,[]
11,EMNIST,RandomSampler,0.03671924235633398,[]
11,EMNIST,RandomSampler,0.08467200369584534,[]
11,EMNIST,RandomSampler,0.06480869665940504,[]
11,EMNIST,RandomSampler,0.03163522545032927,[]
11,EMNIST,RandomSampler,0.006101096083022006,[]
11,EMNIST,RandomSampler,0.03671924235633398,[]
11,EMNIST,RandomSampler,0.15735404195419808,[]
11,EMNIST,RandomSampler,0.01989177048074744,[]
11,EMNIST,RandomSampler,0.00030058481881818926,[]
11,EMNIST,RandomSampler,0.027178678465182238,[]
11,EMNIST,RandomSampler,0.023284310416977406,[]
11,EMNIST,RandomSampler,0.010299320265984563,[]
11,EMNIST,RandomSampler,0.005094654101451861,[]
11,EMNIST,RandomSampler,0.0016253586231811982,[]
11,EMNIST,RandomSampler,0.010299320265984563,[]
11,EMNIST,RandomSampler,0.012193440103454143,[]
11,EMNIST,RandomSampler,0.03163522545032927,[]
11,EMNIST,RandomSampler,0.05646337471956078,[]
11,EMNIST,RandomSampler,0.03671924235633398,[]
11,EMNIST,RandomSampler,0.04905569391040577,[]
11,EMNIST,RandomSampler,0.03671924235633398,[]
11,EMNIST,RandomSampler,0.04250099557831127,[]
11,EMNIST,RandomSampler,0.08467200369584534,[]
11,EMNIST,RandomSampler,0.007285384085566508,[]
11,EMNIST,RandomSampler,0.0010849682217812634,[]
11,EMNIST,RandomSampler,0.03671924235633398,[]
11,EMNIST,RandomSampler,0.014394868112024752,[]
11,EMNIST,RandomSampler,0.014394868112024752,[]
11,EMNIST,RandomSampler,0.03671924235633398,[]
11,EMNIST,RandomSampler,0.004241990803885136,[]
11,EMNIST,RandomSampler,0.01989177048074744,[]
11,EMNIST,RandomSampler,0.007285384085566508,[]
11,EMNIST,RandomSampler,0.008674643734299154,[]
11,EMNIST,RandomSampler,0.01989177048074744,[]
11,EMNIST,RandomSampler,0.04905569391040577,[]
11,EMNIST,RandomSampler,0.05646337471956078,[]
11,EMNIST,RandomSampler,0.027178678465182238,[]
11,EMNIST,RandomSampler,0.014394868112024752,[]
11,EMNIST,RandomSampler,0.014394868112024752,[]
11,EMNIST,RandomSampler,0.010299320265984563,[]
11,EMNIST,RandomSampler,0.06480869665940504,[]
11,EMNIST,RandomSampler,0.016945555236092667,[]
11,EMNIST,RandomSampler,0.006101096083022006,[]
11,EMNIST,RandomSampler,0.01989177048074744,[]
11,EMNIST,RandomSampler,0.12383608263666965,[]
11,EMNIST,RandomSampler,0.05646337471956078,[]
11,EMNIST,RandomSampler,0.010299320265984563,[]
11,EMNIST,RandomSampler,0.010299320265984563,[]
11,EMNIST,RandomSampler,0.0007157538630616762,[]
11,EMNIST,RandomSampler,0.027178678465182238,[]
11,EMNIST,RandomSampler,0.027178678465182238,[]
11,EMNIST,RandomSampler,0.01989177048074744,[]
11,EMNIST,RandomSampler,0.027178678465182238,[]
11,EMNIST,RandomSampler,0.03671924235633398,[]
11,EMNIST,RandomSampler,0.002915486165864586,[]
11,EMNIST,RandomSampler,0.010299320265984563,[]
11,EMNIST,RandomSampler,0.023284310416977406,[]
11,EMNIST,RandomSampler,0.04250099557831127,[]
11,EMNIST,RandomSampler,0.04250099557831127,[]
11,EMNIST,RandomSampler,0.03163522545032927,[]
11,EMNIST,RandomSampler,0.005094654101451861,[]
11,EMNIST,RandomSampler,0.01989177048074744,[]
11,EMNIST,RandomSampler,0.04250099557831127,[]
11,EMNIST,RandomSampler,0.010299320265984563,[]
11,EMNIST,RandomSampler,0.04250099557831127,[]
11,EMNIST,RandomSampler,0.09637896863675012,[]
11,EMNIST,RandomSampler,0.04905569391040577,[]
11,EMNIST,RandomSampler,0.008674643734299154,[]
11,EMNIST,RandomSampler,0.04250099557831127,[]
11,EMNIST,RandomSampler,0.016945555236092667,[]
11,EMNIST,RandomSampler,0.027178678465182238,[]
11,EMNIST,RandomSampler,0.002915486165864586,[]
11,EMNIST,RandomSampler,0.06480869665940504,[]
11,EMNIST,RandomSampler,0.023284310416977406,[]
11,EMNIST,RandomSampler,0.001980634470162494,[]
11,EMNIST,RandomSampler,0.014394868112024752,[]
11,EMNIST,RandomSampler,0.014394868112024752,[]
11,EMNIST,RandomSampler,0.07418062624663692,[]
11,EMNIST,RandomSampler,0.007285384085566508,[]
11,EMNIST,RandomSampler,0.08467200369584534,[]
11,EMNIST,RandomSampler,0.014394868112024752,[]
11,EMNIST,RandomSampler,0.09637896863675012,[]
11,EMNIST,RandomSampler,0.09637896863675012,[]
11,EMNIST,RandomSampler,0.08467200369584534,[]
11,EMNIST,RandomSampler,0.027178678465182238,[]
11,EMNIST,RandomSampler,0.04250099557831127,[]
11,EMNIST,RandomSampler,0.014394868112024752,[]
11,EMNIST,RandomSampler,0.04250099557831127,[]
11,EMNIST,RandomSampler,0.016945555236092667,[]
11,EMNIST,RandomSampler,0.06480869665940504,[]
11,EMNIST,RandomSampler,0.010299320265984563,[]
11,EMNIST,RandomSampler,0.005094654101451861,[]
11,EMNIST,RandomSampler,0.0016253586231811982,[]
11,EMNIST,RandomSampler,0.03671924235633398,[]
11,EMNIST,RandomSampler,0.03671924235633398,[]
11,EMNIST,RandomSampler,0.012193440103454143,[]
11,EMNIST,RandomSampler,0.004241990803885136,[]
11,EMNIST,RandomSampler,0.0007157538630616762,[]
11,EMNIST,RandomSampler,0.027178678465182238,[]
11,EMNIST,RandomSampler,0.023284310416977406,[]
11,EMNIST,RandomSampler,0.0010849682217812634,[]
11,EMNIST,RandomSampler,0.04905569391040577,[]
11,EMNIST,RandomSampler,0.05646337471956078,[]
11,EMNIST,RandomSampler,0.002915486165864586,[]
11,EMNIST,RandomSampler,0.09637896863675012,[]
11,EMNIST,RandomSampler,0.0016253586231811982,[]
11,EMNIST,RandomSampler,0.008674643734299154,[]
11,EMNIST,RandomSampler,0.002406525116404218,[]
11,EMNIST,RandomSampler,0.023284310416977406,[]
11,EMNIST,RandomSampler,0.06480869665940504,[]
11,EMNIST,RandomSampler,0.006101096083022006,[]
11,EMNIST,RandomSampler,0.01989177048074744,[]
11,EMNIST,RandomSampler,0.012193440103454143,[]
11,EMNIST,RandomSampler,0.004241990803885136,[]
11,EMNIST,RandomSampler,0.03671924235633398,[]
11,EMNIST,RandomSampler,0.03671924235633398,[]
11,EMNIST,RandomSampler,0.008674643734299154,[]
11,EMNIST,RandomSampler,0.03163522545032927,[]
11,EMNIST,RandomSampler,0.06480869665940504,[]
11,EMNIST,RandomSampler,0.04905569391040577,[]
11,EMNIST,RandomSampler,0.04905569391040577,[]
11,EMNIST,RandomSampler,0.0013299072046171411,[]
11,EMNIST,RandomSampler,0.10940021891762532,[]
11,EMNIST,RandomSampler,0.01989177048074744,[]
11,EMNIST,RandomSampler,0.03163522545032927,[]
11,EMNIST,RandomSampler,0.05646337471956078,[]
11,EMNIST,RandomSampler,0.03671924235633398,[]
11,EMNIST,RandomSampler,0.010299320265984563,[]
11,EMNIST,RandomSampler,0.006101096083022006,[]
11,EMNIST,RandomSampler,0.03671924235633398,[]
11,EMNIST,RandomSampler,0.05646337471956078,[]
11,EMNIST,RandomSampler,0.0010849682217812634,[]
11,EMNIST,RandomSampler,0.10940021891762532,[]
11,EMNIST,RandomSampler,0.03671924235633398,[]
11,EMNIST,RandomSampler,0.05646337471956078,[]
11,EMNIST,RandomSampler,0.03163522545032927,[]
11,EMNIST,RandomSampler,0.01989177048074744,[]
11,EMNIST,RandomSampler,0.023284310416977406,[]
11,EMNIST,RandomSampler,0.023284310416977406,[]
11,EMNIST,RandomSampler,0.0010849682217812634,[]
11,EMNIST,RandomSampler,0.01989177048074744,[]
11,EMNIST,RandomSampler,0.012193440103454143,[]
11,EMNIST,RandomSampler,0.023284310416977406,[]
11,EMNIST,RandomSampler,0.016945555236092667,[]
11,EMNIST,RandomSampler,0.014394868112024752,[]
11,EMNIST,RandomSampler,0.09637896863675012,[]
11,EMNIST,RandomSampler,0.06480869665940504,[]
11,EMNIST,RandomSampler,0.014394868112024752,[]
11,EMNIST,RandomSampler,0.008674643734299154,[]
11,EMNIST,RandomSampler,0.06480869665940504,[]
11,EMNIST,RandomSampler,0.01989177048074744,[]
11,EMNIST,RandomSampler,0.01989177048074744,[]
11,EMNIST,RandomSampler,0.01989177048074744,[]
11,EMNIST,RandomSampler,0.0035218399057343214,[]
11,EMNIST,RandomSampler,0.016945555236092667,[]
11,EMNIST,RandomSampler,0.014394868112024752,[]
11,EMNIST,RandomSampler,0.014394868112024752,[]
11,EMNIST,RandomSampler,0.010299320265984563,[]
11,EMNIST,RandomSampler,0.05646337471956078,[]
11,EMNIST,RandomSampler,0.014394868112024752,[]
11,EMNIST,RandomSampler,0.005094654101451861,[]
11,EMNIST,RandomSampler,0.004241990803885136,[]
11,EMNIST,RandomSampler,0.10940021891762532,[]
11,EMNIST,RandomSampler,0.09637896863675012,[]
11,EMNIST,RandomSampler,0.002406525116404218,[]
11,EMNIST,RandomSampler,0.04250099557831127,[]
11,EMNIST,RandomSampler,0.10940021891762532,[]
11,EMNIST,RandomSampler,0.04250099557831127,[]
11,EMNIST,RandomSampler,0.010299320265984563,[]
11,EMNIST,RandomSampler,0.006101096083022006,[]
11,EMNIST,RandomSampler,0.027178678465182238,[]
11,EMNIST,RandomSampler,0.05646337471956078,[]
11,EMNIST,RandomSampler,0.014394868112024752,[]
11,EMNIST,RandomSampler,0.09637896863675012,[]
11,EMNIST,RandomSampler,0.008674643734299154,[]
11,EMNIST,RandomSampler,0.04250099557831127,[]
11,EMNIST,RandomSampler,0.03671924235633398,[]
11,EMNIST,RandomSampler,0.016945555236092667,[]
11,EMNIST,RandomSampler,0.06480869665940504,[]
11,EMNIST,RandomSampler,0.023284310416977406,[]
11,EMNIST,RandomSampler,0.0035218399057343214,[]
11,EMNIST,RandomSampler,0.01989177048074744,[]
11,EMNIST,RandomSampler,0.008674643734299154,[]
11,EMNIST,RandomSampler,0.027178678465182238,[]
11,EMNIST,RandomSampler,0.008674643734299154,[]
11,EMNIST,RandomSampler,0.002406525116404218,[]
11,EMNIST,RandomSampler,0.04905569391040577,[]
11,EMNIST,RandomSampler,0.027178678465182238,[]
11,EMNIST,RandomSampler,0.016945555236092667,[]
11,EMNIST,RandomSampler,0.014394868112024752,[]
11,EMNIST,RandomSampler,0.023284310416977406,[]
11,EMNIST,RandomSampler,0.06480869665940504,[]
11,EMNIST,RandomSampler,0.008674643734299154,[]
11,EMNIST,RandomSampler,0.023284310416977406,[]
11,EMNIST,RandomSampler,0.014394868112024752,[]
11,EMNIST,RandomSampler,0.04905569391040577,[]
11,EMNIST,RandomSampler,0.016945555236092667,[]
11,EMNIST,RandomSampler,0.05646337471956078,[]
11,EMNIST,RandomSampler,0.027178678465182238,[]
11,EMNIST,RandomSampler,0.09637896863675012,[]
11,EMNIST,RandomSampler,0.014394868112024752,[]
11,EMNIST,RandomSampler,0.008674643734299154,[]
11,EMNIST,RandomSampler,0.016945555236092667,[]
11,EMNIST,RandomSampler,0.016945555236092667,[]
11,EMNIST,RandomSampler,0.016945555236092667,[]
11,EMNIST,RandomSampler,0.03163522545032927,[]
11,EMNIST,RandomSampler,0.04905569391040577,[]
11,EMNIST,RandomSampler,0.04250099557831127,[]
11,EMNIST,RandomSampler,0.01989177048074744,[]
11,EMNIST,RandomSampler,0.12383608263666965,[]
11,EMNIST,RandomSampler,0.0007157538630616762,[]
11,EMNIST,RandomSampler,0.023284310416977406,[]
11,EMNIST,RandomSampler,0.03163522545032927,[]
11,EMNIST,RandomSampler,0.0004666141462373024,[]
11,EMNIST,RandomSampler,0.13978738073138175,[]
11,EMNIST,RandomSampler,0.05646337471956078,[]
11,EMNIST,RandomSampler,0.04250099557831127,[]
11,EMNIST,RandomSampler,0.014394868112024752,[]
11,EMNIST,RandomSampler,0.005094654101451861,[]
11,EMNIST,RandomSampler,0.0016253586231811982,[]
11,EMNIST,RandomSampler,0.0013299072046171411,[]
11,EMNIST,RandomSampler,0.010299320265984563,[]
11,EMNIST,RandomSampler,0.05646337471956078,[]
11,EMNIST,RandomSampler,0.005094654101451861,[]
11,EMNIST,RandomSampler,0.01989177048074744,[]
11,EMNIST,RandomSampler,0.023284310416977406,[]
11,EMNIST,RandomSampler,0.06480869665940504,[]
11,EMNIST,RandomSampler,0.027178678465182238,[]
11,EMNIST,RandomSampler,0.08467200369584534,[]
11,EMNIST,RandomSampler,0.005094654101451861,[]
11,EMNIST,RandomSampler,0.016945555236092667,[]
11,EMNIST,RandomSampler,0.03671924235633398,[]
11,EMNIST,RandomSampler,0.03163522545032927,[]
11,EMNIST,RandomSampler,0.05646337471956078,[]
11,EMNIST,RandomSampler,0.007285384085566508,[]
11,EMNIST,RandomSampler,0.023284310416977406,[]
11,EMNIST,RandomSampler,0.0035218399057343214,[]
11,EMNIST,RandomSampler,0.04250099557831127,[]
11,EMNIST,RandomSampler,0.04905569391040577,[]
11,EMNIST,RandomSampler,0.06480869665940504,[]
11,EMNIST,RandomSampler,0.008674643734299154,[]
11,EMNIST,RandomSampler,0.012193440103454143,[]
11,EMNIST,RandomSampler,0.05646337471956078,[]
11,EMNIST,RandomSampler,0.03163522545032927,[]
11,EMNIST,RandomSampler,0.014394868112024752,[]
11,EMNIST,RandomSampler,0.027178678465182238,[]
11,EMNIST,RandomSampler,0.0013299072046171411,[]
11,EMNIST,RandomSampler,0.005094654101451861,[]
11,EMNIST,RandomSampler,0.006101096083022006,[]
11,EMNIST,RandomSampler,0.04250099557831127,[]
11,EMNIST,RandomSampler,0.04905569391040577,[]
11,EMNIST,RandomSampler,0.07418062624663692,[]
11,EMNIST,RandomSampler,0.014394868112024752,[]
11,EMNIST,RandomSampler,0.03163522545032927,[]
11,EMNIST,RandomSampler,0.006101096083022006,[]
11,EMNIST,RandomSampler,0.03671924235633398,[]
11,EMNIST,RandomSampler,0.027178678465182238,[]
11,EMNIST,RandomSampler,0.01989177048074744,[]
11,EMNIST,RandomSampler,0.004241990803885136,[]
11,EMNIST,RandomSampler,0.01989177048074744,[]
11,EMNIST,RandomSampler,0.027178678465182238,[]
11,EMNIST,RandomSampler,0.04905569391040577,[]
11,EMNIST,RandomSampler,0.027178678465182238,[]
11,EMNIST,RandomSampler,0.002915486165864586,[]
11,EMNIST,RandomSampler,0.04905569391040577,[]
11,EMNIST,RandomSampler,0.027178678465182238,[]
11,EMNIST,RandomSampler,0.008674643734299154,[]
11,EMNIST,RandomSampler,0.05646337471956078,[]
11,EMNIST,RandomSampler,0.06480869665940504,[]
11,EMNIST,RandomSampler,0.06480869665940504,[]
11,EMNIST,RandomSampler,0.005094654101451861,[]
11,EMNIST,RandomSampler,0.01989177048074744,[]
11,EMNIST,RandomSampler,0.01989177048074744,[]
11,EMNIST,RandomSampler,0.06480869665940504,[]
11,EMNIST,RandomSampler,0.002915486165864586,[]
11,EMNIST,RandomSampler,0.023284310416977406,[]
11,EMNIST,RandomSampler,0.03163522545032927,[]
11,EMNIST,RandomSampler,0.04250099557831127,[]
11,EMNIST,RandomSampler,0.006101096083022006,[]
11,EMNIST,RandomSampler,0.010299320265984563,[]
11,EMNIST,RandomSampler,0.004241990803885136,[]
11,EMNIST,RandomSampler,0.012193440103454143,[]
11,EMNIST,RandomSampler,0.004241990803885136,[]
11,EMNIST,RandomSampler,0.014394868112024752,[]
11,EMNIST,RandomSampler,0.014394868112024752,[]
11,EMNIST,RandomSampler,0.09637896863675012,[]
11,EMNIST,RandomSampler,0.12383608263666965,[]
11,EMNIST,RandomSampler,0.03163522545032927,[]
11,EMNIST,RandomSampler,0.010299320265984563,[]
11,EMNIST,RandomSampler,0.07418062624663692,[]
11,EMNIST,RandomSampler,0.006101096083022006,[]
11,EMNIST,RandomSampler,0.03671924235633398,[]
11,EMNIST,RandomSampler,0.01989177048074744,[]
11,EMNIST,RandomSampler,0.023284310416977406,[]
11,EMNIST,RandomSampler,0.06480869665940504,[]
11,EMNIST,RandomSampler,0.008674643734299154,[]
11,EMNIST,RandomSampler,0.03163522545032927,[]
11,EMNIST,RandomSampler,0.05646337471956078,[]
11,EMNIST,RandomSampler,0.002915486165864586,[]
11,EMNIST,RandomSampler,0.004241990803885136,[]
11,EMNIST,RandomSampler,0.012193440103454143,[]
11,EMNIST,RandomSampler,0.03671924235633398,[]
11,EMNIST,RandomSampler,0.04250099557831127,[]
11,EMNIST,RandomSampler,0.10940021891762532,[]
11,EMNIST,RandomSampler,0.04905569391040577,[]
11,EMNIST,RandomSampler,0.023284310416977406,[]
11,EMNIST,RandomSampler,0.05646337471956078,[]
11,EMNIST,RandomSampler,0.07418062624663692,[]
11,EMNIST,RandomSampler,0.016945555236092667,[]
11,EMNIST,RandomSampler,0.005094654101451861,[]
11,EMNIST,RandomSampler,0.023284310416977406,[]
11,EMNIST,RandomSampler,0.04250099557831127,[]
11,EMNIST,RandomSampler,0.006101096083022006,[]
11,EMNIST,RandomSampler,0.01989177048074744,[]
11,EMNIST,RandomSampler,0.0008825360043522921,[]
11,EMNIST,RandomSampler,0.027178678465182238,[]
11,EMNIST,RandomSampler,0.023284310416977406,[]
11,EMNIST,RandomSampler,0.03671924235633398,[]
11,EMNIST,RandomSampler,0.04250099557831127,[]
11,EMNIST,RandomSampler,0.01989177048074744,[]
11,EMNIST,RandomSampler,0.08467200369584534,[]
11,EMNIST,RandomSampler,0.014394868112024752,[]
11,EMNIST,RandomSampler,0.09637896863675012,[]
11,EMNIST,RandomSampler,0.03671924235633398,[]
11,EMNIST,RandomSampler,0.07418062624663692,[]
